  0.0000000000000000E+00   0.9905999755859375E+02   0.6624000000000000E+09   0.5325999964160000E+12   0.8725000320000000E+09   0.2240000000000000E+09   0.8119999886314701E+17   0.1696999990204826E+17
  0.2500000000000000E+00   0.9965310548593202E+02   0.6714931077883754E+09   0.5377001888826661E+12   0.9432921902436748E+09   0.1532078417563253E+09   0.8119999886314701E+17   0.1696999990204826E+17
  0.5000000000000000E+00   0.1005755643679666E+03   0.6776441975785713E+09   0.5427271702248807E+12   0.9425254936932588E+09   0.1539745383067411E+09   0.8119999886314701E+17   0.1696999990204826E+17
  0.7500000000000000E+00   0.1014576776349504E+03   0.6835613102688879E+09   0.5477041579931914E+12   0.9417147290545624E+09   0.1547853029454375E+09   0.8119999886314701E+17   0.1696999990204826E+17
  0.1000000000000000E+01   0.1022604003140873E+03   0.6890269031971726E+09   0.5526265688953447E+12   0.9408647762836804E+09   0.1556352557163198E+09   0.8119999886314701E+17   0.1696999990204826E+17
  0.1250000000000000E+01   0.1029277341013031E+03   0.6937286022953653E+09   0.5574853928175210E+12   0.9399339218797417E+09   0.1565661101202585E+09   0.8119999886314701E+17   0.1696999990204826E+17
  0.1500000000000000E+01   0.1033864117796740E+03   0.6972567356257651E+09   0.5622658420836254E+12   0.9388679527932312E+09   0.1576320792067687E+09   0.8119999886314701E+17   0.1696999990204826E+17
  0.1750000000000000E+01   0.1035462407155203E+03   0.6991053138603565E+09   0.5669461455413582E+12   0.9375995830528743E+09   0.1589004489471254E+09   0.8119999886314701E+17   0.1696999990204826E+17
  0.2000000000000000E+01   0.1033014785441371E+03   0.6986781983511575E+09   0.5714966088124940E+12   0.9360474560198145E+09   0.1604525759801854E+09   0.8119999886314701E+17   0.1696999990204826E+17
  0.2250000000000000E+01   0.1025336814249329E+03   0.6953026969032885E+09   0.5758790912776450E+12   0.9341145329779183E+09   0.1623854990220818E+09   0.8119999886314701E+17   0.1696999990204826E+17
  0.2500000000000000E+01   0.1011164933711853E+03   0.6882530006867310E+09   0.5800470902211388E+12   0.9316856135261518E+09   0.1648144184738487E+09   0.8119999886314701E+17   0.1696999990204826E+17
  0.2750000000000000E+01   0.9892279904680231E+02   0.6767856913777076E+09   0.5839466483128114E+12   0.9286236579399503E+09   0.1678763740600501E+09   0.8119999886314701E+17   0.1696999990204826E+17
  0.3000000000000000E+01   0.9583450423207152E+02   0.6601888189440196E+09   0.5875182989926874E+12   0.9247644763631517E+09   0.1717355556368487E+09   0.8119999886314701E+17   0.1696999990204826E+17
  0.3250000000000000E+01   0.9175490222751010E+02   0.6378445991038051E+09   0.5907002179678262E+12   0.9199091992065034E+09   0.1765908327934972E+09   0.8119999886314701E+17   0.1696999990204826E+17
  0.3500000000000000E+01   0.8662311176607058E+02   0.6093035067138052E+09   0.5934326414932493E+12   0.9138137267809227E+09   0.1826863052190780E+09   0.8119999886314701E+17   0.1696999990204826E+17
  0.3750000000000000E+01   0.8042944916185417E+02   0.5743645214317909E+09   0.5956634322511445E+12   0.9061740473998438E+09   0.1903259846001571E+09   0.8119999886314701E+17   0.1696999990204826E+17
  0.4000000000000000E+01   0.7322989624957673E+02   0.5331528593532556E+09   0.5973544225059298E+12   0.8966058808082775E+09   0.1998941511917236E+09   0.8119999886314701E+17   0.1696999990204826E+17
  0.4250000000000000E+01   0.6515718431844091E+02   0.4861833720832275E+09   0.5984878651213706E+12   0.8846165205282160E+09   0.2118835114717851E+09   0.8119999886314701E+17   0.1696999990204826E+17
  0.4500000000000000E+01   0.5642562727662482E+02   0.4343958690887824E+09   0.5990720287455366E+12   0.8695660173632257E+09   0.2269340146367756E+09   0.8119999886314701E+17   0.1696999990204826E+17
  0.4750000000000000E+01   0.4732691577408369E+02   0.3791489634100904E+09   0.5991447680188103E+12   0.8506140757681540E+09   0.2458859562318470E+09   0.8119999886314701E+17   0.1696999990204826E+17
  0.5000000000000000E+01   0.3821478874187403E+02   0.3221624457940530E+09   0.5987738923304852E+12   0.8266486380545859E+09   0.2698513939454151E+09   0.8119999886314701E+17   0.1696999990204826E+17
  0.5250000000000000E+01   0.2947786811778020E+02   0.2654048103844167E+09   0.5980534519151338E+12   0.7961933297810943E+09   0.3003067022189061E+09   0.8119999886314701E+17   0.1696999990204826E+17
  0.5500000000000000E+01   0.2150185724750746E+02   0.2109316841063061E+09   0.5970957192227760E+12   0.7572969879381589E+09   0.3392030440618415E+09   0.8119999886314701E+17   0.1696999990204826E+17
  0.5750000000000000E+01   0.1462452125216520E+02   0.1606911343532652E+09   0.5960196226508878E+12   0.7074275098598439E+09   0.3890725221401565E+09   0.8119999886314701E+17   0.1696999990204826E+17
  0.6000000000000000E+01   0.9089119775004116E+01   0.1163215453531975E+09   0.5949374970163859E+12   0.6434430910255486E+09   0.4530569409744517E+09   0.8119999886314701E+17   0.1696999990204826E+17
  0.6250000000000000E+01   0.5004029686208339E+01   0.7897576343554533E+08   0.5939428974004760E+12   0.5618353780794291E+09   0.5346646539205712E+09   0.8119999886314701E+17   0.1696999990204826E+17
  0.6500000000000000E+01   0.2317945671997000E+01   0.4921074802310033E+08   0.5931024284519933E+12   0.4596912194982936E+09   0.6368088125017070E+09   0.8119999886314701E+17   0.1696999990204826E+17
  0.6750000000000000E+01   0.8207950698228330E+00   0.2698361747150465E+08   0.5924536213160198E+12   0.3372133372983423E+09   0.7592866947016581E+09   0.8119999886314701E+17   0.1696999990204826E+17
  0.7000000000000000E+01   0.1793652308524340E+00   0.1178850645290660E+08   0.5920084546131946E+12   0.2027917246496707E+09   0.8937083073503296E+09   0.8119999886314701E+17   0.1696999990204826E+17
  0.7250000000000000E+01   0.1224455996034712E-01   0.2945035976043690E+07   0.5917578963644989E+12   0.7991668896158360E+08   0.1016583343038417E+10   0.8119999886314701E+17   0.1696999990204826E+17
  0.7500000000000000E+01  -0.2089399051619975E-11  -0.2841658369717316E+03   0.5916681937269281E+12   0.8985214307856418E+07   0.1087514817692144E+10   0.8119999886314701E+17   0.1696999990204826E+17
  0.7750000000000000E+01  -0.6764352765843914E-91  -0.1036498881850146E-07   0.5916594107631117E+12   0.2025294596352965E+06   0.1096297502540365E+10   0.8119999886314701E+17   0.1696999990204826E+17
  0.8000000000000000E+01  -0.4108010353245507-157   0.1301655717741424E-16   0.5916592144840775E+12   0.6250425477153121E+04   0.1096493781574523E+10   0.8119999886314701E+17   0.1696999990204826E+17
  0.8250000000000000E+01  -0.2496879374186075-223  -0.1635839062566533E-25   0.5916592084264412E+12   0.1927893145309444E+03   0.1096499839210685E+10   0.8119999886314701E+17   0.1696999990204826E+17
  0.8500000000000000E+01  -0.1556737124160161-289   0.2106855230569773E-34   0.5916592082394863E+12   0.5834287476512451E+01   0.1096500026165712E+10   0.8119999886314701E+17   0.1696999990204826E+17
  0.8750000000000000E+01   0.3776618528250301-316  -0.3152134412160804E-43   0.5916592082338091E+12   0.1569422532659559E+00   0.1096500031843058E+10   0.8119999886314701E+17   0.1696999990204826E+17
  0.9000000000000000E+01   0.3776618528250301-316   0.4716010481308408E-52   0.5916592082336564E+12   0.4221744464860158E-02   0.1096500031995778E+10   0.8119999886314701E+17   0.1696999990204826E+17
  0.9250000000000000E+01   0.3776618528250301-316  -0.7055776166734698E-61   0.5916592082336522E+12   0.1135648683237491E-03   0.1096500031999887E+10   0.8119999886314701E+17   0.1696999990204826E+17
  0.9500000000000000E+01   0.3776618528250301-316   0.1055637546022604E-69   0.5916592082336521E+12   0.3054893403601053E-05   0.1096500031999997E+10   0.8119999886314701E+17   0.1696999990204826E+17
  0.9750000000000000E+01   0.3776618528250301-316  -0.1579373554714579E-78   0.5916592082336521E+12   0.8217659074600986E-07   0.1096500032000000E+10   0.8119999886314701E+17   0.1696999990204826E+17
  0.1000000000000000E+02   0.3776618528250301-316   0.2362951976016925E-87   0.5916592082336521E+12   0.2210549166356146E-08   0.1096500032000000E+10   0.8119999886314701E+17   0.1696999990204826E+17
  0.1025000000000000E+02   0.3776618528250301-316  -0.3535289054508282E-96   0.5916592082336521E+12   0.5946374232025586E-10   0.1096500032000000E+10   0.8119999886314701E+17   0.1696999990204826E+17
  0.1050000000000000E+02   0.3776618528250301-316   0.5289260562964799-105   0.5916592082336521E+12   0.1599573854563206E-11   0.1096500032000000E+10   0.8119999886314701E+17   0.1696999990204826E+17
  0.1075000000000000E+02   0.3776618528250301-316  -0.7913434197766288-114   0.5916592082336521E+12   0.4302851479515130E-13   0.1096500032000000E+10   0.8119999886314701E+17   0.1696999990204826E+17
  0.1100000000000000E+02   0.3776618528250301-316   0.1183954544437780-122   0.5916592082336521E+12   0.1157466459078958E-14   0.1096500032000000E+10   0.8119999886314701E+17   0.1696999990204826E+17
  0.1125000000000000E+02   0.3776618528250301-316  -0.1771352775878945-131   0.5916592082336521E+12   0.3113583190753661E-16   0.1096500032000000E+10   0.8119999886314701E+17   0.1696999990204826E+17
  0.1150000000000000E+02   0.3776618528250301-316   0.2650178312465556-140   0.5916592082336521E+12   0.8375534521715602E-18   0.1096500032000000E+10   0.8119999886314701E+17   0.1696999990204826E+17
  0.1175000000000000E+02   0.3776618528250301-316  -0.3965017687895490-149   0.5916592082336521E+12   0.2253017640022323E-19   0.1096500032000000E+10   0.8119999886314701E+17   0.1696999990204826E+17
  0.1200000000000000E+02   0.3776618528250301-316   0.5932191502502314-158   0.5916592082336521E+12   0.6060614368063036E-21   0.1096500032000000E+10   0.8119999886314701E+17   0.1696999990204826E+17
  0.1225000000000000E+02   0.3776618528250301-316  -0.8875344019218974-167   0.5916592082336521E+12   0.1630304435521783E-22   0.1096500032000000E+10   0.8119999886314701E+17   0.1696999990204826E+17
  0.1250000000000000E+02   0.3776618528250301-316   0.1327868991185780-175   0.5916592082336521E+12   0.4385516700234232E-24   0.1096500032000000E+10   0.8119999886314701E+17   0.1696999990204826E+17
  0.1275000000000000E+02   0.3776618528250301-316  -0.1986667845138812-184   0.5916592082336521E+12   0.1179703392138405E-25   0.1096500032000000E+10   0.8119999886314701E+17   0.1696999990204826E+17
  0.1300000000000000E+02   0.3776618528250301-316   0.2972318167761397-193   0.5916592082336521E+12   0.3173400510248946E-27   0.1096500032000000E+10   0.8119999886314701E+17   0.1696999990204826E+17
  0.1325000000000000E+02   0.3776618528250301-316  -0.4446981568671425-202   0.5916592082336521E+12   0.8536443029288832E-29   0.1096500032000000E+10   0.8119999886314701E+17   0.1696999990204826E+17
  0.1350000000000000E+02   0.3776618528250301-316   0.6653273289042743-211   0.5916592082336521E+12   0.2296302006536747E-30   0.1096500032000000E+10   0.8119999886314701E+17   0.1696999990204826E+17
  0.1375000000000000E+02   0.3776618528250301-316  -0.9954177856400361-220   0.5916592082336521E+12   0.6177049254745604E-32   0.1096500032000000E+10   0.8119999886314701E+17   0.1696999990204826E+17
  0.1400000000000000E+02   0.3776618528250301-316   0.1489276818976235-228   0.5916592082336521E+12   0.1661625404103510E-33   0.1096500032000000E+10   0.8119999886314701E+17   0.1696999990204826E+17
  0.1425000000000000E+02   0.3776618528250301-316  -0.2228155328884218-237   0.5916592082336521E+12   0.4469770062851577E-35   0.1096500032000000E+10   0.8119999886314701E+17   0.1696999990204826E+17
  0.1450000000000000E+02   0.3776618528250301-316   0.3333615420837595-246   0.5916592082336521E+12   0.1202367535151118E-36   0.1096500032000000E+10   0.8119999886314701E+17   0.1696999990204826E+17
  0.1475000000000000E+02   0.3776618528250301-316  -0.4987530101687846-255   0.5916592082336521E+12   0.3234367023933823E-38   0.1096500032000000E+10   0.8119999886314701E+17   0.1696999990204826E+17
  0.1500000000000000E+02   0.3776618528250301-316   0.7462005473022503-264   0.5916592082336521E+12   0.8700442867659210E-40   0.1096500032000000E+10   0.8119999886314701E+17   0.1696999990204826E+17
  0.1525000000000000E+02   0.3776618528250301-316  -0.1116414829467883-272   0.5916592082336521E+12   0.2340417940612508E-41   0.1096500032000000E+10   0.8119999886314701E+17   0.1696999990204826E+17
  0.1550000000000000E+02   0.3776618528250301-316   0.1670304418781072-281   0.5916592082336521E+12   0.6295721057030038E-43   0.1096500032000000E+10   0.8119999886314701E+17   0.1696999990204826E+17
  0.1575000000000000E+02   0.3776618528250301-316  -0.2498996589582509-290   0.5916592082336521E+12   0.1693548102675982E-44   0.1096500032000000E+10   0.8119999886314701E+17   0.1696999990204826E+17
  0.1600000000000000E+02   0.3776618528250301-316   0.3738829796048794-299   0.5916592082336521E+12   0.4555642078320458E-46   0.1096500032000000E+10   0.8119999886314701E+17   0.1696999990204826E+17
  0.1625000000000000E+02   0.3776618528250301-316  -0.1900124840910612-307   0.5916592082336521E+12   0.1225467095559357E-47   0.1096500032000000E+10   0.8119999886314701E+17   0.1696999990204826E+17
  0.1650000000000000E+02   0.3776618528250301-316  -0.1602454334283167-307   0.5916592082336521E+12   0.3296504809816728E-49   0.1096500032000000E+10   0.8119999886314701E+17   0.1696999990204826E+17
  0.1675000000000000E+02   0.1224258841860346E-01   0.2938649252457849E+07   0.5916625977892090E+12   0.2836186199894707E+08   0.1068138170001053E+10   0.8119999886314701E+17   0.1696999990204826E+17
  0.1700000000000000E+02   0.1792456550505327E+00   0.1178185187051351E+08   0.5916137823772797E+12   0.1325325933864531E+09   0.9639674386135468E+09   0.8119999886314701E+17   0.1696999990204826E+17
  0.1725000000000000E+02   0.8193254883527009E+00   0.2694356051129536E+08   0.5913928683703433E+12   0.2755876501403338E+09   0.8209123818596662E+09   0.8119999886314701E+17   0.1696999990204826E+17
  0.1750000000000000E+02   0.2309442752014168E+01   0.4903540672275736E+08   0.5909267297109088E+12   0.4153667985838508E+09   0.6811332334161493E+09   0.8119999886314701E+17   0.1696999990204826E+17
  0.1775000000000000E+02   0.4972565703868068E+01   0.7847313843049669E+08   0.5902082982728500E+12   0.5328235807627883E+09   0.5636764512372116E+09   0.8119999886314701E+17   0.1696999990204826E+17
  0.1800000000000000E+02   0.9002715661800039E+01   0.1151965374904316E+09   0.5892817532360284E+12   0.6253964934910220E+09   0.4711035385089776E+09   0.8119999886314701E+17   0.1696999990204826E+17
  0.1825000000000000E+02   0.1443335968961101E+02   0.1585613945243708E+09   0.5882287653916414E+12   0.6966798575330272E+09   0.3998201744669724E+09   0.8119999886314701E+17   0.1696999990204826E+17
  0.1850000000000000E+02   0.2114401567894330E+02   0.2073880268502237E+09   0.5871585098418923E+12   0.7512883797161185E+09   0.3452116522838811E+09   0.8119999886314701E+17   0.1696999990204826E+17
  0.1875000000000000E+02   0.2889345455440936E+02   0.2601131257095615E+09   0.5861965897599868E+12   0.7932219269444584E+09   0.3032781050555413E+09   0.8119999886314701E+17   0.1696999990204826E+17
  0.1900000000000000E+02   0.3736582867898103E+02   0.3149856218468347E+09   0.5854716727749572E+12   0.8255799490788964E+09   0.2709200829211035E+09   0.8119999886314701E+17   0.1696999990204826E+17
  0.1925000000000000E+02   0.4621765389648058E+02   0.3702569149091225E+09   0.5851016662982804E+12   0.8506723793338002E+09   0.2458276526661998E+09   0.8119999886314701E+17   0.1696999990204826E+17
  0.1950000000000000E+02   0.5511735967866370E+02   0.4243333682475973E+09   0.5851819544932415E+12   0.8702023360379361E+09   0.2262976959620637E+09   0.8119999886314701E+17   0.1696999990204826E+17
  0.1975000000000000E+02   0.6377343505322678E+02   0.4758775969461258E+09   0.5857775667108771E+12   0.8854281817015676E+09   0.2110718502984322E+09   0.8119999886314701E+17   0.1696999990204826E+17
  0.2000000000000000E+02   0.7195075501164573E+02   0.5238596547791499E+09   0.5869200232955043E+12   0.8972876716255667E+09   0.1992123603744329E+09   0.8119999886314701E+17   0.1696999990204826E+17
  0.2025000000000000E+02   0.7947687571433727E+02   0.5675676077876936E+09   0.5886085530254176E+12   0.9064881281307017E+09   0.1900119038692978E+09   0.8119999886314701E+17   0.1696999990204826E+17
  0.2050000000000000E+02   0.8624097142266513E+02   0.6065896987167050E+09   0.5908146651068751E+12   0.9135706405136551E+09   0.1829293914863444E+09   0.8119999886314701E+17   0.1696999990204826E+17
  0.2075000000000000E+02   0.9218804635083455E+02   0.6407793103717463E+09   0.5934887508444174E+12   0.9189555169138563E+09   0.1775445150861435E+09   0.8119999886314701E+17   0.1696999990204826E+17
  0.2100000000000000E+02   0.9731055582289756E+02   0.6702113235273873E+09   0.5965674211959880E+12   0.9229744903774575E+09   0.1735255416225425E+09   0.8119999886314701E+17   0.1696999990204826E+17
  0.2125000000000000E+02   0.1016389669476076E+03   0.6951357231039132E+09   0.5999805352359281E+12   0.9258936115839376E+09   0.1706064204160627E+09   0.8119999886314701E+17   0.1696999990204826E+17
  0.2150000000000000E+02   0.1052322682190847E+03   0.7159321427967675E+09   0.6036572168832394E+12   0.9279295674712934E+09   0.1685704645287069E+09   0.8119999886314701E+17   0.1696999990204826E+17
  0.2175000000000000E+02   0.1081690556072081E+03   0.7330675769786097E+09   0.6075304971646393E+12   0.9292613187813783E+09   0.1672387132186222E+09   0.8119999886314701E+17   0.1696999990204826E+17
  0.2200000000000000E+02   0.1105395623759673E+03   0.7470585634385297E+09   0.6115404979864020E+12   0.9300383682107232E+09   0.1664616637892774E+09   0.8119999886314701E+17   0.1696999990204826E+17
  0.2225000000000000E+02   0.1124388217978404E+03   0.7584385294544709E+09   0.6156362675082791E+12   0.9303865777921817E+09   0.1661134542078188E+09   0.8119999886314701E+17   0.1696999990204826E+17
  0.2250000000000000E+02   0.1139610228907647E+03   0.7677305345502197E+09   0.6197764870208101E+12   0.9304121903289741E+09   0.1660878416710263E+09   0.8119999886314701E+17   0.1696999990204826E+17
  0.2275000000000000E+02   0.1151950209554444E+03   0.7754252616748128E+09   0.6239293107917047E+12   0.9302045326080137E+09   0.1662954993919867E+09   0.8119999886314701E+17   0.1696999990204826E+17
  0.2300000000000000E+02   0.1162208902277218E+03   0.7819637901703073E+09   0.6280715929083982E+12   0.9298377581930504E+09   0.1666622738069502E+09   0.8119999886314701E+17   0.1696999990204826E+17
  0.2325000000000000E+02   0.1171073549105347E+03   0.7877244449996072E+09   0.6321877194618186E+12   0.9293719043484640E+09   0.1671281276515364E+09   0.8119999886314701E+17   0.1696999990204826E+17
  0.2350000000000000E+02   0.1179099075233609E+03   0.7930128733707256E+09   0.6362682155671769E+12   0.9288534772373209E+09   0.1676465547626799E+09   0.8119999886314701E+17   0.1696999990204826E+17
  0.2375000000000000E+02   0.1186694193070822E+03   0.7980544602973405E+09   0.6403082467941147E+12   0.9283157324875398E+09   0.1681842995124613E+09   0.8119999886314701E+17   0.1696999990204826E+17
  0.2400000000000000E+02   0.1194110639933767E+03   0.8029882544193597E+09   0.6443060900961163E+12   0.9277787784719685E+09   0.1687212535280324E+09   0.8119999886314701E+17   0.1696999990204826E+17
  0.2425000000000000E+02   0.1201434106796978E+03   0.8078617249128804E+09   0.6482616146815627E+12   0.9272495932553766E+09   0.1692504387446243E+09   0.8119999886314701E+17   0.1696999990204826E+17
  0.2450000000000000E+02   0.1208575908885415E+03   0.8126258972668406E+09   0.6521747894759913E+12   0.9267220110565481E+09   0.1697780209434524E+09   0.8119999886314701E+17   0.1696999990204826E+17
  0.2475000000000000E+02   0.1215265072116440E+03   0.8171307118273280E+09   0.6560442220074712E+12   0.9261766990442384E+09   0.1703233329557624E+09   0.8119999886314701E+17   0.1696999990204826E+17
  0.2500000000000000E+02   0.1221041249063119E+03   0.8211208078135620E+09   0.6598657329135927E+12   0.9255811101226786E+09   0.1709189218773221E+09   0.8119999886314701E+17   0.1696999990204826E+17
  0.2525000000000000E+02   0.1225249725220851E+03   0.8242323526290319E+09   0.6636309808240002E+12   0.9248893618657824E+09   0.1716106701342182E+09   0.8119999886314701E+17   0.1696999990204826E+17
  0.2550000000000000E+02   0.1227040712314545E+03   0.8259920027759018E+09   0.6673261737978942E+12   0.9240419557140926E+09   0.1724580762859082E+09   0.8119999886314701E+17   0.1696999990204826E+17
  0.2575000000000000E+02   0.1225376103284019E+03   0.8258195757415799E+09   0.6709309341642241E+12   0.9229652132286727E+09   0.1735348187713280E+09   0.8119999886314701E+17   0.1696999990204826E+17
  0.2600000000000000E+02   0.1219047790503062E+03   0.8230364873813225E+09   0.6744174221276376E+12   0.9215702658260863E+09   0.1749297661739144E+09   0.8119999886314701E+17   0.1696999990204826E+17
  0.2625000000000000E+02   0.1206712358340693E+03   0.8168823860131532E+09   0.6777498653492899E+12   0.9197513879593451E+09   0.1767486440406556E+09   0.8119999886314701E+17   0.1696999990204826E+17
  0.2650000000000000E+02   0.1186947200094070E+03   0.8065425698763559E+09   0.6808846803828643E+12   0.9173834061976391E+09   0.1791166258023616E+09   0.8119999886314701E+17   0.1696999990204826E+17
  0.2675000000000000E+02   0.1158332535102500E+03   0.7911885417798927E+09   0.6837713970126583E+12   0.9143178408410057E+09   0.1821821911589951E+09   0.8119999886314701E+17   0.1696999990204826E+17
  0.2700000000000000E+02   0.1119562016499118E+03   0.7700332384434620E+09   0.6863545944643668E+12   0.9103773323795198E+09   0.1861226996204813E+09   0.8119999886314701E+17   0.1696999990204826E+17
  0.2725000000000000E+02   0.1069581252379610E+03   0.7424008879445647E+09   0.6885770122237698E+12   0.9053477586377558E+09   0.1911522733622453E+09   0.8119999886314701E+17   0.1696999990204826E+17
  0.2750000000000000E+02   0.1007748417282979E+03   0.7078089960418729E+09   0.6903838920697058E+12   0.8989672424861859E+09   0.1975327895138147E+09   0.8119999886314701E+17   0.1696999990204826E+17
  0.2775000000000000E+02   0.9340043805540030E+02   0.6660567177664474E+09   0.6917284301081884E+12   0.8909109644984437E+09   0.2055890675015567E+09   0.8119999886314701E+17   0.1696999990204826E+17
  0.2800000000000000E+02   0.8490321761251843E+02   0.6173101936387376E+09   0.6925779703630165E+12   0.8807703120057578E+09   0.2157297199942428E+09   0.8119999886314701E+17   0.1696999990204826E+17
  0.2825000000000000E+02   0.7543786297985457E+02   0.5621720183727199E+09   0.6929202766681576E+12   0.8680244137229414E+09   0.2284756182770592E+09   0.8119999886314701E+17   0.1696999990204826E+17
  0.2850000000000000E+02   0.6525066010250525E+02   0.5017198655167552E+09   0.6927689303099999E+12   0.8520015799355623E+09   0.2444984520644384E+09   0.8119999886314701E+17   0.1696999990204826E+17
  0.2875000000000000E+02   0.5467468551504591E+02   0.4374995218501267E+09   0.6921666997187625E+12   0.8318277937953142E+09   0.2646722382046864E+09   0.8119999886314701E+17   0.1696999990204826E+17
  0.2900000000000000E+02   0.4411258738147030E+02   0.3714610671694999E+09   0.6911857226036637E+12   0.8063597611280285E+09   0.2901402708719723E+09   0.8119999886314701E+17   0.1696999990204826E+17
  0.2925000000000000E+02   0.3400605583125305E+02   0.3058339226033800E+09   0.6899236341155977E+12   0.7741026248150129E+09   0.3223974071849883E+09   0.8119999886314701E+17   0.1696999990204826E+17
  0.2950000000000000E+02   0.2479318100111795E+02   0.2429463774273468E+09   0.6884954254396487E+12   0.7331209178588502E+09   0.3633791141411511E+09   0.8119999886314701E+17   0.1696999990204826E+17
  0.2975000000000000E+02   0.1685740747843359E+02   0.1850066296698450E+09   0.6870217812051273E+12   0.6809739704347131E+09   0.4155260615652879E+09   0.8119999886314701E+17   0.1696999990204826E+17
  0.3000000000000000E+02   0.1047443093067071E+02   0.1338736986545821E+09   0.6856157268847162E+12   0.6147613218194841E+09   0.4817387101805173E+09   0.8119999886314701E+17   0.1696999990204826E+17
  0.3025000000000000E+02   0.5765878654905591E+01   0.9085638130196378E+08   0.6843702625385094E+12   0.5314813315608698E+09   0.5650187004391315E+09   0.8119999886314701E+17   0.1696999990204826E+17
  0.3050000000000000E+02   0.2670642828976139E+01   0.5658550722678292E+08   0.6833498033664956E+12   0.4291232854199699E+09   0.6673767465800315E+09   0.8119999886314701E+17   0.1696999990204826E+17
  0.3075000000000000E+02   0.9456658929265831E+00   0.3100693965713148E+08   0.6825872296113142E+12   0.3091863187623347E+09   0.7873137132376667E+09   0.8119999886314701E+17   0.1696999990204826E+17
  0.3100000000000000E+02   0.2066562608501293E+00   0.1353493143539876E+08   0.6820858303044742E+12   0.1812195009674866E+09   0.9152805310325146E+09   0.8119999886314701E+17   0.1696999990204826E+17
  0.3125000000000000E+02   0.1410811576038337E-01   0.3378392031267276E+07   0.6818215079609562E+12   0.6815730365594536E+08   0.1028342728344056E+10   0.8119999886314701E+17   0.1696999990204826E+17
  0.3150000000000000E+02  -0.1461999157876311E-11  -0.3256903515505962E+03   0.6817374997189818E+12   0.6130588419985204E+07   0.1090369443580016E+10   0.8119999886314701E+17   0.1696999990204826E+17
  0.3175000000000000E+02  -0.9318309811002482E-92  -0.3088061537361929E-08   0.6817314470079039E+12   0.7819699442312395E+05   0.1096421835005579E+10   0.8119999886314701E+17   0.1696999990204826E+17
  0.3200000000000000E+02  -0.5060665528187230-158   0.3480457437874857E-17   0.6817313702008999E+12   0.1389990162561988E+04   0.1096498642009839E+10   0.8119999886314701E+17   0.1696999990204826E+17
  0.3225000000000000E+02  -0.2753413282885055-224  -0.3929559766680812E-26   0.6817313688355483E+12   0.2463869927228018E+02   0.1096500007361303E+10   0.8119999886314701E+17   0.1696999990204826E+17
  0.3250000000000000E+02  -0.1698062808016120-290   0.5007377411289830E-35   0.6817313688112643E+12   0.3545089073987515E+00   0.1096500031645493E+10   0.8119999886314701E+17   0.1696999990204826E+17
  0.3275000000000000E+02  -0.1208129976837406-313  -0.7490417001487122E-44   0.6817313688109135E+12   0.3651672728417530E-02   0.1096500031996350E+10   0.8119999886314701E+17   0.1696999990204826E+17
  0.3300000000000000E+02  -0.1208129976837406-313   0.1120473698044202E-52   0.6817313688109100E+12   0.3761460836997096E-04   0.1096500031999964E+10   0.8119999886314701E+17   0.1696999990204826E+17
  0.3325000000000000E+02  -0.1208129976837406-313  -0.1676090006416726E-61   0.6817313688109100E+12   0.3874549742138104E-06   0.1096500032000001E+10   0.8119999886314701E+17   0.1696999990204826E+17
  0.3350000000000000E+02  -0.1208129976837406-313   0.2507223252552586E-70   0.6817313688109100E+12   0.3991038682802586E-08   0.1096500032000001E+10   0.8119999886314701E+17   0.1696999990204826E+17
  0.3375000000000000E+02  -0.1208129976837406-313  -0.3750495745499630E-79   0.6817313688109100E+12   0.4111029881587432E-10   0.1096500032000001E+10   0.8119999886314701E+17   0.1696999990204826E+17
  0.3400000000000000E+02  -0.1208129976837406-313   0.5610277554138867E-88   0.6817313688109100E+12   0.4234628634427782E-12   0.1096500032000001E+10   0.8119999886314701E+17   0.1696999990204826E+17
  0.3425000000000000E+02  -0.1208129976837406-313  -0.8392281013048159E-97   0.6817313688109100E+12   0.4361943402997461E-14   0.1096500032000001E+10   0.8119999886314701E+17   0.1696999990204826E+17
  0.3450000000000000E+02  -0.1208129976837406-313   0.1255381394633675-105   0.6817313688109100E+12   0.4493085909887365E-16   0.1096500032000001E+10   0.8119999886314701E+17   0.1696999990204826E+17
  0.3475000000000000E+02  -0.1208129976837406-313  -0.1877895227223783-114   0.6817313688109100E+12   0.4628171236645494E-18   0.1096500032000001E+10   0.8119999886314701E+17   0.1696999990204826E+17
  0.3500000000000000E+02  -0.1208129976837406-313   0.2809098891782532-123   0.6817313688109100E+12   0.4767317924764460E-20   0.1096500032000001E+10   0.8119999886314701E+17   0.1696999990204826E+17
  0.3525000000000000E+02  -0.1208129976837406-313  -0.4202064348115781-132   0.6817313688109100E+12   0.4910648079705307E-22   0.1096500032000001E+10   0.8119999886314701E+17   0.1696999990204826E+17
  0.3550000000000000E+02  -0.1208129976837406-313   0.6285768307181644-141   0.6817313688109100E+12   0.5058287478048743E-24   0.1096500032000001E+10   0.8119999886314701E+17   0.1696999990204826E+17
  0.3575000000000000E+02  -0.1208129976837406-313  -0.9402731595313607-150   0.6817313688109100E+12   0.5210365677867958E-26   0.1096500032000001E+10   0.8119999886314701E+17   0.1696999990204826E+17
  0.3600000000000000E+02  -0.1208129976837406-313   0.1406532298565583-158   0.6817313688109100E+12   0.5367016132419764E-28   0.1096500032000001E+10   0.8119999886314701E+17   0.1696999990204826E+17
  0.3625000000000000E+02  -0.1208129976837406-313  -0.2103998276303235-167   0.6817313688109100E+12   0.5528376307253861E-30   0.1096500032000001E+10   0.8119999886314701E+17   0.1696999990204826E+17
  0.3650000000000000E+02  -0.1208129976837406-313   0.3147321075528486-176   0.6817313688109100E+12   0.5694587800843129E-32   0.1096500032000001E+10   0.8119999886314701E+17   0.1696999990204826E+17
  0.3675000000000000E+02  -0.1208129976837406-313  -0.4708002883857002-185   0.6817313688109100E+12   0.5865796468840548E-34   0.1096500032000001E+10   0.8119999886314701E+17   0.1696999990204826E+17
  0.3700000000000000E+02  -0.1208129976837406-313   0.7042589752519597-194   0.6817313688109100E+12   0.6042152552071958E-36   0.1096500032000001E+10   0.8119999886314701E+17   0.1696999990204826E+17
  0.3725000000000000E+02  -0.1208129976837406-313  -0.1053484282950589-202   0.6817313688109100E+12   0.6223810808377041E-38   0.1096500032000001E+10   0.8119999886314701E+17   0.1696999990204826E+17
  0.3750000000000000E+02  -0.1208129976837406-313   0.1575882130613750-211   0.6817313688109100E+12   0.6410930648413988E-40   0.1096500032000001E+10   0.8119999886314701E+17   0.1696999990204826E+17
  0.3775000000000000E+02  -0.1208129976837406-313  -0.2357324669934554-220   0.6817313688109100E+12   0.6603676275547212E-42   0.1096500032000001E+10   0.8119999886314701E+17   0.1696999990204826E+17
  0.3800000000000000E+02  -0.1208129976837406-313   0.3526266014145235-229   0.6817313688109100E+12   0.6802216829940837E-44   0.1096500032000001E+10   0.8119999886314701E+17   0.1696999990204826E+17
  0.3825000000000000E+02  -0.1208129976837406-313  -0.5274857621907867-238   0.6817313688109100E+12   0.7006726536984300E-46   0.1096500032000001E+10   0.8119999886314701E+17   0.1696999990204826E+17
  0.3850000000000000E+02  -0.1208129976837406-313   0.7890534298826600-247   0.6817313688109100E+12   0.7217384860180512E-48   0.1096500032000001E+10   0.8119999886314701E+17   0.1696999990204826E+17
  0.3875000000000000E+02  -0.1208129976837406-313  -0.1180326294730206-255   0.6817313688109100E+12   0.7434376658630466E-50   0.1096500032000001E+10   0.8119999886314701E+17   0.1696999990204826E+17
  0.3900000000000000E+02  -0.1208129976837406-313   0.1765622084981892-264   0.6817313688109100E+12   0.7657892349252838E-52   0.1096500032000001E+10   0.8119999886314701E+17   0.1696999990204826E+17
  0.3925000000000000E+02  -0.1208129976837406-313  -0.2641152163511169-273   0.6817313688109100E+12   0.7888128073880532E-54   0.1096500032000001E+10   0.8119999886314701E+17   0.1696999990204826E+17
  0.3950000000000000E+02  -0.1208129976837406-313   0.3950836824116457-282   0.6817313688109100E+12   0.8125285871381181E-56   0.1096500032000001E+10   0.8119999886314701E+17   0.1696999990204826E+17
  0.3975000000000000E+02  -0.1208129976837406-313  -0.5909963017823143-291   0.6817313688109100E+12   0.8369573854952418E-58   0.1096500032000001E+10   0.8119999886314701E+17   0.1696999990204826E+17
  0.4000000000000000E+02  -0.1208129976837406-313   0.8840573415312133-300   0.6817313688109100E+12   0.8621206394747504E-60   0.1096500032000001E+10   0.8119999886314701E+17   0.1696999990204826E+17
  0.4025000000000000E+02  -0.1208129976837406-313  -0.1304126447085372-307   0.6817313688109100E+12   0.8880404305991741E-62   0.1096500032000001E+10   0.8119999886314701E+17   0.1696999990204826E+17
  0.4050000000000000E+02  -0.1208129976837406-313  -0.1097204691885854-307   0.6817313688109100E+12   0.9147395042754483E-64   0.1096500032000001E+10   0.8119999886314701E+17   0.1696999990204826E+17
  0.4075000000000000E+02   0.1410621137860458E-01   0.3370427644948010E+07   0.6817294535799578E+12   0.2702420133814356E+08   0.1069475830661857E+10   0.8119999886314701E+17   0.1696999990204826E+17
  0.4100000000000000E+02   0.2065234672785773E+00   0.1352014207852616E+08   0.6816475358407634E+12   0.1235507560850881E+09   0.9729492759149122E+09   0.8119999886314701E+17   0.1696999990204826E+17
  0.4125000000000000E+02   0.9439528509073019E+00   0.3094743868714877E+08   0.6813507397718181E+12   0.2566697066913421E+09   0.8398303253086584E+09   0.8119999886314701E+17   0.1696999990204826E+17
  0.4150000000000000E+02   0.2660505286015623E+01   0.5636264268118206E+08   0.6807558318880885E+12   0.3898846587693211E+09   0.7066153732306793E+09   0.8119999886314701E+17   0.1696999990204826E+17
  0.4175000000000000E+02   0.5727765842403299E+01   0.9023655203279024E+08   0.6798464675241646E+12   0.5049969575649468E+09   0.5915030744350537E+09   0.8119999886314701E+17   0.1696999990204826E+17
  0.4200000000000000E+02   0.1036817858316198E+02   0.1324840214799952E+09   0.6786607547555959E+12   0.5979640128568275E+09   0.4985360191431730E+09   0.8119999886314701E+17   0.1696999990204826E+17
  0.4225000000000000E+02   0.1661833465366134E+02   0.1823424924674413E+09   0.6772782488573169E+12   0.6709288135835208E+09   0.4255712184164798E+09   0.8119999886314701E+17   0.1696999990204826E+17
  0.4250000000000000E+02   0.2433634516307486E+02   0.2384279140353570E+09   0.6758091139024203E+12   0.7276340804723078E+09   0.3688659515276930E+09   0.8119999886314701E+17   0.1696999990204826E+17
  0.4275000000000000E+02   0.3324002871154384E+02   0.2989099090200082E+09   0.6743820529983698E+12   0.7716508369861777E+09   0.3248491950138234E+09   0.8119999886314701E+17   0.1696999990204826E+17
  0.4300000000000000E+02   0.4296027343207439E+02   0.3617390741972349E+09   0.6731302335546996E+12   0.8058995083967584E+09   0.2906005236032427E+09   0.8119999886314701E+17   0.1696999990204826E+17
  0.4325000000000000E+02   0.5309570716275766E+02   0.4248693371281396E+09   0.6721769788629425E+12   0.8326351367647061E+09   0.2638648952352949E+09   0.8119999886314701E+17   0.1696999990204826E+17
  0.4350000000000000E+02   0.6325905215905074E+02   0.4864378214774314E+09   0.6716236501345798E+12   0.8535622193777909E+09   0.2429378126222101E+09   0.8119999886314701E+17   0.1696999990204826E+17
  0.4375000000000000E+02   0.7311040298477396E+02   0.5448856851068785E+09   0.6715415323812738E+12   0.8699629902241861E+09   0.2265370417758153E+09   0.8119999886314701E+17   0.1696999990204826E+17
  0.4400000000000000E+02   0.8237672885984098E+02   0.5990201276125143E+09   0.6719684466675665E+12   0.8828056909691324E+09   0.2136943410308686E+09   0.8119999886314701E+17   0.1696999990204826E+17
  0.4425000000000000E+02   0.9085948992177634E+02   0.6480277482829363E+09   0.6729097754636699E+12   0.8928277831121494E+09   0.2036722488878517E+09   0.8119999886314701E+17   0.1696999990204826E+17
  0.4450000000000000E+02   0.9843337964847787E+02   0.6914531121178372E+09   0.6743428816971805E+12   0.9005974671824279E+09   0.1959025648175729E+09   0.8119999886314701E+17   0.1696999990204826E+17
  0.4475000000000000E+02   0.1050392695980698E+03   0.7291557673100886E+09   0.6762235947561006E+12   0.9065584239274428E+09   0.1899416080725578E+09   0.8119999886314701E+17   0.1696999990204826E+17
  0.4500000000000000E+02   0.1106739349522283E+03   0.7612562941542588E+09   0.6784934669363140E+12   0.9110621521398884E+09   0.1854378798601122E+09   0.8119999886314701E+17   0.1696999990204826E+17
  0.4525000000000000E+02   0.1153784716085992E+03   0.7880789051714741E+09   0.6810867516946924E+12   0.9143912987511909E+09   0.1821087332488095E+09   0.8119999886314701E+17   0.1696999990204826E+17
  0.4550000000000000E+02   0.1192267006407416E+03   0.8100955147500300E+09   0.6839363970210992E+12   0.9167764751125276E+09   0.1797235568874726E+09   0.8119999886314701E+17   0.1696999990204826E+17
  0.4575000000000000E+02   0.1223143750704756E+03   0.8278742868164034E+09   0.6869786870874388E+12   0.9184083492858944E+09   0.1780916827141061E+09   0.8119999886314701E+17   0.1696999990204826E+17
  0.4600000000000000E+02   0.1247496558300220E+03   0.8420343528509954E+09   0.6901564441564324E+12   0.9194462907431341E+09   0.1770537412568661E+09   0.8119999886314701E+17   0.1696999990204826E+17
  0.4625000000000000E+02   0.1266450771775442E+03   0.8532074801122345E+09   0.6934208969675620E+12   0.9200244820351108E+09   0.1764755499648895E+09   0.8119999886314701E+17   0.1696999990204826E+17
  0.4650000000000000E+02   0.1281110453631784E+03   0.8620068055442345E+09   0.6967324321267666E+12   0.9202561613031908E+09   0.1762438706968095E+09   0.8119999886314701E+17   0.1696999990204826E+17
  0.4675000000000000E+02   0.1292507875929397E+03   0.8690022492223439E+09   0.7000604866602832E+12   0.9202364869333808E+09   0.1762635450666196E+09   0.8119999886314701E+17   0.1696999990204826E+17
  0.4700000000000000E+02   0.1301565808824976E+03   0.8747018516152949E+09   0.7033828332006688E+12   0.9200443961012388E+09   0.1764556358987616E+09   0.8119999886314701E+17   0.1696999990204826E+17
  0.4725000000000000E+02   0.1309070372378025E+03   0.8795380366792309E+09   0.7066844737417823E+12   0.9197437443974276E+09   0.1767562876025730E+09   0.8119999886314701E+17   0.1696999990204826E+17
  0.4750000000000000E+02   0.1315651993468179E+03   0.8838576877050772E+09   0.7099563097736658E+12   0.9193839512418594E+09   0.1771160807581410E+09   0.8119999886314701E+17   0.1696999990204826E+17
  0.4775000000000000E+02   0.1321772057060368E+03   0.8879149279533361E+09   0.7131937070241803E+12   0.9190003265632014E+09   0.1774997054367990E+09   0.8119999886314701E+17   0.1696999990204826E+17
  0.4800000000000000E+02   0.1327713113369500E+03   0.8918656097534803E+09   0.7163950290868944E+12   0.9186142123133280E+09   0.1778858196866724E+09   0.8119999886314701E+17   0.1696999990204826E+17
  0.4825000000000000E+02   0.1333570955241444E+03   0.8957627172714248E+09   0.7195601797778750E+12   0.9182330340058713E+09   0.1782669979941290E+09   0.8119999886314701E+17   0.1696999990204826E+17
  0.4850000000000000E+02   0.1339247476599570E+03   0.8995521643030107E+09   0.7226891706268163E+12   0.9178503205093802E+09   0.1786497114906203E+09   0.8119999886314701E+17   0.1696999990204826E+17
  0.4875000000000000E+02   0.1344443939412344E+03   0.9030688088342861E+09   0.7257807180977128E+12   0.9174457136478661E+09   0.1790543183521342E+09   0.8119999886314701E+17   0.1696999990204826E+17
  0.4900000000000000E+02   0.1348655099599377E+03   0.9060329042412406E+09   0.7288308745426085E+12   0.9169849524710122E+09   0.1795150795289882E+09   0.8119999886314701E+17   0.1696999990204826E+17
  0.4925000000000000E+02   0.1351165561961188E+03   0.9080476581546832E+09   0.7318317072561290E+12   0.9164197801768421E+09   0.1800802518231581E+09   0.8119999886314701E+17   0.1696999990204826E+17
  0.4950000000000000E+02   0.1351050731590902E+03   0.9085990651441814E+09   0.7347700611252352E+12   0.9156876843609984E+09   0.1808123476390018E+09   0.8119999886314701E+17   0.1696999990204826E+17
  0.4975000000000000E+02   0.1347185755259630E+03   0.9070596947974311E+09   0.7376264706431187E+12   0.9147113427886970E+09   0.1817886892113029E+09   0.8119999886314701E+17   0.1696999990204826E+17
  0.5000000000000000E+02   0.1338266803335453E+03   0.9026986059458991E+09   0.7403743249308389E+12   0.9133976055230119E+09   0.1831024264769880E+09   0.8119999886314701E+17   0.1696999990204826E+17
  0.5025000000000000E+02   0.1322849758301380E+03   0.8946999377091225E+09   0.7429794307973350E+12   0.9116357969145387E+09   0.1848642350854612E+09   0.8119999886314701E+17   0.1696999990204826E+17
  0.5050000000000000E+02   0.1299411586304675E+03   0.8821928713473238E+09   0.7454001567972203E+12   0.9092950629447001E+09   0.1872049690552998E+09   0.8119999886314701E+17   0.1696999990204826E+17
  0.5075000000000000E+02   0.1266439021045385E+03   0.8642953927982352E+09   0.7475883661030411E+12   0.9062204135878825E+09   0.1902796184121173E+09   0.8119999886314701E+17   0.1696999990204826E+17
  0.5100000000000000E+02   0.1222547274254588E+03   0.8401734134950545E+09   0.7494913434604387E+12   0.9022270066655334E+09   0.1942730253344665E+09   0.8119999886314701E+17   0.1696999990204826E+17
  0.5125000000000000E+02   0.1166627925523226E+03   0.8091151398010123E+09   0.7510548757192642E+12   0.8970920764346362E+09   0.1994079555653634E+09   0.8119999886314701E+17   0.1696999990204826E+17
  0.5150000000000000E+02   0.1098019735118686E+03   0.7706180157386751E+09   0.7522275399147744E+12   0.8905437118045838E+09   0.2059563201954162E+09   0.8119999886314701E+17   0.1696999990204826E+17
  0.5175000000000000E+02   0.1016689047872114E+03   0.7244821799292669E+09   0.7529660768637288E+12   0.8822454197659731E+09   0.2142546122340269E+09   0.8119999886314701E+17   0.1696999990204826E+17
  0.5200000000000000E+02   0.9233984856595656E+02   0.6709005418869252E+09   0.7532414829975916E+12   0.8717750597174504E+09   0.2247249722825494E+09   0.8119999886314701E+17   0.1696999990204826E+17
  0.5225000000000000E+02   0.8198352486851233E+02   0.6105320112410867E+09   0.7530451617474788E+12   0.8585963177476357E+09   0.2379037142523640E+09   0.8119999886314701E+17   0.1696999990204826E+17
  0.5250000000000000E+02   0.7086656821973519E+02   0.5445421330204769E+09   0.7523941892006183E+12   0.8420204885572715E+09   0.2544795434427285E+09   0.8119999886314701E+17   0.1696999990204826E+17
  0.5275000000000000E+02   0.5934831847902568E+02   0.4745955423515970E+09   0.7513345502298995E+12   0.8211562021129923E+09   0.2753438298870073E+09   0.8119999886314701E+17   0.1696999990204826E+17
  0.5300000000000000E+02   0.4786239799936888E+02   0.4027881822122527E+09   0.7499411960207189E+12   0.7948455459095861E+09   0.3016544860904136E+09   0.8119999886314701E+17   0.1696999990204826E+17
  0.5325000000000000E+02   0.3688405170695098E+02   0.3315144463495533E+09   0.7483140648976993E+12   0.7615884333163983E+09   0.3349115986836014E+09   0.8119999886314701E+17   0.1696999990204826E+17
  0.5350000000000000E+02   0.2688444754491178E+02   0.2632747706088449E+09   0.7465698525910177E+12   0.7194668373654605E+09   0.3770331946345392E+09   0.8119999886314701E+17   0.1696999990204826E+17
  0.5375000000000000E+02   0.1827582856500112E+02   0.2004413752393633E+09   0.7448302706511270E+12   0.6661048805135077E+09   0.4303951514864920E+09   0.8119999886314701E+17   0.1696999990204826E+17
  0.5400000000000000E+02   0.1135428710245683E+02   0.1450121921524485E+09   0.7432085974239990E+12   0.5987561067971835E+09   0.4977439252028162E+09   0.8119999886314701E+17   0.1696999990204826E+17
  0.5425000000000000E+02   0.6249697673597305E+01   0.9839395658775921E+08   0.7417971480151744E+12   0.5147224342749470E+09   0.5817775977250526E+09   0.8119999886314701E+17   0.1696999990204826E+17
  0.5450000000000000E+02   0.2894610767256642E+01   0.6126349548103051E+08   0.7406584038026859E+12   0.4125029050579898E+09   0.6839971269420097E+09   0.8119999886314701E+17   0.1696999990204826E+17
  0.5475000000000000E+02   0.1024957820475207E+01   0.3355878309892195E+08   0.7398214915572173E+12   0.2942753273983032E+09   0.8022247046016963E+09   0.8119999886314701E+17   0.1696999990204826E+17
  0.5500000000000000E+02   0.2239854765085842E+00   0.1464269852239360E+08   0.7392831964229487E+12   0.1700974444521471E+09   0.9264025875478520E+09   0.8119999886314701E+17   0.1696999990204826E+17
  0.5525000000000000E+02   0.1529141054412139E-01   0.3653350236491329E+07   0.7390090235755133E+12   0.6239954200844811E+08   0.1034100489991551E+10   0.8119999886314701E+17   0.1696999990204826E+17
  0.5550000000000000E+02  -0.1062199990386662E-11  -0.3520431933929854E+03   0.7389274929778638E+12   0.4918892902172016E+07   0.1091581139097827E+10   0.8119999886314701E+17   0.1696999990204826E+17
  0.5575000000000000E+02  -0.5587776285332380E-92  -0.2726343571956736E-08   0.7389226170963223E+12   0.4335682490979945E+05   0.1096456675175089E+10   0.8119999886314701E+17   0.1696999990204826E+17
  0.5600000000000000E+02  -0.2929952990415559-158   0.2969716847114937E-17   0.7389225742720137E+12   0.5325161796184761E+03   0.1096499499483819E+10   0.8119999886314701E+17   0.1696999990204826E+17
  0.5625000000000000E+02  -0.1541133116065444-224  -0.3244589442381950E-26   0.7389225737459895E+12   0.6492047346503639E+01   0.1096500025507951E+10   0.8119999886314701E+17   0.1696999990204826E+17
  0.5650000000000000E+02  -0.1123086582616062-290   0.4852976379882464E-35   0.7389225737395194E+12   0.2219221655046839E-01   0.1096500031977807E+10   0.8119999886314701E+17   0.1696999990204826E+17
  0.5675000000000000E+02   0.1975479242283505-313  -0.7258662507291758E-44   0.7389225737394973E+12   0.7586119588040652E-04   0.1096500031999923E+10   0.8119999886314701E+17   0.1696999990204826E+17
  0.5700000000000000E+02   0.1975479242283505-313   0.1085687983422407E-52   0.7389225737394973E+12   0.2593215971607729E-06   0.1096500031999998E+10   0.8119999886314701E+17   0.1696999990204826E+17
  0.5725000000000000E+02   0.1975479242283505-313  -0.1623878222969750E-61   0.7389225737394973E+12   0.8864570347668689E-09   0.1096500031999998E+10   0.8119999886314701E+17   0.1696999990204826E+17
  0.5750000000000000E+02   0.1975479242283505-313   0.2428856654305827E-70   0.7389225737394973E+12   0.3030237678200361E-11   0.1096500031999998E+10   0.8119999886314701E+17   0.1696999990204826E+17
  0.5775000000000000E+02   0.1975479242283505-313  -0.3632873797874434E-79   0.7389225737394973E+12   0.1035847201415699E-13   0.1096500031999998E+10   0.8119999886314701E+17   0.1696999990204826E+17
  0.5800000000000000E+02   0.1975479242283505-313   0.5433738548500128E-88   0.7389225737394973E+12   0.3540908465364864E-16   0.1096500031999998E+10   0.8119999886314701E+17   0.1696999990204826E+17
  0.5825000000000000E+02   0.1975479242283505-313  -0.8127316349588413E-97   0.7389225737394973E+12   0.1210413345033588E-18   0.1096500031999998E+10   0.8119999886314701E+17   0.1696999990204826E+17
  0.5850000000000000E+02   0.1975479242283505-313   0.1215613715248038-105   0.7389225737394973E+12   0.4137640043977901E-21   0.1096500031999998E+10   0.8119999886314701E+17   0.1696999990204826E+17
  0.5875000000000000E+02   0.1975479242283505-313  -0.1818209899967746-114   0.7389225737394973E+12   0.1414398246993426E-23   0.1096500031999998E+10   0.8119999886314701E+17   0.1696999990204826E+17
  0.5900000000000000E+02   0.1975479242283505-313   0.2719521175907575-123   0.7389225737394973E+12   0.4834935808419842E-26   0.1096500031999998E+10   0.8119999886314701E+17   0.1696999990204826E+17
  0.5925000000000000E+02   0.1975479242283505-313  -0.4067624660024627-132   0.7389225737394973E+12   0.1652759703374352E-28   0.1096500031999998E+10   0.8119999886314701E+17   0.1696999990204826E+17
  0.5950000000000000E+02   0.1975479242283505-313   0.6084001301927272-141   0.7389225737394973E+12   0.5649743337524915E-31   0.1096500031999998E+10   0.8119999886314701E+17   0.1696999990204826E+17
  0.5975000000000000E+02   0.1975479242283505-313  -0.9099923158010500-150   0.7389225737394973E+12   0.1931291022811046E-33   0.1096500031999998E+10   0.8119999886314701E+17   0.1696999990204826E+17
  0.6000000000000000E+02   0.1975479242283505-313   0.1361087833026337-158   0.7389225737394973E+12   0.6601866300752231E-36   0.1096500031999998E+10   0.8119999886314701E+17   0.1696999990204826E+17
  0.6025000000000000E+02   0.1975479242283505-313  -0.2035797508445501-167   0.7389225737394973E+12   0.2256761831242254E-38   0.1096500031999998E+10   0.8119999886314701E+17   0.1696999990204826E+17
  0.6050000000000000E+02   0.1975479242283505-313   0.3044969909236346-176   0.7389225737394973E+12   0.7714445780841661E-41   0.1096500031999998E+10   0.8119999886314701E+17   0.1696999990204826E+17
  0.6075000000000000E+02   0.1975479242283505-313  -0.4554402738823779-185   0.7389225737394973E+12   0.2637082605778862E-43   0.1096500031999998E+10   0.8119999886314701E+17   0.1696999990204826E+17
  0.6100000000000000E+02   0.1975479242283505-313   0.6812081868029894-194   0.7389225737394973E+12   0.9014522711368043E-46   0.1096500031999998E+10   0.8119999886314701E+17   0.1696999990204826E+17
  0.6125000000000000E+02   0.1975479242283505-313  -0.1018892312293423-202   0.7389225737394973E+12   0.3081496936641888E-48   0.1096500031999998E+10   0.8119999886314701E+17   0.1696999990204826E+17
  0.6150000000000000E+02   0.1975479242283505-313   0.1523971032883190-211   0.7389225737394973E+12   0.1053369509908567E-50   0.1096500031999998E+10   0.8119999886314701E+17   0.1696999990204826E+17
  0.6175000000000000E+02   0.1975479242283505-313  -0.2279424116803254-220   0.7389225737394973E+12   0.3600806190040228E-53   0.1096500031999998E+10   0.8119999886314701E+17   0.1696999990204826E+17
  0.6200000000000000E+02   0.1975479242283505-313   0.3409365527397493-229   0.7389225737394973E+12   0.1230888600464382E-55   0.1096500031999998E+10   0.8119999886314701E+17   0.1696999990204826E+17
  0.6225000000000000E+02   0.1975479242283505-313  -0.5099434200822600-238   0.7389225737394973E+12   0.4207632032359486E-58   0.1096500031999998E+10   0.8119999886314701E+17   0.1696999990204826E+17
  0.6250000000000000E+02   0.1975479242283505-313   0.7627292808456753-247   0.7389225737394973E+12   0.1438324094727849E-60   0.1096500031999998E+10   0.8119999886314701E+17   0.1696999990204826E+17
  0.6275000000000000E+02   0.1975479242283505-313  -0.1140824516895456-255   0.7389225737394973E+12   0.4916723196240561E-63   0.1096500031999998E+10   0.8119999886314701E+17   0.1696999990204826E+17
  0.6300000000000000E+02   0.1975479242283505-313   0.1706346682936749-264   0.7389225737394973E+12   0.1680717654460509E-65   0.1096500031999998E+10   0.8119999886314701E+17   0.1696999990204826E+17
  0.6325000000000000E+02   0.1975479242283505-313  -0.2552205846954169-273   0.7389225737394973E+12   0.5745313944407410E-68   0.1096500031999998E+10   0.8119999886314701E+17   0.1696999990204826E+17
  0.6350000000000000E+02   0.1975479242283505-313   0.3817368856143809-282   0.7389225737394973E+12   0.1963960587443088E-70   0.1096500031999998E+10   0.8119999886314701E+17   0.1696999990204826E+17
  0.6375000000000000E+02   0.1975479242283505-313  -0.5709690306229593-291   0.7389225737394973E+12   0.6713542943609533E-73   0.1096500031999998E+10   0.8119999886314701E+17   0.1696999990204826E+17
  0.6400000000000000E+02   0.1975479242283505-313   0.8540060965047678-300   0.7389225737394973E+12   0.2294937034065894E-75   0.1096500031999998E+10   0.8119999886314701E+17   0.1696999990204826E+17
  0.6425000000000000E+02   0.1975479242283505-313   0.2700181531496573-307   0.7389225737394973E+12   0.7844942729293839E-78   0.1096500031999998E+10   0.8119999886314701E+17   0.1696999990204826E+17
  0.6450000000000000E+02   0.1975479242283505-313   0.2270225658117014-307   0.7389225737394973E+12   0.2681691284438653E-80   0.1096500031999998E+10   0.8119999886314701E+17   0.1696999990204826E+17
  0.6475000000000000E+02   0.1528951388033594E-01   0.3644028489151563E+07   0.7389173500535785E+12   0.2627599165193705E+08   0.1070224040348061E+10   0.8119999886314701E+17   0.1696999990204826E+17
  0.6500000000000000E+02   0.2238435659363912E+00   0.1462335067234687E+08   0.7388148143215549E+12   0.1186473369360592E+09   0.9778526950639390E+09   0.8119999886314701E+17   0.1696999990204826E+17
  0.6525000000000000E+02   0.1023085329762033E+01   0.3348769052724434E+08   0.7384699069112531E+12   0.2464461731152368E+09   0.8500538588847612E+09   0.8119999886314701E+17   0.1696999990204826E+17
  0.6550000000000000E+02   0.2883407339710182E+01   0.6101061823056577E+08   0.7377916890354932E+12   0.3760192949552124E+09   0.7204807370447855E+09   0.8119999886314701E+17   0.1696999990204826E+17
  0.6575000000000000E+02   0.6207236247618642E+01   0.9769822282121202E+08   0.7367571831275865E+12   0.4896818178567753E+09   0.6068182141432226E+09   0.8119999886314701E+17   0.1696999990204826E+17
  0.6600000000000000E+02   0.1123499745288879E+02   0.1434493175669528E+09   0.7354002232556438E+12   0.5827063832632102E+09   0.5137936487367879E+09   0.8119999886314701E+17   0.1696999990204826E+17
  0.6625000000000000E+02   0.1800515380685481E+02   0.1974254544028296E+09   0.7337987605148373E+12   0.6564901328703594E+09   0.4400098991296387E+09   0.8119999886314701E+17   0.1696999990204826E+17
  0.6650000000000000E+02   0.2636207247087443E+02   0.2581118229260046E+09   0.7320634859086895E+12   0.7142942619418478E+09   0.3822057700581503E+09   0.8119999886314701E+17   0.1696999990204826E+17
  0.6675000000000000E+02   0.3599739912952942E+02   0.3235074529137840E+09   0.7303251261524714E+12   0.7594373960968828E+09   0.3370626359031155E+09   0.8119999886314701E+17   0.1696999990204826E+17
  0.6700000000000000E+02   0.4650804250639214E+02   0.3913726545112674E+09   0.7287198891278333E+12   0.7947265461873338E+09   0.3017734858126647E+09   0.8119999886314701E+17   0.1696999990204826E+17
  0.6725000000000000E+02   0.5745575508211832E+02   0.4594719122328454E+09   0.7273748151281958E+12   0.8223764582795726E+09   0.2741235737204257E+09   0.8119999886314701E+17   0.1696999990204826E+17
  0.6750000000000000E+02   0.6841782955963590E+02   0.5257712126888974E+09   0.7263954037760193E+12   0.8440863758892703E+09   0.2524136561107279E+09   0.8119999886314701E+17   0.1696999990204826E+17
  0.6775000000000000E+02   0.7902364465466498E+02   0.5885713163633132E+09   0.7258572948237445E+12   0.8611483769849206E+09   0.2353516550150778E+09   0.8119999886314701E+17   0.1696999990204826E+17
  0.6800000000000000E+02   0.8897618099101402E+02   0.6465765959936912E+09   0.7258027097509006E+12   0.8745458275886188E+09   0.2219542044113795E+09   0.8119999886314701E+17   0.1696999990204826E+17
  0.6825000000000000E+02   0.9806046308659883E+02   0.6989100771065971E+09   0.7262413358615452E+12   0.8850320559745367E+09   0.2114679760254616E+09   0.8119999886314701E+17   0.1696999990204826E+17
  0.6850000000000000E+02   0.1061421590652387E+03   0.7450896087732778E+09   0.7271546322157245E+12   0.8931899710589498E+09   0.2033100609410486E+09   0.8119999886314701E+17   0.1696999990204826E+17
  0.6875000000000000E+02   0.1131596998049225E+03   0.7849797215545098E+09   0.7285022298769106E+12   0.8994761673193601E+09   0.1970238646806383E+09   0.8119999886314701E+17   0.1696999990204826E+17
  0.6900000000000000E+02   0.1191127816080263E+03   0.8187310297070264E+09   0.7302291283377279E+12   0.9042531979268814E+09   0.1922468340731170E+09   0.8119999886314701E+17   0.1696999990204826E+17
  0.6925000000000000E+02   0.1240494071728986E+03   0.8467157662788637E+09   0.7322726370585631E+12   0.9078130706271437E+09   0.1886869613728551E+09   0.8119999886314701E+17   0.1696999990204826E+17
  0.6950000000000000E+02   0.1280529436365225E+03   0.8694651536385460E+09   0.7345683525042245E+12   0.9103942981623485E+09   0.1861057338376502E+09   0.8119999886314701E+17   0.1696999990204826E+17
  0.6975000000000000E+02   0.1312301315553892E+03   0.8876121118672338E+09   0.7370548004847161E+12   0.9121942205854062E+09   0.1843058114145923E+09   0.8119999886314701E+17   0.1696999990204826E+17
  0.7000000000000000E+02   0.1337005741986189E+03   0.9018412397559893E+09   0.7396766526647025E+12   0.9133778475395429E+09   0.1831221844604555E+09   0.8119999886314701E+17   0.1696999990204826E+17
  0.7025000000000000E+02   0.1355879460057141E+03   0.9128468975589896E+09   0.7423866203139088E+12   0.9140841277987788E+09   0.1824159042012199E+09   0.8119999886314701E+17   0.1696999990204826E+17
  0.7050000000000000E+02   0.1370129524180915E+03   0.9212994257724367E+09   0.7451462390386334E+12   0.9144303121668823E+09   0.1820697198331166E+09   0.8119999886314701E+17   0.1696999990204826E+17
  0.7075000000000000E+02   0.1380879286910785E+03   0.9278189574265122E+09   0.7479258001936848E+12   0.9145149069839435E+09   0.1819851250160553E+09   0.8119999886314701E+17   0.1696999990204826E+17
  0.7100000000000000E+02   0.1389128697936420E+03   0.9329558803013278E+09   0.7507036783213831E+12   0.9144195969039440E+09   0.1820804350960546E+09   0.8119999886314701E+17   0.1696999990204826E+17
  0.7125000000000000E+02   0.1395726293361439E+03   0.9371767628120869E+09   0.7534652689241747E+12   0.9142104306881975E+09   0.1822896013118012E+09   0.8119999886314701E+17   0.1696999990204826E+17
  0.7150000000000000E+02   0.1401350066389037E+03   0.9408544611193990E+09   0.7562017030930126E+12   0.9139385003895959E+09   0.1825615316104032E+09   0.8119999886314701E+17   0.1696999990204826E+17
  0.7175000000000000E+02   0.1406494516776376E+03   0.9442611596118314E+09   0.7589084563394893E+12   0.9136402939674114E+09   0.1828597380325877E+09   0.8119999886314701E+17   0.1696999990204826E+17
  0.7200000000000000E+02   0.1411461517448542E+03   0.9475632419744352E+09   0.7615839253227736E+12   0.9133378583336493E+09   0.1831621736663501E+09   0.8119999886314701E+17   0.1696999990204826E+17
