  0.0000000000000000E+00   0.6624000000000000E+09   0.5325999964160000E+12   0.8725000320000000E+09   0.2240000000000000E+09   0.1696999990204826E+17
  0.2500000000000000E+00   0.2506627610035678E+09   0.5398192553240654E+12   0.9061611949167798E+09   0.1903388370832205E+09   0.1696999990204826E+17
  0.5000000000000000E+00   0.2536913569943413E+09   0.5465712289971608E+12   0.9045203295331455E+09   0.1919797024668545E+09   0.1696999990204826E+17
  0.7500000000000000E+00   0.2566645088790952E+09   0.5532919789019735E+12   0.9028757333134682E+09   0.1936242986865321E+09   0.1696999990204826E+17
  0.1000000000000000E+01   0.2595287028842647E+09   0.5599758485269307E+12   0.9011996002345948E+09   0.1953004317654056E+09   0.1696999990204826E+17
  0.1250000000000000E+01   0.2622060803157612E+09   0.5666121128281819E+12   0.8994519758754299E+09   0.1970480561245708E+09   0.1696999990204826E+17
  0.1500000000000000E+01   0.2645930406693071E+09   0.5731833885061761E+12   0.8975811233988308E+09   0.1989189086011697E+09   0.1696999990204826E+17
  0.1750000000000000E+01   0.2665593736620327E+09   0.5796641945688523E+12   0.8955230760860677E+09   0.2009769559139328E+09   0.1696999990204826E+17
  0.2000000000000000E+01   0.2679482394901901E+09   0.5860197815808835E+12   0.8932008023795918E+09   0.2032992296204090E+09   0.1696999990204826E+17
  0.2250000000000000E+01   0.2685774064603158E+09   0.5922053951658440E+12   0.8905227967781600E+09   0.2059772352218405E+09   0.1696999990204826E+17
  0.2500000000000000E+01   0.2682422209433817E+09   0.5981661846787747E+12   0.8873808562303810E+09   0.2091191757696196E+09   0.1696999990204826E+17
  0.2750000000000000E+01   0.2667208065112390E+09   0.6038379994365262E+12   0.8836467318538876E+09   0.2128533001461132E+09   0.1696999990204826E+17
  0.3000000000000000E+01   0.2637819378530537E+09   0.6091493178279622E+12   0.8791672499403573E+09   0.2173327820596433E+09   0.1696999990204826E+17
  0.3250000000000000E+01   0.2591958798513996E+09   0.6140245099698623E+12   0.8737573615405732E+09   0.2227426704594276E+09   0.1696999990204826E+17
  0.3500000000000000E+01   0.2527482012543611E+09   0.6183885244423522E+12   0.8671903877208041E+09   0.2293096442791966E+09   0.1696999990204826E+17
  0.3750000000000000E+01   0.2442561660127031E+09   0.6221729004800951E+12   0.8591844531195618E+09   0.2373155788804392E+09   0.1696999990204826E+17
  0.4000000000000000E+01   0.2335868129023774E+09   0.6253227396485312E+12   0.8493837119534502E+09   0.2471163200465504E+09   0.1696999990204826E+17
  0.4250000000000000E+01   0.2206753455954276E+09   0.6278039494946229E+12   0.8373324344978729E+09   0.2591675975021274E+09   0.1696999990204826E+17
  0.4500000000000000E+01   0.2055421143454702E+09   0.6296097448002235E+12   0.8224393222781649E+09   0.2740607097218358E+09   0.1696999990204826E+17
  0.4750000000000000E+01   0.1883064052891054E+09   0.6307651903402500E+12   0.8039290275888470E+09   0.2925710044111535E+09   0.1696999990204826E+17
  0.5000000000000000E+01   0.1691956673863964E+09   0.6313285500772932E+12   0.7807754130438404E+09   0.3157246189561602E+09   0.1696999990204826E+17
  0.5250000000000000E+01   0.1485496410606736E+09   0.6313884249275864E+12   0.7516147415686327E+09   0.3448852904313683E+09   0.1696999990204826E+17
  0.5500000000000000E+01   0.1268197526996264E+09   0.6310564821921986E+12   0.7146395840847770E+09   0.3818604479152241E+09   0.1696999990204826E+17
  0.5750000000000000E+01   0.1045651564168547E+09   0.6304565205369363E+12   0.6674904212166349E+09   0.4290096107833669E+09   0.1696999990204826E+17
  0.6000000000000000E+01   0.8244692004311717E+08   0.6297117616109724E+12   0.6072084368872962E+09   0.4892915951127055E+09   0.1696999990204826E+17
  0.6250000000000000E+01   0.6122112022124103E+08   0.6289330931093081E+12   0.5304277200149648E+09   0.5660723119850366E+09   0.1696999990204826E+17
  0.6500000000000000E+01   0.4173013262984686E+08   0.6282109784862469E+12   0.4342357030758075E+09   0.6622643289241941E+09   0.1696999990204826E+17
  0.6750000000000000E+01   0.2488994512221980E+08   0.6276123375640928E+12   0.3185482125724338E+09   0.7779518194275680E+09   0.1696999990204826E+17
  0.7000000000000000E+01   0.1167017244813485E+08   0.6271805617870415E+12   0.1910805838680586E+09   0.9054194481319429E+09   0.1696999990204826E+17
  0.7250000000000000E+01   0.3059788105567455E+07   0.6269328176468491E+12   0.7439205073386441E+08   0.1022107981266137E+10   0.1696999990204826E+17
  0.7500000000000000E+01   0.3381801382221139E+01   0.6268467746024629E+12   0.7849651083885945E+07   0.1088650380916115E+10   0.1696999990204826E+17
  0.7750000000000000E+01  -0.2086583323031768E-17   0.6268391807600162E+12   0.2558053173510717E+06   0.1096244226682650E+10   0.1696999990204826E+17
  0.8000000000000000E+01   0.3406673892681608E-35   0.6268389332881078E+12   0.8333409064363337E+04   0.1096491698590936E+10   0.1696999990204826E+17
  0.8250000000000000E+01   0.1200108985714013E-51   0.6268389252255411E+12   0.2708424797453536E+03   0.1096499761157520E+10   0.1696999990204826E+17
  0.8500000000000000E+01  -0.2241812843111626E-63   0.6268389249630695E+12   0.8370848667443113E+01   0.1096500023629151E+10   0.1696999990204826E+17
  0.8750000000000000E+01   0.2832151085977943E-72   0.6268389249548949E+12   0.1962871419595366E+00   0.1096500031803712E+10   0.1696999990204826E+17
  0.9000000000000000E+01  -0.4236989747891650E-81   0.6268389249547025E+12   0.3810474502848405E-02   0.1096500031996189E+10   0.1696999990204826E+17
  0.9250000000000000E+01   0.6338673883774344E-90   0.6268389249546989E+12   0.7397181390441645E-04   0.1096500031999926E+10   0.1696999990204826E+17
  0.9500000000000000E+01  -0.9482861417077922E-99   0.6268389249546989E+12   0.1435996815677242E-05   0.1096500031999998E+10   0.1696999990204826E+17
  0.9750000000000000E+01   0.1418666779587646-107   0.6268389249546989E+12   0.2787665660463227E-07   0.1096500031999999E+10   0.1696999990204826E+17
  0.1000000000000000E+02  -0.2122371447800572-116   0.6268389249546989E+12   0.5411627483909778E-09   0.1096500031999999E+10   0.1696999990204826E+17
  0.1025000000000000E+02   0.3175136421921696-125   0.6268389249546989E+12   0.1050546069421439E-10   0.1096500031999999E+10   0.1696999990204826E+17
  0.1050000000000000E+02  -0.4750106918494987-134   0.6268389249546989E+12   0.2039399510144175E-12   0.1096500031999999E+10   0.1696999990204826E+17
  0.1075000000000000E+02   0.7106313789023835-143   0.6268389249546989E+12   0.3959036622036808E-14   0.1096500031999999E+10   0.1696999990204826E+17
  0.1100000000000000E+02  -0.1063127557643911-151   0.6268389249546989E+12   0.7685581415835760E-16   0.1096500031999999E+10   0.1696999990204826E+17
  0.1125000000000000E+02   0.1590473257130355-160   0.6268389249546989E+12   0.1491983210527898E-17   0.1096500031999999E+10   0.1696999990204826E+17
  0.1150000000000000E+02  -0.2379399502401118-169   0.6268389249546989E+12   0.2896350685857728E-19   0.1096500031999999E+10   0.1696999990204826E+17
  0.1175000000000000E+02   0.3559658715822512-178   0.6268389249546989E+12   0.5622615077887082E-21   0.1096500031999999E+10   0.1696999990204826E+17
  0.1200000000000000E+02  -0.5325364723470927-187   0.6268389249546989E+12   0.1091504577413458E-22   0.1096500031999999E+10   0.1696999990204826E+17
  0.1225000000000000E+02   0.7966918095808437-196   0.6268389249546989E+12   0.2118911264617885E-24   0.1096500031999999E+10   0.1696999990204826E+17
  0.1250000000000000E+02  -0.1191876749128100-204   0.6268389249546989E+12   0.4113390855367762E-26   0.1096500031999999E+10   0.1696999990204826E+17
  0.1275000000000000E+02   0.1783086217316027-213   0.6268389249546989E+12   0.7985225531411945E-28   0.1096500031999999E+10   0.1696999990204826E+17
  0.1300000000000000E+02  -0.2667554728883014-222   0.6268389249546989E+12   0.1550152393233061E-29   0.1096500031999999E+10   0.1696999990204826E+17
  0.1325000000000000E+02   0.3990748266955477-231   0.6268389249546989E+12   0.3009273104176550E-31   0.1096500031999999E+10   0.1696999990204826E+17
  0.1350000000000000E+02  -0.5970288653412883-240   0.6268389249546989E+12   0.5841828619593570E-33   0.1096500031999999E+10   0.1696999990204826E+17
  0.1375000000000000E+02   0.8931745181778521-249   0.6268389249546989E+12   0.1134059968612951E-34   0.1096500031999999E+10   0.1696999990204826E+17
  0.1400000000000000E+02  -0.1336218005918697-257   0.6268389249546989E+12   0.2201523009587850E-36   0.1096500031999999E+10   0.1696999990204826E+17
  0.1425000000000000E+02   0.1999025412171252-266   0.6268389249546989E+12   0.4273763024783125E-38   0.1096500031999999E+10   0.1696999990204826E+17
  0.1450000000000000E+02  -0.2990606757883789-275   0.6268389249546989E+12   0.8296552119808558E-40   0.1096500031999999E+10   0.1696999990204826E+17
  0.1475000000000000E+02   0.4474044564839173-284   0.6268389249546989E+12   0.1610589465947117E-41   0.1096500031999999E+10   0.1696999990204826E+17
  0.1500000000000000E+02  -0.6693315567283529-293   0.6268389249546989E+12   0.3126598122160264E-43   0.1096500031999999E+10   0.1696999990204826E+17
  0.1525000000000000E+02   0.1001343535315327-301   0.6268389249546989E+12   0.6069588820852919E-45   0.1096500031999999E+10   0.1696999990204826E+17
  0.1550000000000000E+02   0.2537144062077937-307   0.6268389249546989E+12   0.1178274502025507E-46   0.1096500031999999E+10   0.1696999990204826E+17
  0.1575000000000000E+02   0.2138498450456220-307   0.6268389249546989E+12   0.2287355606945979E-48   0.1096500031999999E+10   0.1696999990204826E+17
  0.1600000000000000E+02   0.1802433045082517-307   0.6268389249546989E+12   0.4440387756531414E-50   0.1096500031999999E+10   0.1696999990204826E+17
  0.1625000000000000E+02   0.1519393561516093-307   0.6268389249546989E+12   0.8620016655250113E-52   0.1096500031999999E+10   0.1696999990204826E+17
  0.1650000000000000E+02   0.1280718952532711-307   0.6268389249546989E+12   0.1673382848772472E-53   0.1096500031999999E+10   0.1696999990204826E+17
  0.1675000000000000E+02   0.3053329818171664E+07   0.6268406278177986E+12   0.2795463385953147E+08   0.1068545398140468E+10   0.1696999990204826E+17
  0.1700000000000000E+02   0.1166350217417824E+08   0.6267846829401445E+12   0.1279320253278684E+09   0.9685680066721312E+09   0.1696999990204826E+17
  0.1725000000000000E+02   0.2485995154793656E+08   0.6265684817800846E+12   0.2627152286539629E+09   0.8337848033460367E+09   0.1696999990204826E+17
  0.1750000000000000E+02   0.4160941855844761E+08   0.6261538497854557E+12   0.3935663516985361E+09   0.7029336803014631E+09   0.1696999990204826E+17
  0.1775000000000000E+02   0.6090889803227291E+08   0.6255694712342550E+12   0.5033147703358732E+09   0.5931852616641254E+09   0.1696999990204826E+17
  0.1800000000000000E+02   0.8182802110042834E+08   0.6248884489309484E+12   0.5898774820440714E+09   0.5066225499559270E+09   0.1696999990204826E+17
  0.1825000000000000E+02   0.1035405149349215E+09   0.6242125795403016E+12   0.6567294876172538E+09   0.4397705443827448E+09   0.1696999990204826E+17
  0.1850000000000000E+02   0.1253453768134055E+09   0.6236627251587272E+12   0.7081610039247711E+09   0.3883390280752276E+09   0.1696999990204826E+17
  0.1875000000000000E+02   0.1466769137388349E+09   0.6233689791043292E+12   0.7478433505322570E+09   0.3486566814677417E+09   0.1696999990204826E+17
  0.1900000000000000E+02   0.1671034695462502E+09   0.6234587642203899E+12   0.7786023518944324E+09   0.3178976801055662E+09   0.1696999990204826E+17
  0.1925000000000000E+02   0.1863169866303248E+09   0.6240444525932916E+12   0.8025370106318778E+09   0.2939630213681208E+09   0.1696999990204826E+17
  0.1950000000000000E+02   0.2041167111191512E+09   0.6252129076444861E+12   0.8211946042314605E+09   0.2753054277685385E+09   0.1696999990204826E+17
  0.1975000000000000E+02   0.2203904643365993E+09   0.6270187541779321E+12   0.8357219528638428E+09   0.2607780791361558E+09   0.1696999990204826E+17
  0.2000000000000000E+02   0.2350962793444466E+09   0.6294820999878228E+12   0.8469794405751373E+09   0.2495205914248616E+09   0.1696999990204826E+17
  0.2025000000000000E+02   0.2482462161815541E+09   0.6325904273623479E+12   0.8556223557553344E+09   0.2408776762446645E+09   0.1696999990204826E+17
  0.2050000000000000E+02   0.2598930208884668E+09   0.6363036147918679E+12   0.8621585400371530E+09   0.2343414919628457E+09   0.1696999990204826E+17
  0.2075000000000000E+02   0.2701197150242088E+09   0.6405608733222607E+12   0.8669889926341044E+09   0.2295110393658945E+09   0.1696999990204826E+17
  0.2100000000000000E+02   0.2790315340155625E+09   0.6452883230452686E+12   0.8704354559578371E+09   0.2260645760421617E+09   0.1696999990204826E+17
  0.2125000000000000E+02   0.2867495243976080E+09   0.6504061801528473E+12   0.8727602777447820E+09   0.2237397542552168E+09   0.1696999990204826E+17
  0.2150000000000000E+02   0.2934052263142173E+09   0.6558348801254314E+12   0.8741804275603738E+09   0.2223196044396253E+09   0.1696999990204826E+17
  0.2175000000000000E+02   0.2991360017785749E+09   0.6614997866086028E+12   0.8748774608690768E+09   0.2216225711309224E+09   0.1696999990204826E+17
  0.2200000000000000E+02   0.3040807643869060E+09   0.6673344081052334E+12   0.8750046071020095E+09   0.2214954248979897E+09   0.1696999990204826E+17
  0.2225000000000000E+02   0.3083760145254079E+09   0.6732822350355541E+12   0.8746917885608035E+09   0.2218082434391958E+09   0.1696999990204826E+17
  0.2250000000000000E+02   0.3121521733987719E+09   0.6792974184179451E+12   0.8740491329981809E+09   0.2224508990018188E+09   0.1696999990204826E+17
  0.2275000000000000E+02   0.3155302432961549E+09   0.6853445526201224E+12   0.8731693826054883E+09   0.2233306493945119E+09   0.1696999990204826E+17
  0.2300000000000000E+02   0.3186188162339837E+09   0.6913978179194396E+12   0.8721294967987843E+09   0.2243705352012160E+09   0.1696999990204826E+17
  0.2325000000000000E+02   0.3215114270371015E+09   0.6974397032253704E+12   0.8709916754815686E+09   0.2255083565184312E+09   0.1696999990204826E+17
  0.2350000000000000E+02   0.3242842157614718E+09   0.7034594807811334E+12   0.8698039797781684E+09   0.2266960522218316E+09   0.1696999990204826E+17
  0.2375000000000000E+02   0.3269938392307885E+09   0.7094515545190204E+12   0.8686006893403873E+09   0.2278993426596129E+09   0.1696999990204826E+17
  0.2400000000000000E+02   0.3296755585801633E+09   0.7154137589130802E+12   0.8674025034279392E+09   0.2290975285720609E+09   0.1696999990204826E+17
  0.2425000000000000E+02   0.3323414320237234E+09   0.7213456498565997E+12   0.8662166633399850E+09   0.2302833686600148E+09   0.1696999990204826E+17
  0.2450000000000000E+02   0.3349785603507595E+09   0.7272468050559021E+12   0.8650370444726931E+09   0.2314629875273067E+09   0.1696999990204826E+17
  0.2475000000000000E+02   0.3375473667671900E+09   0.7331151392259824E+12   0.8638442363759810E+09   0.2326557956240186E+09   0.1696999990204826E+17
  0.2500000000000000E+02   0.3399799424170318E+09   0.7389452393240422E+12   0.8626055983004884E+09   0.2338944336995113E+09   0.1696999990204826E+17
  0.2525000000000000E+02   0.3421785536770054E+09   0.7447267367449962E+12   0.8612752459563348E+09   0.2352247860436650E+09   0.1696999990204826E+17
  0.2550000000000000E+02   0.3440144862570480E+09   0.7504427568367162E+12   0.8597938922564662E+09   0.2367061397435340E+09   0.1696999990204826E+17
  0.2575000000000000E+02   0.3453274915249268E+09   0.7560685201090350E+12   0.8580884302051250E+09   0.2384116017948752E+09   0.1696999990204826E+17
  0.2600000000000000E+02   0.3459261967475175E+09   0.7615702123536863E+12   0.8560711084378381E+09   0.2404289235621623E+09   0.1696999990204826E+17
  0.2625000000000000E+02   0.3455899324607754E+09   0.7669042882942906E+12   0.8536381068148814E+09   0.2428619251851189E+09   0.1696999990204826E+17
  0.2650000000000000E+02   0.3440724999044455E+09   0.7720174182666820E+12   0.8506672671196100E+09   0.2458327648803903E+09   0.1696999990204826E+17
  0.2675000000000000E+02   0.3411084250533001E+09   0.7768473187021692E+12   0.8470146666843667E+09   0.2494853653156334E+09   0.1696999990204826E+17
  0.2700000000000000E+02   0.3364221930396526E+09   0.7813247097096021E+12   0.8425096327780854E+09   0.2539903992219149E+09   0.1696999990204826E+17
  0.2725000000000000E+02   0.3297407963867196E+09   0.7853765985382429E+12   0.8369476722074764E+09   0.2595523597925239E+09   0.1696999990204826E+17
  0.2750000000000000E+02   0.3208096395192094E+09   0.7889309776947059E+12   0.8300806201764590E+09   0.2664194118235415E+09   0.1696999990204826E+17
  0.2775000000000000E+02   0.3094114200966433E+09   0.7919228382348390E+12   0.8216030788058200E+09   0.2748969531941804E+09   0.1696999990204826E+17
  0.2800000000000000E+02   0.2953870930313196E+09   0.7943011328538013E+12   0.8111339040580760E+09   0.2853661279419242E+09   0.1696999990204826E+17
  0.2825000000000000E+02   0.2786575047145021E+09   0.7960360040646350E+12   0.7981911073474241E+09   0.2983089246525761E+09   0.1696999990204826E+17
  0.2850000000000000E+02   0.2592439011070558E+09   0.7971252762461570E+12   0.7821581065720060E+09   0.3143419254279943E+09   0.1696999990204826E+17
  0.2875000000000000E+02   0.2372854387888950E+09   0.7975989641220031E+12   0.7622393946416386E+09   0.3342606373583618E+09   0.1696999990204826E+17
  0.2900000000000000E+02   0.2130520492291288E+09   0.7975206585777229E+12   0.7374021261061391E+09   0.3590979058938611E+09   0.1696999990204826E+17
  0.2925000000000000E+02   0.1869520470191662E+09   0.7969846941181515E+12   0.7063052862949885E+09   0.3901947457050115E+09   0.1696999990204826E+17
  0.2950000000000000E+02   0.1595343962536731E+09   0.7961089503974011E+12   0.6672239576678251E+09   0.4292760743321751E+09   0.1696999990204826E+17
  0.2975000000000000E+02   0.1314867231790247E+09   0.7950240057547332E+12   0.6179956495210618E+09   0.4785043824789389E+09   0.1696999990204826E+17
  0.3000000000000000E+02   0.1036301565923836E+09   0.7938604645127445E+12   0.5560658400504680E+09   0.5404341919495329E+09   0.1696999990204826E+17
  0.3025000000000000E+02   0.7691132896837877E+08   0.7927370003495327E+12   0.4788176588101372E+09   0.6176823731898638E+09   0.1696999990204826E+17
  0.3050000000000000E+02   0.5239033496593653E+08   0.7917514300508485E+12   0.3845733182703238E+09   0.7119267137296771E+09   0.1696999990204826E+17
  0.3075000000000000E+02   0.3122176901514391E+08   0.7909753942321005E+12   0.2749120763408154E+09   0.8215879556591856E+09   0.1696999990204826E+17
  0.3100000000000000E+02   0.1462438222999738E+08   0.7904498478447222E+12   0.1588667679856378E+09   0.9376332640143632E+09   0.1696999990204826E+17
  0.3125000000000000E+02   0.3830364639919277E+07   0.7901761170639812E+12   0.5770478652609383E+08   0.1038795245473907E+10   0.1696999990204826E+17
  0.3150000000000000E+02   0.4802382495172891E+01   0.7900973485078042E+12   0.4259292706869822E+07   0.1092240739293130E+10   0.1696999990204826E+17
  0.3175000000000000E+02  -0.1738731779624964E-20   0.7900931461092302E+12   0.5688942129210103E+05   0.1096443142578708E+10   0.1696999990204826E+17
  0.3200000000000000E+02  -0.6139450712892378E-40   0.7900930899790786E+12   0.7592697062620467E+03   0.1096499272730294E+10   0.1696999990204826E+17
  0.3225000000000000E+02  -0.7845519461462856E-54   0.7900930892296239E+12   0.9814919150752322E+01   0.1096500022185081E+10   0.1696999990204826E+17
  0.3250000000000000E+02   0.8403144506193385E-63   0.7900930892198937E+12   0.8454716920788743E-01   0.1096500031915453E+10   0.1696999990204826E+17
  0.3275000000000000E+02  -0.1256747329674333E-71   0.7900930892198090E+12  -0.8632120826275783E-04   0.1096500032000087E+10   0.1696999990204826E+17
  0.3300000000000000E+02   0.1879550981746853E-80   0.7900930892198090E+12   0.8813247168130813E-07   0.1096500032000000E+10   0.1696999990204826E+17
  0.3325000000000000E+02  -0.2810996140251211E-89   0.7900930892198090E+12  -0.8998174053603311E-10   0.1096500032000000E+10   0.1696999990204826E+17
  0.3350000000000000E+02   0.4204035632576125E-98   0.7900930892198090E+12   0.9186981228862209E-13   0.1096500032000000E+10   0.1696999990204826E+17
  0.3375000000000000E+02  -0.6287420799656548-107   0.7900930892198090E+12  -0.9379750113376382E-16   0.1096500032000000E+10   0.1696999990204826E+17
  0.3400000000000000E+02   0.9403264807184771-116   0.7900930892198090E+12   0.9576563835026011E-19   0.1096500032000000E+10   0.1696999990204826E+17
  0.3425000000000000E+02  -0.1406322112858578-124   0.7900930892198090E+12  -0.9777507265949587E-22   0.1096500032000000E+10   0.1696999990204826E+17
  0.3450000000000000E+02   0.2103250228158923-133   0.7900930892198090E+12   0.9982667059143110E-25   0.1096500032000000E+10   0.1696999990204826E+17
  0.3475000000000000E+02  -0.3145553555478664-142   0.7900930892198090E+12  -0.1019213168582824E-27   0.1096500032000000E+10   0.1696999990204826E+17
  0.3500000000000000E+02   0.4704388968042855-151   0.7900930892198090E+12   0.1040599147360329E-30   0.1096500032000000E+10   0.1696999990204826E+17
  0.3525000000000000E+02  -0.7035733193636746-160   0.7900930892198090E+12  -0.1062433864539550E-33   0.1096500032000000E+10   0.1696999990204826E+17
  0.3550000000000000E+02   0.1052241681296092-168   0.7900930892198090E+12   0.1084726735923030E-36   0.1096500032000000E+10   0.1696999990204826E+17
  0.3575000000000000E+02  -0.1573698895885089-177   0.7900930892198090E+12  -0.1107487374883493E-39   0.1096500032000000E+10   0.1696999990204826E+17
  0.3600000000000000E+02   0.2353573574332758-186   0.7900930892198090E+12   0.1130725596509473E-42   0.1096500032000000E+10   0.1696999990204826E+17
  0.3625000000000000E+02  -0.3519929120037939-195   0.7900930892198090E+12  -0.1154451421837821E-45   0.1096500032000000E+10   0.1696999990204826E+17
  0.3650000000000000E+02   0.5264293050028659-204   0.7900930892198090E+12   0.1178675082175158E-48   0.1096500032000000E+10   0.1696999990204826E+17
  0.3675000000000000E+02  -0.7873107773340995-213   0.7900930892198090E+12  -0.1203407023509897E-51   0.1096500032000000E+10   0.1696999990204826E+17
  0.3700000000000000E+02   0.1177476736601983-221   0.7900930892198090E+12   0.1228657911016870E-54   0.1096500032000000E+10   0.1696999990204826E+17
  0.3725000000000000E+02  -0.1760996426256854-230   0.7900930892198090E+12  -0.1254438633656452E-57   0.1096500032000000E+10   0.1696999990204826E+17
  0.3750000000000000E+02   0.2633689751050819-239   0.7900930892198090E+12   0.1280760308870254E-60   0.1096500032000000E+10   0.1696999990204826E+17
  0.3775000000000000E+02  -0.3938861886014085-248   0.7900930892198090E+12  -0.1307634287375314E-63   0.1096500032000000E+10   0.1696999990204826E+17
  0.3800000000000000E+02   0.5890835452772755-257   0.7900930892198090E+12   0.1335072158058898E-66   0.1096500032000000E+10   0.1696999990204826E+17
  0.3825000000000000E+02  -0.8810144487386666-266   0.7900930892198090E+12  -0.1363085752975825E-69   0.1096500032000000E+10   0.1696999990204826E+17
  0.3850000000000000E+02   0.1317616940939937-274   0.7900930892198090E+12   0.1391687152451066E-72   0.1096500032000000E+10   0.1696999990204826E+17
  0.3875000000000000E+02  -0.1970585619268200-283   0.7900930892198090E+12  -0.1420888690288965E-75   0.1096500032000000E+10   0.1696999990204826E+17
  0.3900000000000000E+02   0.2947144623153146-292   0.7900930892198090E+12   0.1450702959091985E-78   0.1096500032000000E+10   0.1696999990204826E+17
  0.3925000000000000E+02  -0.4407652482104782-301   0.7900930892198090E+12  -0.1481142815691107E-81   0.1096500032000000E+10   0.1696999990204826E+17
  0.3950000000000000E+02   0.1594324718377036-307   0.7900930892198090E+12   0.1512221386690068E-84   0.1096500032000000E+10   0.1696999990204826E+17
  0.3975000000000000E+02   0.1338979403098651-307   0.7900930892198090E+12  -0.1543952074125772E-87   0.1096500032000000E+10   0.1696999990204826E+17
  0.4000000000000000E+02   0.1124332473823191-307   0.7900930892198090E+12   0.1576348561247985E-90   0.1096500032000000E+10   0.1696999990204826E+17
  0.4025000000000000E+02   0.9452800439705007-308   0.7900930892198090E+12  -0.1609424818419674E-93   0.1096500032000000E+10   0.1696999990204826E+17
  0.4050000000000000E+02   0.7928915021301241-308   0.7900930892198090E+12   0.1643195109141695E-96   0.1096500032000000E+10   0.1696999990204826E+17
  0.4075000000000000E+02   0.3820309303834258E+07   0.7900853485529398E+12   0.2572463276403563E+08   0.1070775399235964E+10   0.1696999990204826E+17
  0.4100000000000000E+02   0.1460538662234465E+08   0.7899724363146530E+12   0.1135379875486159E+09   0.9829620444513836E+09   0.1696999990204826E+17
  0.4125000000000000E+02   0.3116337031258573E+08   0.7896306550838922E+12   0.2326362985530195E+09   0.8638637334469801E+09   0.1696999990204826E+17
  0.4150000000000000E+02   0.5220692086971232E+08   0.7890141693548440E+12   0.3520026232730139E+09   0.7444974087269857E+09   0.1696999990204826E+17
  0.4175000000000000E+02   0.7646472323326866E+08   0.7881498159804789E+12   0.4560996653520893E+09   0.6404003666479106E+09   0.1696999990204826E+17
  0.4200000000000000E+02   0.1027484238008300E+09   0.7871138774496478E+12   0.5411173413067811E+09   0.5553826906932192E+09   0.1696999990204826E+17
  0.4225000000000000E+02   0.1299979012549544E+09   0.7860147173695515E+12   0.6086604867630864E+09   0.4878395452369136E+09   0.1696999990204826E+17
  0.4250000000000000E+02   0.1573108181654613E+09   0.7849811461730106E+12   0.6617993499761875E+09   0.4347006820238126E+09   0.1696999990204826E+17
  0.4275000000000000E+02   0.1839562230996124E+09   0.7841512397058511E+12   0.7035358725131038E+09   0.3929641594868963E+09   0.1696999990204826E+17
  0.4300000000000000E+02   0.2093740477341954E+09   0.7836598201222473E+12   0.7363622213265941E+09   0.3601378106734059E+09   0.1696999990204826E+17
  0.4325000000000000E+02   0.2331632914137811E+09   0.7836258748964843E+12   0.7622263151910940E+09   0.3342737168089057E+09   0.1696999990204826E+17
  0.4350000000000000E+02   0.2550627886804118E+09   0.7841420866719722E+12   0.7826181349513059E+09   0.3138818970486941E+09   0.1696999990204826E+17
  0.4375000000000000E+02   0.2749285215852396E+09   0.7852681633679918E+12   0.7986732922505440E+09   0.2978267397494561E+09   0.1696999990204826E+17
  0.4400000000000000E+02   0.2927107494548688E+09   0.7870286409061090E+12   0.8112623224462041E+09   0.2852377095537961E+09   0.1696999990204826E+17
  0.4425000000000000E+02   0.3084331700192851E+09   0.7894148610534344E+12   0.8210594790454509E+09   0.2754405529545491E+09   0.1696999990204826E+17
  0.4450000000000000E+02   0.3221750141425736E+09   0.7923900511643884E+12   0.8285942847574017E+09   0.2679057472425986E+09   0.1696999990204826E+17
  0.4475000000000000E+02   0.3340565002601776E+09   0.7958963378400581E+12   0.8342891261894990E+09   0.2622109058105014E+09   0.1696999990204826E+17
  0.4500000000000000E+02   0.3442270475078278E+09   0.7998623707448218E+12   0.8384857155589229E+09   0.2580143164410775E+09   0.1696999990204826E+17
  0.4525000000000000E+02   0.3528557166306236E+09   0.8042105513370699E+12   0.8414644565025687E+09   0.2550355754974315E+09   0.1696999990204826E+17
  0.4550000000000000E+02   0.3601232899153902E+09   0.8088631897115630E+12   0.8434583956189262E+09   0.2530416363810739E+09   0.1696999990204826E+17
  0.4575000000000000E+02   0.3662155327731805E+09   0.8137472412110723E+12   0.8446632779636084E+09   0.2518367540363916E+09   0.1696999990204826E+17
  0.4600000000000000E+02   0.3713173459296249E+09   0.8187975470616857E+12   0.8452447749479637E+09   0.2512552570520366E+09   0.1696999990204826E+17
  0.4625000000000000E+02   0.3756076506418747E+09   0.8239586934480309E+12   0.8453436420429639E+09   0.2511563899570363E+09   0.1696999990204826E+17
  0.4650000000000000E+02   0.3792549317846910E+09   0.8291857117369161E+12   0.8450793497877135E+09   0.2514206822122869E+09   0.1696999990204826E+17
  0.4675000000000000E+02   0.3824133969975786E+09   0.8344438833475509E+12   0.8445525864612685E+09   0.2519474455387316E+09   0.1696999990204826E+17
  0.4700000000000000E+02   0.3852197084674261E+09   0.8397079056789280E+12   0.8438469322382416E+09   0.2526530997617586E+09   0.1696999990204826E+17
  0.4725000000000000E+02   0.3877902244258581E+09   0.8449606397597078E+12   0.8430299364836780E+09   0.2534700955163223E+09   0.1696999990204826E+17
  0.4750000000000000E+02   0.3902186647011152E+09   0.8501916115793999E+12   0.8421537804664570E+09   0.2543462515335430E+09   0.1696999990204826E+17
  0.4775000000000000E+02   0.3925740988151369E+09   0.8553953887104327E+12   0.8412556691856205E+09   0.2552443628143796E+09   0.1696999990204826E+17
  0.4800000000000000E+02   0.3948991518599135E+09   0.8605699089769919E+12   0.8403580629646353E+09   0.2561419690353651E+09   0.1696999990204826E+17
  0.4825000000000000E+02   0.3972083351852087E+09   0.8657148025614291E+12   0.8394688286817850E+09   0.2570312033182154E+09   0.1696999990204826E+17
  0.4850000000000000E+02   0.3994864363240824E+09   0.8708297248650583E+12   0.8385813601226516E+09   0.2579186718773489E+09   0.1696999990204826E+17
  0.4875000000000000E+02   0.4016869453702952E+09   0.8759127053128311E+12   0.8376746861083188E+09   0.2588253458916816E+09   0.1696999990204826E+17
  0.4900000000000000E+02   0.4037305528028841E+09   0.8809585171401049E+12   0.8367135534602726E+09   0.2597864785397280E+09   0.1696999990204826E+17
  0.4925000000000000E+02   0.4055038260968525E+09   0.8859570849543047E+12   0.8356484394727107E+09   0.2608515925272898E+09   0.1696999990204826E+17
  0.4950000000000000E+02   0.4068582582911789E+09   0.8908919701223323E+12   0.8344154152135428E+09   0.2620846167864577E+09   0.1696999990204826E+17
  0.4975000000000000E+02   0.4076099783503414E+09   0.8957390080055295E+12   0.8329357460910695E+09   0.2635642859089311E+09   0.1696999990204826E+17
  0.5000000000000000E+02   0.4075405148202799E+09   0.9004652136945612E+12   0.8311150785194970E+09   0.2653849534805033E+09   0.1696999990204826E+17
  0.5025000000000000E+02   0.4063991001086945E+09   0.9050281200650698E+12   0.8288420189179441E+09   0.2676580130820564E+09   0.1696999990204826E+17
  0.5050000000000000E+02   0.4039070753525756E+09   0.9093757566091373E+12   0.8259858603181682E+09   0.2705141716818325E+09   0.1696999990204826E+17
  0.5075000000000000E+02   0.3997649804819989E+09   0.9134475085087607E+12   0.8223931474623194E+09   0.2741068845376812E+09   0.1696999990204826E+17
  0.5100000000000000E+02   0.3936628600495017E+09   0.9171760977398103E+12   0.8178826867531507E+09   0.2786173452468498E+09   0.1696999990204826E+17
  0.5125000000000000E+02   0.3852941507884504E+09   0.9204908834455419E+12   0.8122384940310590E+09   0.2842615379689416E+09   0.1696999990204826E+17
  0.5150000000000000E+02   0.3743732181163349E+09   0.9233225690705178E+12   0.8052000207426519E+09   0.2913000112573491E+09   0.1696999990204826E+17
  0.5175000000000000E+02   0.3606561747766674E+09   0.9256092160310094E+12   0.7964487977626343E+09   0.3000512342373670E+09   0.1696999990204826E+17
  0.5200000000000000E+02   0.3439640830806950E+09   0.9273031989437709E+12   0.7855903821945661E+09   0.3109096498054352E+09   0.1696999990204826E+17
  0.5225000000000000E+02   0.3242071010546642E+09   0.9283784196563079E+12   0.7721302034463195E+09   0.3243698285536821E+09   0.1696999990204826E+17
  0.5250000000000000E+02   0.3014077196948357E+09   0.9288367827058560E+12   0.7554416576822124E+09   0.3410583743177888E+09   0.1696999990204826E+17
  0.5275000000000000E+02   0.2757211269698249E+09   0.9287126942301792E+12   0.7347252335013967E+09   0.3617747984986045E+09   0.1696999990204826E+17
  0.5300000000000000E+02   0.2474509235711151E+09   0.9280744302401921E+12   0.7089566882129261E+09   0.3875433437870752E+09   0.1696999990204826E+17
  0.5325000000000000E+02   0.2170593615620599E+09   0.9270213308133837E+12   0.6768275377705523E+09   0.4196724942294494E+09   0.1696999990204826E+17
  0.5350000000000000E+02   0.1851718550119087E+09   0.9256766159978605E+12   0.6366899144327595E+09   0.4598101175672423E+09   0.1696999990204826E+17
  0.5375000000000000E+02   0.1525765048325324E+09   0.9241765441788008E+12   0.5865371694608247E+09   0.5099628625391770E+09   0.1696999990204826E+17
  0.5400000000000000E+02   0.1202194349006441E+09   0.9226576567259933E+12   0.5241024881406376E+09   0.5723975438593638E+09   0.1696999990204826E+17
  0.5425000000000000E+02   0.8919591392119336E+08   0.9212444897501359E+12   0.4472563984370549E+09   0.6492436335629466E+09   0.1696999990204826E+17
  0.5450000000000000E+02   0.6073565316686264E+08   0.9200397585267257E+12   0.3550511807890397E+09   0.7414488512109621E+09   0.1696999990204826E+17
  0.5475000000000000E+02   0.3617885802633924E+08   0.9191171200796226E+12   0.2499235138374378E+09   0.8465765181625640E+09   0.1696999990204826E+17
  0.5500000000000000E+02   0.1693789002834674E+08   0.9185131829312607E+12   0.1413555321219413E+09   0.9551444998780603E+09   0.1696999990204826E+17
  0.5525000000000000E+02   0.4434122892103404E+07   0.9182149911865227E+12   0.4934869717611689E+08   0.1047151334823885E+10   0.1696999990204826E+17
  0.5550000000000000E+02   0.5572967837075297E+01   0.9181384651144635E+12   0.2856774900356366E+07   0.1093643257099646E+10   0.1696999990204826E+17
  0.5575000000000000E+02   0.5311207348100236E-23   0.9181356273031061E+12   0.1895807696062605E+05   0.1096481073923042E+10   0.1696999990204826E+17
  0.5600000000000000E+02  -0.2637902137160922E-43   0.9181356084701320E+12   0.1251030612690579E+03   0.1096499906896941E+10   0.1696999990204826E+17
  0.5625000000000000E+02  -0.5019657949467187E-54   0.9181356083456449E+12   0.6159547277252129E+00   0.1096500031384047E+10   0.1696999990204826E+17
  0.5650000000000000E+02   0.7505409205327038E-63   0.9181356083450244E+12  -0.4495767048740231E-02   0.1096500032004497E+10   0.1696999990204826E+17
  0.5675000000000000E+02  -0.1122211272261285E-71   0.9181356083450291E+12   0.3281397227229647E-04   0.1096500031999969E+10   0.1696999990204826E+17
  0.5700000000000000E+02   0.1677934014173008E-80   0.9181356083450291E+12  -0.2395045749954396E-06   0.1096500032000002E+10   0.1696999990204826E+17
  0.5725000000000000E+02  -0.2508852499980239E-89   0.9181356083450291E+12   0.1748110255221219E-08   0.1096500032000001E+10   0.1696999990204826E+17
  0.5750000000000000E+02   0.3751244574274482E-98   0.9181356083450291E+12  -0.1275921123622704E-10   0.1096500032000001E+10   0.1696999990204826E+17
  0.5775000000000000E+02  -0.5608873322020563-107   0.9181356083450291E+12   0.9312769082180154E-13   0.1096500032000001E+10   0.1696999990204826E+17
  0.5800000000000000E+02   0.8386405983288476-116   0.9181356083450291E+12  -0.6797259358146366E-15   0.1096500032000001E+10   0.1696999990204826E+17
  0.5825000000000000E+02  -0.1253938202533700-124   0.9181356083450291E+12   0.4961224140123541E-17   0.1096500032000001E+10   0.1696999990204826E+17
  0.5850000000000000E+02   0.1874892556962632-133   0.9181356083450291E+12  -0.3621127821030633E-19   0.1096500032000001E+10   0.1696999990204826E+17
  0.5875000000000000E+02  -0.2803345566034306-142   0.9181356083450291E+12   0.2643010338959516E-21   0.1096500032000001E+10   0.1696999990204826E+17
  0.5900000000000000E+02   0.4191571582819421-151   0.9181356083450291E+12  -0.1929096126150745E-23   0.1096500032000001E+10   0.1696999990204826E+17
  0.5925000000000000E+02  -0.6267251724785854-160   0.9181356083450291E+12   0.1408020168924061E-25   0.1096500032000001E+10   0.1696999990204826E+17
  0.5950000000000000E+02   0.9370815553485305-169   0.9181356083450291E+12  -0.1027694146093589E-27   0.1096500032000001E+10   0.1696999990204826E+17
  0.5975000000000000E+02  -0.1401127447780035-177   0.9181356083450291E+12   0.7500995235899871E-30   0.1096500032000001E+10   0.1696999990204826E+17
  0.6000000000000000E+02   0.2094970404355503-186   0.9181356083450291E+12  -0.5474871073544939E-32   0.1096500032000001E+10   0.1696999990204826E+17
  0.6025000000000000E+02  -0.3132406692966657-195   0.9181356083450291E+12   0.3996031503723939E-34   0.1096500032000001E+10   0.1696999990204826E+17
  0.6050000000000000E+02   0.4683584870575208-204   0.9181356083450291E+12  -0.2916647271552073E-36   0.1096500032000001E+10   0.1696999990204826E+17
  0.6075000000000000E+02  -0.7002911623556071-213   0.9181356083450291E+12   0.2128819880104687E-38   0.1096500032000001E+10   0.1696999990204826E+17
  0.6100000000000000E+02   0.1047077667268017-221   0.9181356083450291E+12  -0.1553795731877217E-40   0.1096500032000001E+10   0.1696999990204826E+17
  0.6125000000000000E+02  -0.1565593998935904-230   0.9181356083450291E+12   0.1134093682121174E-42   0.1096500032000001E+10   0.1696999990204826E+17
  0.6150000000000000E+02   0.2340881336815596-239   0.9181356083450291E+12  -0.8277590505885085E-45   0.1096500032000001E+10   0.1696999990204826E+17
  0.6175000000000000E+02  -0.3500093534323717-248   0.9181356083450291E+12   0.6041697054070870E-47   0.1096500032000001E+10   0.1696999990204826E+17
  0.6200000000000000E+02   0.5233351454576425-257   0.9181356083450291E+12  -0.4409749826017230E-49   0.1096500032000001E+10   0.1696999990204826E+17
  0.6225000000000000E+02  -0.7824924442314662-266   0.9181356083450291E+12   0.3218614464450255E-51   0.1096500032000001E+10   0.1696999990204826E+17
  0.6250000000000000E+02   0.1169985296408670-274   0.9181356083450291E+12  -0.2349221493166840E-53   0.1096500032000001E+10   0.1696999990204826E+17
  0.6275000000000000E+02  -0.1749365893439304-283   0.9181356083450291E+12   0.1714663773779958E-55   0.1096500032000001E+10   0.1696999990204826E+17
  0.6300000000000000E+02   0.2615657682641298-292   0.9181356083450291E+12  -0.1251509006564557E-57   0.1096500032000001E+10   0.1696999990204826E+17
  0.6325000000000000E+02  -0.3910942284178916-301   0.9181356083450291E+12   0.9134588468381560E-60   0.1096500032000001E+10   0.1696999990204826E+17
  0.6350000000000000E+02   0.1758390703672018-307   0.9181356083450291E+12  -0.6667207830628206E-62   0.1096500032000001E+10   0.1696999990204826E+17
  0.6375000000000000E+02   0.1473291445885565-307   0.9181356083450291E+12   0.4866301356722843E-64   0.1096500032000001E+10   0.1696999990204826E+17
  0.6400000000000000E+02   0.1234566767000803-307   0.9181356083450291E+12  -0.3551845014588559E-66   0.1096500032000001E+10   0.1696999990204826E+17
  0.6425000000000000E+02   0.1033945895032956-307   0.9181356083450291E+12   0.2592441791593737E-68   0.1096500032000001E+10   0.1696999990204826E+17
  0.6450000000000000E+02   0.8662885568641680-308   0.9181356083450291E+12  -0.1892186853648588E-70   0.1096500032000001E+10   0.1696999990204826E+17
  0.6475000000000000E+02   0.4421706929658496E+07   0.9181206044780587E+12   0.2428777926585168E+08   0.1072212252734149E+10   0.1696999990204826E+17
  0.6500000000000000E+02   0.1691086899825921E+08   0.9179641794959122E+12   0.1049492275956726E+09   0.9915508044043280E+09   0.1696999990204826E+17
  0.6525000000000000E+02   0.3610045457458538E+08   0.9175236341415726E+12   0.2148988912395349E+09   0.8816011407604654E+09   0.1696999990204826E+17
  0.6550000000000000E+02   0.6050399787425741E+08   0.9167438033719863E+12   0.3271711407326945E+09   0.7693288912673055E+09   0.1696999990204826E+17
  0.6575000000000000E+02   0.8864097623177251E+08   0.9156480333250967E+12   0.4272926268855785E+09   0.6692074051144217E+09   0.1696999990204826E+17
  0.6600000000000000E+02   0.1191215157808477E+09   0.9143145565743707E+12   0.5107534082109708E+09   0.5857466237890294E+09   0.1696999990204826E+17
  0.6625000000000000E+02   0.1507016723803883E+09   0.9128567816490809E+12   0.5782015617438300E+09   0.5182984702561700E+09   0.1696999990204826E+17
  0.6650000000000000E+02   0.1823205008634747E+09   0.9114100307530083E+12   0.6320042212952386E+09   0.4644958107047611E+09   0.1696999990204826E+17
  0.6675000000000000E+02   0.2131168048248208E+09   0.9101191943306847E+12   0.6747374126041307E+09   0.4217626193958689E+09   0.1696999990204826E+17
  0.6700000000000000E+02   0.2424294166362992E+09   0.9091256206196991E+12   0.7086591226281407E+09   0.3878409093718589E+09   0.1696999990204826E+17
  0.6725000000000000E+02   0.2697843430042162E+09   0.9085542899051714E+12   0.7355976396926999E+09   0.3609023923072999E+09   0.1696999990204826E+17
  0.6750000000000000E+02   0.2948732010467337E+09   0.9085032731419751E+12   0.7569872821374494E+09   0.3395127498625507E+09   0.1696999990204826E+17
  0.6775000000000000E+02   0.3175273675257864E+09   0.9090370685957144E+12   0.7739422852641543E+09   0.3225577467358459E+09   0.1696999990204826E+17
  0.6800000000000000E+02   0.3376915068007234E+09   0.9101844428143195E+12   0.7873295137878464E+09   0.3091705182121538E+09   0.1696999990204826E+17
  0.6825000000000000E+02   0.3553990145170920E+09   0.9119404593615806E+12   0.7978282355298172E+09   0.2986717964701833E+09   0.1696999990204826E+17
  0.6850000000000000E+02   0.3707504751322856E+09   0.9142715963005714E+12   0.8059768212867434E+09   0.2905232107132571E+09   0.1696999990204826E+17
  0.6875000000000000E+02   0.3838958308961514E+09   0.9171228159561373E+12   0.8122078964188803E+09   0.2842921355811201E+09   0.1696999990204826E+17
  0.6900000000000000E+02   0.3950196383453228E+09   0.9204252254598948E+12   0.8168735244886904E+09   0.2796265075113097E+09   0.1696999990204826E+17
  0.6925000000000000E+02   0.4043290147356536E+09   0.9241033404130078E+12   0.8202639592579854E+09   0.2762360727420146E+09   0.1696999990204826E+17
  0.6950000000000000E+02   0.4120436680130698E+09   0.9280812722808864E+12   0.8226213323624990E+09   0.2738786996375012E+09   0.1696999990204826E+17
  0.6975000000000000E+02   0.4183875376092814E+09   0.9322874922597762E+12   0.8241496146491394E+09   0.2723504173508607E+09   0.1696999990204826E+17
  0.7000000000000000E+02   0.4235817161419297E+09   0.9366580970310336E+12   0.8250218287022393E+09   0.2714782032977606E+09   0.1696999990204826E+17
  0.7025000000000000E+02   0.4278384440260662E+09   0.9411386919044026E+12   0.8253852232471083E+09   0.2711148087528914E+09   0.1696999990204826E+17
  0.7050000000000000E+02   0.4313560463299075E+09   0.9456851148828135E+12   0.8253649303115537E+09   0.2711351016884460E+09   0.1696999990204826E+17
  0.7075000000000000E+02   0.4343147143528115E+09   0.9502632657463856E+12   0.8250664936638423E+09   0.2714335383361575E+09   0.1696999990204826E+17
  0.7100000000000000E+02   0.4368730360147896E+09   0.9548482968879941E+12   0.8245775650658303E+09   0.2719224669341694E+09   0.1696999990204826E+17
  0.7125000000000000E+02   0.4391651651934150E+09   0.9594233867262158E+12   0.8239689997680932E+09   0.2725310322319067E+09   0.1696999990204826E+17
  0.7150000000000000E+02   0.4412985042857484E+09   0.9639782676934462E+12   0.8232955344931875E+09   0.2732044975068127E+09   0.1696999990204826E+17
  0.7175000000000000E+02   0.4433517659277853E+09   0.9685076303258242E+12   0.8225961928074373E+09   0.2739038391925629E+09   0.1696999990204826E+17
  0.7200000000000000E+02   0.4453732842412783E+09   0.9730094801165338E+12   0.8218945295441022E+09   0.2746055024558981E+09   0.1696999990204826E+17
