  0.0000000000000000E+00   0.9905999755859375E+02   0.6624000000000000E+09   0.5325999964160000E+12   0.8725000320000000E+09   0.2240000000000000E+09   0.8119999886314701E+17   0.1696999990204826E+17
  0.2500000000000000E+00   0.9965312194824219E+02   0.6714931200000000E+09   0.5377002045440000E+12   0.9432922880000000E+09   0.1532078560000000E+09   0.8119999886314701E+17   0.1696999990204826E+17
  0.5000000000000000E+00   0.1005755386352539E+03   0.6776439680000000E+09   0.5427269795840000E+12   0.9425255680000000E+09   0.1539745280000000E+09   0.8119999886314701E+17   0.1696999990204826E+17
  0.7500000000000000E+00   0.1014576568603516E+03   0.6835612160000000E+09   0.5477040783360000E+12   0.9417148160000000E+09   0.1547853120000000E+09   0.8119999886314701E+17   0.1696999990204826E+17
  0.1000000000000000E+01   0.1022603607177734E+03   0.6890266240000000E+09   0.5526263562240000E+12   0.9408649600000000E+09   0.1556352800000000E+09   0.8119999886314701E+17   0.1696999990204826E+17
  0.1250000000000000E+01   0.1029276657104492E+03   0.6937280640000000E+09   0.5574849986560000E+12   0.9399342720000000E+09   0.1565661120000000E+09   0.8119999886314701E+17   0.1696999990204826E+17
  0.1500000000000000E+01   0.1033863067626953E+03   0.6972560640000000E+09   0.5622652600320000E+12   0.9388683520000000E+09   0.1576320800000000E+09   0.8119999886314701E+17   0.1696999990204826E+17
  0.1750000000000000E+01   0.1035461120605469E+03   0.6991044480000000E+09   0.5669455134720000E+12   0.9376000000000000E+09   0.1589004960000000E+09   0.8119999886314701E+17   0.1696999990204826E+17
  0.2000000000000000E+01   0.1033013839721680E+03   0.6986775040000000E+09   0.5714960711680000E+12   0.9360478720000000E+09   0.1604526400000000E+09   0.8119999886314701E+17   0.1696999990204826E+17
  0.2250000000000000E+01   0.1025335998535156E+03   0.6953021440000000E+09   0.5758786600960000E+12   0.9341149440000000E+09   0.1623856160000000E+09   0.8119999886314701E+17   0.1696999990204826E+17
  0.2500000000000000E+01   0.1011164093017578E+03   0.6882524160000000E+09   0.5800465530880000E+12   0.9316860160000000E+09   0.1648145600000000E+09   0.8119999886314701E+17   0.1696999990204826E+17
  0.2750000000000000E+01   0.9892267608642578E+02   0.6767847040000000E+09   0.5839458795520000E+12   0.9286240640000000E+09   0.1678765280000000E+09   0.8119999886314701E+17   0.1696999990204826E+17
  0.3000000000000000E+01   0.9583437347412109E+02   0.6601878400000000E+09   0.5875174604800000E+12   0.9247648000000000E+09   0.1717357280000000E+09   0.8119999886314701E+17   0.1696999990204826E+17
  0.3250000000000000E+01   0.9175474548339844E+02   0.6378434560000000E+09   0.5906992988160000E+12   0.9199095680000000E+09   0.1765910400000000E+09   0.8119999886314701E+17   0.1696999990204826E+17
  0.3500000000000000E+01   0.8662295532226562E+02   0.6093023360000000E+09   0.5934315601920000E+12   0.9138141440000000E+09   0.1826865600000000E+09   0.8119999886314701E+17   0.1696999990204826E+17
  0.3750000000000000E+01   0.8042930603027344E+02   0.5743634560000000E+09   0.5956623400960000E+12   0.9061744640000000E+09   0.1903262880000000E+09   0.8119999886314701E+17   0.1696999990204826E+17
  0.4000000000000000E+01   0.7322975921630859E+02   0.5331517440000000E+09   0.5973532999680000E+12   0.8966062080000000E+09   0.1998945280000000E+09   0.8119999886314701E+17   0.1696999990204826E+17
  0.4250000000000000E+01   0.6515705108642578E+02   0.4861823360000000E+09   0.5984866140160000E+12   0.8846168960000000E+09   0.2118839040000000E+09   0.8119999886314701E+17   0.1696999990204826E+17
  0.4500000000000000E+01   0.5642551422119141E+02   0.4343950080000000E+09   0.5990709329920000E+12   0.8695664000000000E+09   0.2269343680000000E+09   0.8119999886314701E+17   0.1696999990204826E+17
  0.4750000000000000E+01   0.4732684326171875E+02   0.3791483520000000E+09   0.5991438745600000E+12   0.8506144000000000E+09   0.2458863040000000E+09   0.8119999886314701E+17   0.1696999990204826E+17
  0.5000000000000000E+01   0.3821471405029297E+02   0.3221618240000000E+09   0.5987728752640000E+12   0.8266488320000000E+09   0.2698519040000000E+09   0.8119999886314701E+17   0.1696999990204826E+17
  0.5250000000000000E+01   0.2947781753540039E+02   0.2654044320000000E+09   0.5980525035520000E+12   0.7961937920000000E+09   0.3003069440000000E+09   0.8119999886314701E+17   0.1696999990204826E+17
  0.5500000000000000E+01   0.2150182533264160E+02   0.2109314400000000E+09   0.5970948915200000E+12   0.7572977920000000E+09   0.3392030400000000E+09   0.8119999886314701E+17   0.1696999990204826E+17
  0.5750000000000000E+01   0.1462451076507568E+02   0.1606910720000000E+09   0.5960189214720000E+12   0.7074286720000000E+09   0.3890721280000000E+09   0.8119999886314701E+17   0.1696999990204826E+17
  0.6000000000000000E+01   0.9089109420776367E+01   0.1163215280000000E+09   0.5949369876480000E+12   0.6434455040000000E+09   0.4530553600000000E+09   0.8119999886314701E+17   0.1696999990204826E+17
  0.6250000000000000E+01   0.5004025936126709E+01   0.7897582400000000E+08   0.5939424788480000E+12   0.5618403840000000E+09   0.5346604480000000E+09   0.8119999886314701E+17   0.1696999990204826E+17
  0.6500000000000000E+01   0.2317941188812256E+01   0.4921079600000000E+08   0.5931021762560000E+12   0.4597020160000000E+09   0.6367987200000000E+09   0.8119999886314701E+17   0.1696999990204826E+17
  0.6750000000000000E+01   0.8207954764366150E+00   0.2698373000000000E+08   0.5924533043200000E+12   0.3372332160000000E+09   0.7592674560000000E+09   0.8119999886314701E+17   0.1696999990204826E+17
  0.7000000000000000E+01   0.1793651133775711E+00   0.1178859700000000E+08   0.5920079872000000E+12   0.2028288800000000E+09   0.8936718720000000E+09   0.8119999886314701E+17   0.1696999990204826E+17
  0.7250000000000000E+01   0.1224459335207939E-01   0.2945136750000000E+07   0.5917575086080000E+12   0.7997387200000000E+08   0.1016526784000000E+10   0.8119999886314701E+17   0.1696999990204826E+17
  0.7500000000000000E+01  -0.1965599558118036E-11  -0.1808336486816406E+03   0.5916677242880000E+12   0.9065887000000000E+07   0.1087434752000000E+10   0.8119999886314701E+17   0.1696999990204826E+17
  0.7750000000000000E+01  -0.9636683172998179E-35   0.4761690064469803E-07   0.5916588113920000E+12   0.2513486875000000E+06   0.1096249216000000E+10   0.8119999886314701E+17   0.1696999990204826E+17
  0.8000000000000000E+01  -0.9629824926843693E-35  -0.5979875260092029E-16   0.5916586147840000E+12   0.7757072753906250E+04   0.1096492672000000E+10   0.8119999886314701E+17   0.1696999990204826E+17
  0.8250000000000000E+01  -0.9622966680689207E-35   0.7514010439497352E-25   0.5916586147840000E+12   0.2392839355468750E+03   0.1096500352000000E+10   0.8119999886314701E+17   0.1696999990204826E+17
  0.8500000000000000E+01  -0.9616108434534721E-35  -0.2503808233466164E-29   0.5916586147840000E+12   0.7269569873809814E+01   0.1096500608000000E+10   0.8119999886314701E+17   0.1696999990204826E+17
  0.8750000000000000E+01  -0.9609250188380234E-35  -0.2100945442659696E-29   0.5916586147840000E+12   0.1955522596836090E+00   0.1096500608000000E+10   0.8119999886314701E+17   0.1696999990204826E+17
  0.9000000000000000E+01  -0.9602391942225748E-35  -0.1763624455273155E-29   0.5916586147840000E+12   0.5260375794023275E-02   0.1096500608000000E+10   0.8119999886314701E+17   0.1696999990204826E+17
  0.9250000000000000E+01  -0.9595533696071262E-35  -0.1475493392570220E-29   0.5916586147840000E+12   0.1415047008777037E-03   0.1096500608000000E+10   0.8119999886314701E+17   0.1696999990204826E+17
  0.9500000000000000E+01  -0.9588675449916776E-35  -0.1234043561527140E-29   0.5916586147840000E+12   0.3806488393820473E-05   0.1096500608000000E+10   0.8119999886314701E+17   0.1696999990204826E+17
  0.9750000000000000E+01  -0.9581817203762290E-35  -0.1033453820079095E-29   0.5916586147840000E+12   0.1023948925649165E-06   0.1096500608000000E+10   0.8119999886314701E+17   0.1696999990204826E+17
  0.1000000000000000E+02  -0.9574958957607803E-35  -0.8621214747461794E-30   0.5916586147840000E+12   0.2754434902385583E-08   0.1096500608000000E+10   0.8119999886314701E+17   0.1696999990204826E+17
  0.1025000000000000E+02  -0.9568100711453317E-35  -0.7157713936337759E-30   0.5916586147840000E+12   0.7409457075668868E-10   0.1096500608000000E+10   0.8119999886314701E+17   0.1696999990204826E+17
  0.1050000000000000E+02  -0.9561242465298831E-35  -0.5907606727289118E-30   0.5916586147840000E+12   0.1993152171086976E-11   0.1096500608000000E+10   0.8119999886314701E+17   0.1696999990204826E+17
  0.1075000000000000E+02  -0.9554384219144345E-35  -0.4839823394030417E-30   0.5916586147840000E+12   0.5361599971507106E-13   0.1096500608000000E+10   0.8119999886314701E+17   0.1696999990204826E+17
  0.1100000000000000E+02  -0.9547525972989858E-35  -0.3985356080219956E-30   0.5916586147840000E+12   0.1442275715937485E-14   0.1096500608000000E+10   0.8119999886314701E+17   0.1696999990204826E+17
  0.1125000000000000E+02  -0.9540667726835372E-35  -0.3301054033931139E-30   0.5916586147840000E+12   0.3879736145841551E-16   0.1096500608000000E+10   0.8119999886314701E+17   0.1696999990204826E+17
  0.1150000000000000E+02  -0.9533809480680886E-35  -0.2716480928366086E-30   0.5916586147840000E+12   0.1043652641484813E-17   0.1096500608000000E+10   0.8119999886314701E+17   0.1696999990204826E+17
  0.1175000000000000E+02  -0.9526951234526400E-35  -0.2217195580326073E-30   0.5916586147840000E+12   0.2807435812485917E-19   0.1096500608000000E+10   0.8119999886314701E+17   0.1696999990204826E+17
  0.1200000000000000E+02  -0.9520092988371913E-35  -0.1790700604070900E-30   0.5916586147840000E+12   0.7552026211541576E-21   0.1096500608000000E+10   0.8119999886314701E+17   0.1696999990204826E+17
  0.1225000000000000E+02  -0.9513234742217427E-35  -0.1426429245782153E-30   0.5916586147840000E+12   0.2031502371029013E-22   0.1096500608000000E+10   0.8119999886314701E+17   0.1696999990204826E+17
  0.1250000000000000E+02  -0.9506376496062941E-35  -0.1115262843132199E-30   0.5916586147840000E+12   0.5464758979132563E-24   0.1096500608000000E+10   0.8119999886314701E+17   0.1696999990204826E+17
  0.1275000000000000E+02  -0.9499518249908455E-35  -0.8495147210115767E-31   0.5916586147840000E+12   0.1469996074560690E-25   0.1096500608000000E+10   0.8119999886314701E+17   0.1696999990204826E+17
  0.1300000000000000E+02  -0.9492660003753968E-35  -0.6224766858084479E-31   0.5916586147840000E+12   0.3952187357367436E-27   0.1096500608000000E+10   0.8119999886314701E+17   0.1696999990204826E+17
  0.1325000000000000E+02  -0.9485801757599482E-35  -0.4285409829474976E-31   0.5916586147840000E+12   0.1048326776458806E-28   0.1096500608000000E+10   0.8119999886314701E+17   0.1696999990204826E+17
  0.1350000000000000E+02  -0.9478943511444996E-35  -0.2629090975518752E-31   0.5916586147840000E+12   0.1882127145744240E-30   0.1096500608000000E+10   0.8119999886314701E+17   0.1696999990204826E+17
  0.1375000000000000E+02  -0.9472085265290510E-35  -0.1214585415458883E-31   0.5916586147840000E+12  -0.4209875795100600E-31   0.1096500608000000E+10   0.8119999886314701E+17   0.1696999990204826E+17
  0.1400000000000000E+02  -0.9465227019136024E-35  -0.5969830712597529E-34   0.5916586147840000E+12  -0.8725250817036405E-32   0.1096500608000000E+10   0.8119999886314701E+17   0.1696999990204826E+17
  0.1425000000000000E+02  -0.9458368772981537E-35   0.1026486850202131E-31   0.5916586147840000E+12   0.2603364987777418E-31   0.1096500608000000E+10   0.8119999886314701E+17   0.1696999990204826E+17
  0.1450000000000000E+02  -0.9451510526827051E-35   0.1908227881084615E-31   0.5916586147840000E+12   0.5594980478204878E-31   0.1096500608000000E+10   0.8119999886314701E+17   0.1696999990204826E+17
  0.1475000000000000E+02  -0.9444652280672565E-35   0.2661886386285931E-31   0.5916586147840000E+12   0.8141423327538078E-31   0.1096500608000000E+10   0.8119999886314701E+17   0.1696999990204826E+17
  0.1500000000000000E+02  -0.9437794034518079E-35   0.3305238264847609E-31   0.5916586147840000E+12   0.1034414692671344E-30   0.1096500608000000E+10   0.8119999886314701E+17   0.1696999990204826E+17
  0.1525000000000000E+02  -0.9430935788363592E-35   0.3854555885068083E-31   0.5916586147840000E+12   0.1220553047629702E-30   0.1096500608000000E+10   0.8119999886314701E+17   0.1696999990204826E+17
  0.1550000000000000E+02  -0.9424077542209106E-35   0.4323926958994782E-31   0.5916586147840000E+12   0.1379951374644990E-30   0.1096500608000000E+10   0.8119999886314701E+17   0.1696999990204826E+17
  0.1575000000000000E+02  -0.9417219296054620E-35   0.4724959493342077E-31   0.5916586147840000E+12   0.1515736253591525E-30   0.1096500608000000E+10   0.8119999886314701E+17   0.1696999990204826E+17
  0.1600000000000000E+02  -0.9410361049900134E-35   0.5067308117086858E-31   0.5916586147840000E+12   0.1631005582281464E-30   0.1096500608000000E+10   0.8119999886314701E+17   0.1696999990204826E+17
  0.1625000000000000E+02  -0.9403502803745647E-35   0.5359922162595524E-31   0.5916586147840000E+12   0.1730384460787552E-30   0.1096500608000000E+10   0.8119999886314701E+17   0.1696999990204826E+17
  0.1650000000000000E+02  -0.9396644557591161E-35   0.5609805225210273E-31   0.5916586147840000E+12   0.1815043681483208E-30   0.1096500608000000E+10   0.8119999886314701E+17   0.1696999990204826E+17
  0.1675000000000000E+02   0.1224262267351151E-01   0.2939219750000000E+07   0.5916621537280000E+12   0.2856005800000000E+08   0.1067940416000000E+10   0.8119999886314701E+17   0.1696999990204826E+17
  0.1700000000000000E+02   0.1792454570531845E+00   0.1178197400000000E+08   0.5916130017280000E+12   0.1326333040000000E+09   0.9638671360000000E+09   0.8119999886314701E+17   0.1696999990204826E+17
  0.1725000000000000E+02   0.8193247914314270E+00   0.2694366800000000E+08   0.5913917521920000E+12   0.2756526720000000E+09   0.8208475520000000E+09   0.8119999886314701E+17   0.1696999990204826E+17
  0.1750000000000000E+02   0.2309434175491333E+01   0.4903542400000000E+08   0.5909253980160000E+12   0.4154042240000000E+09   0.6810960000000000E+09   0.8119999886314701E+17   0.1696999990204826E+17
  0.1775000000000000E+02   0.4972553253173828E+01   0.7847312800000000E+08   0.5902068613120000E+12   0.5328417600000000E+09   0.5636583680000000E+09   0.8119999886314701E+17   0.1696999990204826E+17
  0.1800000000000000E+02   0.9002691268920898E+01   0.1151964160000000E+09   0.5892803133440000E+12   0.6254053760000000E+09   0.4710947200000000E+09   0.8119999886314701E+17   0.1696999990204826E+17
  0.1825000000000000E+02   0.1443333435058594E+02   0.1585612480000000E+09   0.5882274775040000E+12   0.6966834560000000E+09   0.3998168000000000E+09   0.8119999886314701E+17   0.1696999990204826E+17
  0.1850000000000000E+02   0.2114397621154785E+02   0.2073877600000000E+09   0.5871574056960000E+12   0.7512896000000000E+09   0.3452104640000000E+09   0.8119999886314701E+17   0.1696999990204826E+17
  0.1875000000000000E+02   0.2889341163635254E+02   0.2601128320000000E+09   0.5861957959680000E+12   0.7932220800000000E+09   0.3032780800000000E+09   0.8119999886314701E+17   0.1696999990204826E+17
  0.1900000000000000E+02   0.3736578369140625E+02   0.3149852480000000E+09   0.5854710988800000E+12   0.8255794560000000E+09   0.2709207360000000E+09   0.8119999886314701E+17   0.1696999990204826E+17
  0.1925000000000000E+02   0.4621761703491211E+02   0.3702565760000000E+09   0.5851011481600000E+12   0.8506718080000000E+09   0.2458284640000000E+09   0.8119999886314701E+17   0.1696999990204826E+17
  0.1950000000000000E+02   0.5511732482910156E+02   0.4243329600000000E+09   0.5851816263680000E+12   0.8702017280000000E+09   0.2262985280000000E+09   0.8119999886314701E+17   0.1696999990204826E+17
  0.1975000000000000E+02   0.6377339172363281E+02   0.4758772160000000E+09   0.5857772175360000E+12   0.8854275840000000E+09   0.2110726880000000E+09   0.8119999886314701E+17   0.1696999990204826E+17
  0.2000000000000000E+02   0.7195069885253906E+02   0.5238590720000000E+09   0.5869195755520000E+12   0.8972872320000000E+09   0.1992131360000000E+09   0.8119999886314701E+17   0.1696999990204826E+17
  0.2025000000000000E+02   0.7947679901123047E+02   0.5675669120000000E+09   0.5886079139840000E+12   0.9064877440000000E+09   0.1900125120000000E+09   0.8119999886314701E+17   0.1696999990204826E+17
  0.2050000000000000E+02   0.8624086761474609E+02   0.6065888000000000E+09   0.5908139212800000E+12   0.9135702400000000E+09   0.1829299360000000E+09   0.8119999886314701E+17   0.1696999990204826E+17
  0.2075000000000000E+02   0.9218788909912109E+02   0.6407781120000000E+09   0.5934877900800000E+12   0.9189551360000000E+09   0.1775449120000000E+09   0.8119999886314701E+17   0.1696999990204826E+17
  0.2100000000000000E+02   0.9731039428710938E+02   0.6702100480000000E+09   0.5965664747520000E+12   0.9229741440000000E+09   0.1735258560000000E+09   0.8119999886314701E+17   0.1696999990204826E+17
  0.2125000000000000E+02   0.1016388092041016E+03   0.6951344000000000E+09   0.5999795896320000E+12   0.9258933760000000E+09   0.1706067040000000E+09   0.8119999886314701E+17   0.1696999990204826E+17
  0.2150000000000000E+02   0.1052320861816406E+03   0.7159307520000000E+09   0.6036561592320000E+12   0.9279294720000000E+09   0.1685706560000000E+09   0.8119999886314701E+17   0.1696999990204826E+17
  0.2175000000000000E+02   0.1081688537597656E+03   0.7330661120000000E+09   0.6075293368320000E+12   0.9292612480000000E+09   0.1672388160000000E+09   0.8119999886314701E+17   0.1696999990204826E+17
  0.2200000000000000E+02   0.1105393600463867E+03   0.7470570240000000E+09   0.6115392880640000E+12   0.9300382720000000E+09   0.1664617120000000E+09   0.8119999886314701E+17   0.1696999990204826E+17
  0.2225000000000000E+02   0.1124385986328125E+03   0.7584369280000000E+09   0.6156350259200000E+12   0.9303864960000000E+09   0.1661134560000000E+09   0.8119999886314701E+17   0.1696999990204826E+17
  0.2250000000000000E+02   0.1139607925415039E+03   0.7677288960000000E+09   0.6197751971840000E+12   0.9304120960000000E+09   0.1660877600000000E+09   0.8119999886314701E+17   0.1696999990204826E+17
  0.2275000000000000E+02   0.1151947784423828E+03   0.7754235520000000E+09   0.6239280168960000E+12   0.9302044160000000E+09   0.1662953920000000E+09   0.8119999886314701E+17   0.1696999990204826E+17
  0.2300000000000000E+02   0.1162206344604492E+03   0.7819621120000000E+09   0.6280702197760000E+12   0.9298378240000000E+09   0.1666621440000000E+09   0.8119999886314701E+17   0.1696999990204826E+17
  0.2325000000000000E+02   0.1171070861816406E+03   0.7877226880000000E+09   0.6321863393280000E+12   0.9293719680000000E+09   0.1671279680000000E+09   0.8119999886314701E+17   0.1696999990204826E+17
  0.2350000000000000E+02   0.1179096527099609E+03   0.7930112000000000E+09   0.6362668072960000E+12   0.9288536960000000E+09   0.1676463840000000E+09   0.8119999886314701E+17   0.1696999990204826E+17
  0.2375000000000000E+02   0.1186691589355469E+03   0.7980527360000000E+09   0.6403068395520000E+12   0.9283159680000000E+09   0.1681841280000000E+09   0.8119999886314701E+17   0.1696999990204826E+17
  0.2400000000000000E+02   0.1194108352661133E+03   0.8029867520000000E+09   0.6443048632320000E+12   0.9277790080000000E+09   0.1687211040000000E+09   0.8119999886314701E+17   0.1696999990204826E+17
  0.2425000000000000E+02   0.1201431884765625E+03   0.8078602880000000E+09   0.6482604195840000E+12   0.9272498560000000E+09   0.1692503040000000E+09   0.8119999886314701E+17   0.1696999990204826E+17
  0.2450000000000000E+02   0.1208573837280273E+03   0.8126245120000000E+09   0.6521737052160000E+12   0.9267222400000000E+09   0.1697779200000000E+09   0.8119999886314701E+17   0.1696999990204826E+17
  0.2475000000000000E+02   0.1215262908935547E+03   0.8171292160000000E+09   0.6560430817280000E+12   0.9261768960000000E+09   0.1703232320000000E+09   0.8119999886314701E+17   0.1696999990204826E+17
  0.2500000000000000E+02   0.1221039199829102E+03   0.8211194240000000E+09   0.6598646824960000E+12   0.9255813120000000E+09   0.1709188480000000E+09   0.8119999886314701E+17   0.1696999990204826E+17
  0.2525000000000000E+02   0.1225247726440430E+03   0.8242309760000000E+09   0.6636298567680000E+12   0.9248895360000000E+09   0.1716106400000000E+09   0.8119999886314701E+17   0.1696999990204826E+17
  0.2550000000000000E+02   0.1227038803100586E+03   0.8259906560000000E+09   0.6673250385920000E+12   0.9240421760000000E+09   0.1724580800000000E+09   0.8119999886314701E+17   0.1696999990204826E+17
  0.2575000000000000E+02   0.1225373535156250E+03   0.8258178560000000E+09   0.6709295841280000E+12   0.9229652480000000E+09   0.1735348480000000E+09   0.8119999886314701E+17   0.1696999990204826E+17
  0.2600000000000000E+02   0.1219045410156250E+03   0.8230348800000000E+09   0.6744160993280000E+12   0.9215701760000000E+09   0.1749298400000000E+09   0.8119999886314701E+17   0.1696999990204826E+17
  0.2625000000000000E+02   0.1206709976196289E+03   0.8168806400000000E+09   0.6777484738560000E+12   0.9197512960000000E+09   0.1767488000000000E+09   0.8119999886314701E+17   0.1696999990204826E+17
  0.2650000000000000E+02   0.1186944656372070E+03   0.8065407360000000E+09   0.6808832573440000E+12   0.9173832320000000E+09   0.1791168640000000E+09   0.8119999886314701E+17   0.1696999990204826E+17
  0.2675000000000000E+02   0.1158330078125000E+03   0.7911866880000000E+09   0.6837698560000000E+12   0.9143175040000000E+09   0.1821824480000000E+09   0.8119999886314701E+17   0.1696999990204826E+17
  0.2700000000000000E+02   0.1119559249877930E+03   0.7700311680000000E+09   0.6863528919040000E+12   0.9103769600000000E+09   0.1861230560000000E+09   0.8119999886314701E+17   0.1696999990204826E+17
  0.2725000000000000E+02   0.1069578094482422E+03   0.7423985280000000E+09   0.6885750865920000E+12   0.9053473920000000E+09   0.1911526880000000E+09   0.8119999886314701E+17   0.1696999990204826E+17
  0.2750000000000000E+02   0.1007745437622070E+03   0.7078066560000000E+09   0.6903817830400000E+12   0.8989669120000000E+09   0.1975332480000000E+09   0.8119999886314701E+17   0.1696999990204826E+17
  0.2775000000000000E+02   0.9340013122558594E+02   0.6660544000000000E+09   0.6917261885440000E+12   0.8909104640000000E+09   0.2055896000000000E+09   0.8119999886314701E+17   0.1696999990204826E+17
  0.2800000000000000E+02   0.8490293884277344E+02   0.6173079680000000E+09   0.6925757317120000E+12   0.8807696640000000E+09   0.2157303840000000E+09   0.8119999886314701E+17   0.1696999990204826E+17
  0.2825000000000000E+02   0.7543761444091797E+02   0.5621700480000000E+09   0.6929180262400000E+12   0.8680236800000000E+09   0.2284763840000000E+09   0.8119999886314701E+17   0.1696999990204826E+17
  0.2850000000000000E+02   0.6525045776367188E+02   0.5017181440000000E+09   0.6927667691520000E+12   0.8520009600000000E+09   0.2444991840000000E+09   0.8119999886314701E+17   0.1696999990204826E+17
  0.2875000000000000E+02   0.5467451858520508E+02   0.4374981440000000E+09   0.6921645588480000E+12   0.8318271360000000E+09   0.2646729920000000E+09   0.8119999886314701E+17   0.1696999990204826E+17
  0.2900000000000000E+02   0.4411245346069336E+02   0.3714599680000000E+09   0.6911838126080000E+12   0.8063592320000000E+09   0.2901409920000000E+09   0.8119999886314701E+17   0.1696999990204826E+17
  0.2925000000000000E+02   0.3400596618652344E+02   0.3058332160000000E+09   0.6899219169280000E+12   0.7741023360000000E+09   0.3223978240000000E+09   0.8119999886314701E+17   0.1696999990204826E+17
  0.2950000000000000E+02   0.2479312324523926E+02   0.2429460000000000E+09   0.6884938874880000E+12   0.7331219840000000E+09   0.3633782720000000E+09   0.8119999886314701E+17   0.1696999990204826E+17
  0.2975000000000000E+02   0.1685738182067871E+02   0.1850065760000000E+09   0.6870204416000000E+12   0.6809766400000000E+09   0.4155237120000000E+09   0.8119999886314701E+17   0.1696999990204826E+17
  0.3000000000000000E+02   0.1047440910339355E+02   0.1338737280000000E+09   0.6856144977920000E+12   0.6147672320000000E+09   0.4817331520000000E+09   0.8119999886314701E+17   0.1696999990204826E+17
  0.3025000000000000E+02   0.5765868186950684E+01   0.9085652800000000E+08   0.6843690516480000E+12   0.5314930880000000E+09   0.5650072960000000E+09   0.8119999886314701E+17   0.1696999990204826E+17
  0.3050000000000000E+02   0.2670633792877197E+01   0.5658567200000000E+08   0.6833485250560000E+12   0.4291462720000000E+09   0.6673543040000000E+09   0.8119999886314701E+17   0.1696999990204826E+17
  0.3075000000000000E+02   0.9456647634506226E+00   0.3100718200000000E+08   0.6825857515520000E+12   0.3092279360000000E+09   0.7872725760000000E+09   0.8119999886314701E+17   0.1696999990204826E+17
  0.3100000000000000E+02   0.2066557407379150E+00   0.1353516300000000E+08   0.6820840079360000E+12   0.1812928000000000E+09   0.9152077440000000E+09   0.8119999886314701E+17   0.1696999990204826E+17
  0.3125000000000000E+02   0.1410812512040138E-01   0.3378641750000000E+07   0.6818195046400000E+12   0.6827031200000000E+08   0.1028230208000000E+10   0.8119999886314701E+17   0.1696999990204826E+17
  0.3150000000000000E+02  -0.1363224637340732E-11  -0.6042953491210938E+02   0.6817350942720000E+12   0.6285361000000000E+07   0.1090215168000000E+10   0.8119999886314701E+17   0.1696999990204826E+17
  0.3175000000000000E+02   0.3683804432033639E-35   0.6504809135776668E-08   0.6817289338880000E+12   0.1164243125000000E+06   0.1096384128000000E+10   0.8119999886314701E+17   0.1696999990204826E+17
  0.3200000000000000E+02   0.3683804432033639E-35  -0.7331284398264621E-17   0.6817288028160000E+12   0.2069559082031250E+04   0.1096498432000000E+10   0.8119999886314701E+17   0.1696999990204826E+17
  0.3225000000000000E+02   0.3683804432033639E-35   0.8278347169104119E-26   0.6817288028160000E+12   0.3671942901611328E+02   0.1096500480000000E+10   0.8119999886314701E+17   0.1696999990204826E+17
  0.3250000000000000E+02   0.3683804432033639E-35  -0.1405324185108619E-29   0.6817288028160000E+12   0.5731659531593323E+00   0.1096500480000000E+10   0.8119999886314701E+17   0.1696999990204826E+17
  0.3275000000000000E+02   0.3683804432033639E-35  -0.1185111117126139E-29   0.6817288028160000E+12   0.5904180463403463E-02   0.1096500480000000E+10   0.8119999886314701E+17   0.1696999990204826E+17
  0.3300000000000000E+02   0.3683804432033639E-35  -0.1000419137436806E-29   0.6817288028160000E+12   0.6081895844545215E-04   0.1096500480000000E+10   0.8119999886314701E+17   0.1696999990204826E+17
  0.3325000000000000E+02   0.3683804432033639E-35  -0.8426566988897833E-30   0.6817288028160000E+12   0.6264968419600336E-06   0.1096500480000000E+10   0.8119999886314701E+17   0.1696999990204826E+17
  0.3350000000000000E+02   0.3683804432033639E-35  -0.7079016470341168E-30   0.6817288028160000E+12   0.6453546141926836E-08   0.1096500480000000E+10   0.8119999886314701E+17   0.1696999990204826E+17
  0.3375000000000000E+02   0.3683804432033639E-35  -0.5927955004699592E-30   0.6817288028160000E+12   0.6647800365744416E-10   0.1096500480000000E+10   0.8119999886314701E+17   0.1696999990204826E+17
  0.3400000000000000E+02   0.3683804432033639E-35  -0.4944727801281980E-30   0.6817288028160000E+12   0.6847902778682469E-12   0.1096500480000000E+10   0.8119999886314701E+17   0.1696999990204826E+17
  0.3425000000000000E+02   0.3683804432033639E-35  -0.4145444775067482E-30   0.6817288028160000E+12   0.7054024316163927E-14   0.1096500480000000E+10   0.8119999886314701E+17   0.1696999990204826E+17
  0.3450000000000000E+02   0.3683804432033639E-35  -0.3540966553462214E-30   0.6817288028160000E+12   0.7266359488293701E-16   0.1096500480000000E+10   0.8119999886314701E+17   0.1696999990204826E+17
  0.3475000000000000E+02   0.3683804432033639E-35  -0.3024641474411552E-30   0.6817288028160000E+12   0.7485080331797803E-18   0.1096500480000000E+10   0.8119999886314701E+17   0.1696999990204826E+17
  0.3500000000000000E+02   0.3683804432033639E-35  -0.2583603046949135E-30   0.6817288028160000E+12   0.7710390404296154E-20   0.1096500480000000E+10   0.8119999886314701E+17   0.1696999990204826E+17
  0.3525000000000000E+02   0.3683804432033639E-35  -0.2206882968386309E-30   0.6817288028160000E+12   0.7942483203326920E-22   0.1096500480000000E+10   0.8119999886314701E+17   0.1696999990204826E+17
  0.3550000000000000E+02   0.3683804432033639E-35  -0.1885084689530909E-30   0.6817288028160000E+12   0.8181554521516204E-24   0.1096500480000000E+10   0.8119999886314701E+17   0.1696999990204826E+17
  0.3575000000000000E+02   0.3683804432033639E-35  -0.1610207090534625E-30   0.6817288028160000E+12   0.8427355598529382E-26   0.1096500480000000E+10   0.8119999886314701E+17   0.1696999990204826E+17
  0.3600000000000000E+02   0.3683804432033639E-35  -0.1375411262813809E-30   0.6817288028160000E+12   0.8641218539199793E-28   0.1096500480000000E+10   0.8119999886314701E+17   0.1696999990204826E+17
  0.3625000000000000E+02   0.3683804432033639E-35  -0.1174859466323408E-30   0.6817288028160000E+12   0.5501859931622568E-30   0.1096500480000000E+10   0.8119999886314701E+17   0.1696999990204826E+17
  0.3650000000000000E+02   0.3683804432033639E-35  -0.1003535278921288E-30   0.6817288028160000E+12  -0.2847369403143706E-30   0.1096500480000000E+10   0.8119999886314701E+17   0.1696999990204826E+17
  0.3675000000000000E+02   0.3683804432033639E-35  -0.8571975169896810E-31   0.6817288028160000E+12  -0.2509363760827472E-30   0.1096500480000000E+10   0.8119999886314701E+17   0.1696999990204826E+17
  0.3700000000000000E+02   0.3683804432033639E-35  -0.7321854560212569E-31   0.6817288028160000E+12  -0.2144488433541273E-30   0.1096500480000000E+10   0.8119999886314701E+17   0.1696999990204826E+17
  0.3725000000000000E+02   0.3683804432033639E-35  -0.6254236501459594E-31   0.6817288028160000E+12  -0.1832473676618331E-30   0.1096500480000000E+10   0.8119999886314701E+17   0.1696999990204826E+17
  0.3750000000000000E+02   0.3683804432033639E-35  -0.5342435508632691E-31   0.6817288028160000E+12  -0.1564675609899309E-30   0.1096500480000000E+10   0.8119999886314701E+17   0.1696999990204826E+17
  0.3775000000000000E+02   0.3683804432033639E-35  -0.4563666680856286E-31   0.6817288028160000E+12  -0.1336358871941356E-30   0.1096500480000000E+10   0.8119999886314701E+17   0.1696999990204826E+17
  0.3800000000000000E+02   0.3683804432033639E-35  -0.3898241957122042E-31   0.6817288028160000E+12  -0.1141681020722014E-30   0.1096500480000000E+10   0.8119999886314701E+17   0.1696999990204826E+17
  0.3825000000000000E+02   0.3683804432033639E-35  -0.3329904544431676E-31   0.6817288028160000E+12  -0.9754204515602133E-31   0.1096500480000000E+10   0.8119999886314701E+17   0.1696999990204826E+17
  0.3850000000000000E+02   0.3683804432033639E-35  -0.2844457115889543E-31   0.6817288028160000E+12  -0.8331290938324420E-31   0.1096500480000000E+10   0.8119999886314701E+17   0.1696999990204826E+17
  0.3875000000000000E+02   0.3683804432033639E-35  -0.2429643085773208E-31   0.6817288028160000E+12  -0.7110734599310536E-31   0.1096500480000000E+10   0.8119999886314701E+17   0.1696999990204826E+17
  0.3900000000000000E+02   0.3683804432033639E-35  -0.2075213465774645E-31   0.6817288028160000E+12  -0.6085888665753755E-31   0.1096500480000000E+10   0.8119999886314701E+17   0.1696999990204826E+17
  0.3925000000000000E+02   0.3683804432033639E-35  -0.1772629758803067E-31   0.6817288028160000E+12  -0.5189647691648688E-31   0.1096500480000000E+10   0.8119999886314701E+17   0.1696999990204826E+17
  0.3950000000000000E+02   0.3683804432033639E-35  -0.1514133555206255E-31   0.6817288028160000E+12  -0.4432234069743670E-31   0.1096500480000000E+10   0.8119999886314701E+17   0.1696999990204826E+17
  0.3975000000000000E+02   0.3683804432033639E-35  -0.1293283586752084E-31   0.6817288028160000E+12  -0.3786548834895610E-31   0.1096500480000000E+10   0.8119999886314701E+17   0.1696999990204826E+17
  0.4000000000000000E+02   0.3683804432033639E-35  -0.1104793655344906E-31   0.6817288028160000E+12  -0.3230894124629853E-31   0.1096500480000000E+10   0.8119999886314701E+17   0.1696999990204826E+17
  0.4025000000000000E+02   0.3683804432033639E-35  -0.9437899410010201E-32   0.6817288028160000E+12  -0.2760605871235925E-31   0.1096500480000000E+10   0.8119999886314701E+17   0.1696999990204826E+17
  0.4050000000000000E+02   0.3683804432033639E-35  -0.8060095869255675E-32   0.6817288028160000E+12  -0.2363395309833535E-31   0.1096500480000000E+10   0.8119999886314701E+17   0.1696999990204826E+17
  0.4075000000000000E+02   0.1410620752722025E-01   0.3370210250000000E+07   0.6817267712000000E+12   0.2726428600000000E+08   0.1069236160000000E+10   0.8119999886314701E+17   0.1696999990204826E+17
  0.4100000000000000E+02   0.2065224945545197E+00   0.1352039900000000E+08   0.6816441958400000E+12   0.1236890480000000E+09   0.9728116480000000E+09   0.8119999886314701E+17   0.1696999990204826E+17
  0.4125000000000000E+02   0.9439486265182495E+00   0.3094761400000000E+08   0.6813470556160000E+12   0.2567758240000000E+09   0.8397248640000000E+09   0.8119999886314701E+17   0.1696999990204826E+17
  0.4150000000000000E+02   0.2660485029220581E+01   0.5636262000000000E+08   0.6807516610560000E+12   0.3899459200000000E+09   0.7065547520000000E+09   0.8119999886314701E+17   0.1696999990204826E+17
  0.4175000000000000E+02   0.5727728843688965E+01   0.9023636000000000E+08   0.6798420869120000E+12   0.5050298240000000E+09   0.5914707200000000E+09   0.8119999886314701E+17   0.1696999990204826E+17
  0.4200000000000000E+02   0.1036810874938965E+02   0.1324835200000000E+09   0.6786563440640000E+12   0.5979797120000000E+09   0.4985207040000000E+09   0.8119999886314701E+17   0.1696999990204826E+17
  0.4225000000000000E+02   0.1661823463439941E+02   0.1823417120000000E+09   0.6772739276800000E+12   0.6709361920000000E+09   0.4255641920000000E+09   0.8119999886314701E+17   0.1696999990204826E+17
  0.4250000000000000E+02   0.2433619117736816E+02   0.2384266720000000E+09   0.6758049382400000E+12   0.7276371200000000E+09   0.3688632000000000E+09   0.8119999886314701E+17   0.1696999990204826E+17
  0.4275000000000000E+02   0.3323983001708984E+02   0.2989082880000000E+09   0.6743780884480000E+12   0.7716514560000000E+09   0.3248486400000000E+09   0.8119999886314701E+17   0.1696999990204826E+17
  0.4300000000000000E+02   0.4296002578735352E+02   0.3617370560000000E+09   0.6731265474560000E+12   0.8058988800000000E+09   0.2906010560000000E+09   0.8119999886314701E+17   0.1696999990204826E+17
  0.4325000000000000E+02   0.5309544372558594E+02   0.4248671680000000E+09   0.6721735884800000E+12   0.8326342400000000E+09   0.2638658080000000E+09   0.8119999886314701E+17   0.1696999990204826E+17
  0.4350000000000000E+02   0.6325876617431641E+02   0.4864354240000000E+09   0.6716206612480000E+12   0.8535610240000000E+09   0.2429388320000000E+09   0.8119999886314701E+17   0.1696999990204826E+17
  0.4375000000000000E+02   0.7311009979248047E+02   0.5448832000000000E+09   0.6715387412480000E+12   0.8699616640000000E+09   0.2265380160000000E+09   0.8119999886314701E+17   0.1696999990204826E+17
  0.4400000000000000E+02   0.8237638092041016E+02   0.5990172800000000E+09   0.6719656427520000E+12   0.8828044160000000E+09   0.2136952960000000E+09   0.8119999886314701E+17   0.1696999990204826E+17
  0.4425000000000000E+02   0.9085910797119141E+02   0.6480248320000000E+09   0.6729069363200000E+12   0.8928266880000000E+09   0.2036730560000000E+09   0.8119999886314701E+17   0.1696999990204826E+17
  0.4450000000000000E+02   0.9843295288085938E+02   0.6914497920000000E+09   0.6743398809600000E+12   0.9005966080000000E+09   0.1959032320000000E+09   0.8119999886314701E+17   0.1696999990204826E+17
  0.4475000000000000E+02   0.1050387496948242E+03   0.7291519360000000E+09   0.6762203709440000E+12   0.9065577600000000E+09   0.1899421120000000E+09   0.8119999886314701E+17   0.1696999990204826E+17
  0.4500000000000000E+02   0.1106734008789062E+03   0.7612522880000000E+09   0.6784901447680000E+12   0.9110615680000000E+09   0.1854382880000000E+09   0.8119999886314701E+17   0.1696999990204826E+17
  0.4525000000000000E+02   0.1153778686523438E+03   0.7880746240000000E+09   0.6810832732160000E+12   0.9143909120000000E+09   0.1821089760000000E+09   0.8119999886314701E+17   0.1696999990204826E+17
  0.4550000000000000E+02   0.1192260742187500E+03   0.8100910080000000E+09   0.6839327784960000E+12   0.9167762560000000E+09   0.1797236640000000E+09   0.8119999886314701E+17   0.1696999990204826E+17
  0.4575000000000000E+02   0.1223137130737305E+03   0.8278696320000000E+09   0.6869748940800000E+12   0.9184082560000000E+09   0.1780916640000000E+09   0.8119999886314701E+17   0.1696999990204826E+17
  0.4600000000000000E+02   0.1247489624023438E+03   0.8420295680000000E+09   0.6901526036480000E+12   0.9194463360000000E+09   0.1770536320000000E+09   0.8119999886314701E+17   0.1696999990204826E+17
  0.4625000000000000E+02   0.1266443634033203E+03   0.8532025600000000E+09   0.6934170173440000E+12   0.9200245760000000E+09   0.1764753600000000E+09   0.8119999886314701E+17   0.1696999990204826E+17
  0.4650000000000000E+02   0.1281103363037109E+03   0.8620018560000000E+09   0.6967284858880000E+12   0.9202563840000000E+09   0.1762436000000000E+09   0.8119999886314701E+17   0.1696999990204826E+17
  0.4675000000000000E+02   0.1292500610351562E+03   0.8689973760000000E+09   0.7000565350400000E+12   0.9202368000000000E+09   0.1762632000000000E+09   0.8119999886314701E+17   0.1696999990204826E+17
  0.4700000000000000E+02   0.1301558380126953E+03   0.8746968960000000E+09   0.7033788825600000E+12   0.9200447360000000E+09   0.1764552480000000E+09   0.8119999886314701E+17   0.1696999990204826E+17
  0.4725000000000000E+02   0.1309062957763672E+03   0.8795331200000000E+09   0.7066805207040000E+12   0.9197440640000000E+09   0.1767558400000000E+09   0.8119999886314701E+17   0.1696999990204826E+17
  0.4750000000000000E+02   0.1315644378662109E+03   0.8838526720000000E+09   0.7099522744320000E+12   0.9193843200000000E+09   0.1771156000000000E+09   0.8119999886314701E+17   0.1696999990204826E+17
  0.4775000000000000E+02   0.1321764526367188E+03   0.8879098880000000E+09   0.7131896872960000E+12   0.9190007040000000E+09   0.1774992160000000E+09   0.8119999886314701E+17   0.1696999990204826E+17
  0.4800000000000000E+02   0.1327705993652344E+03   0.8918608640000000E+09   0.7163911864320000E+12   0.9186145920000000E+09   0.1778853280000000E+09   0.8119999886314701E+17   0.1696999990204826E+17
  0.4825000000000000E+02   0.1333563842773438E+03   0.8957580160000000E+09   0.7195563786240000E+12   0.9182332800000000E+09   0.1782665120000000E+09   0.8119999886314701E+17   0.1696999990204826E+17
  0.4850000000000000E+02   0.1339240264892578E+03   0.8995474560000000E+09   0.7226853294080000E+12   0.9178506240000000E+09   0.1786492320000000E+09   0.8119999886314701E+17   0.1696999990204826E+17
  0.4875000000000000E+02   0.1344436798095703E+03   0.9030640000000000E+09   0.7257768591360000E+12   0.9174460160000000E+09   0.1790539040000000E+09   0.8119999886314701E+17   0.1696999990204826E+17
  0.4900000000000000E+02   0.1348648071289062E+03   0.9060281600000000E+09   0.7288270356480000E+12   0.9169852160000000E+09   0.1795147200000000E+09   0.8119999886314701E+17   0.1696999990204826E+17
  0.4925000000000000E+02   0.1351158599853516E+03   0.9080429440000000E+09   0.7318278635520000E+12   0.9164199680000000E+09   0.1800799360000000E+09   0.8119999886314701E+17   0.1696999990204826E+17
  0.4950000000000000E+02   0.1351043853759766E+03   0.9085943040000000E+09   0.7347661701120000E+12   0.9156878080000000E+09   0.1808121120000000E+09   0.8119999886314701E+17   0.1696999990204826E+17
  0.4975000000000000E+02   0.1347178497314453E+03   0.9070546560000000E+09   0.7376225566720000E+12   0.9147113600000000E+09   0.1817885280000000E+09   0.8119999886314701E+17   0.1696999990204826E+17
  0.5000000000000000E+02   0.1338259582519531E+03   0.9026935680000000E+09   0.7403703500800000E+12   0.9133974400000000E+09   0.1831023360000000E+09   0.8119999886314701E+17   0.1696999990204826E+17
  0.5025000000000000E+02   0.1322842407226562E+03   0.8946947200000000E+09   0.7429752750080000E+12   0.9116355200000000E+09   0.1848642240000000E+09   0.8119999886314701E+17   0.1696999990204826E+17
  0.5050000000000000E+02   0.1299404144287109E+03   0.8821875200000000E+09   0.7453958471680000E+12   0.9092947200000000E+09   0.1872050880000000E+09   0.8119999886314701E+17   0.1696999990204826E+17
  0.5075000000000000E+02   0.1266431579589844E+03   0.8642899840000000E+09   0.7475838976000000E+12   0.9062198400000000E+09   0.1902798240000000E+09   0.8119999886314701E+17   0.1696999990204826E+17
  0.5100000000000000E+02   0.1222539443969727E+03   0.8401678080000000E+09   0.7494866042880000E+12   0.9022263040000000E+09   0.1942733600000000E+09   0.8119999886314701E+17   0.1696999990204826E+17
  0.5125000000000000E+02   0.1166620178222656E+03   0.8091095680000000E+09   0.7510499655680000E+12   0.8970913280000000E+09   0.1994084160000000E+09   0.8119999886314701E+17   0.1696999990204826E+17
  0.5150000000000000E+02   0.1098012161254883E+03   0.7706123520000000E+09   0.7522223390720000E+12   0.8905427200000000E+09   0.2059569120000000E+09   0.8119999886314701E+17   0.1696999990204826E+17
  0.5175000000000000E+02   0.1016681976318359E+03   0.7244768000000000E+09   0.7529607987200000E+12   0.8822442880000000E+09   0.2142552000000000E+09   0.8119999886314701E+17   0.1696999990204826E+17
  0.5200000000000000E+02   0.9233919525146484E+02   0.6708954880000000E+09   0.7532362465280000E+12   0.8717737600000000E+09   0.2247257440000000E+09   0.8119999886314701E+17   0.1696999990204826E+17
  0.5225000000000000E+02   0.8198294830322266E+02   0.6105274880000000E+09   0.7530399006720000E+12   0.8585950720000000E+09   0.2379044960000000E+09   0.8119999886314701E+17   0.1696999990204826E+17
  0.5250000000000000E+02   0.7086608123779297E+02   0.5445381760000000E+09   0.7523890626560000E+12   0.8420191360000000E+09   0.2544804800000000E+09   0.8119999886314701E+17   0.1696999990204826E+17
  0.5275000000000000E+02   0.5934792709350586E+02   0.4745922880000000E+09   0.7513296076800000E+12   0.8211550080000000E+09   0.2753446080000000E+09   0.8119999886314701E+17   0.1696999990204826E+17
  0.5300000000000000E+02   0.4786208343505859E+02   0.4027855360000000E+09   0.7499363778560000E+12   0.7948444800000000E+09   0.3016551360000000E+09   0.8119999886314701E+17   0.1696999990204826E+17
  0.5325000000000000E+02   0.3688382339477539E+02   0.3315125760000000E+09   0.7483095121920000E+12   0.7615880960000000E+09   0.3349114240000000E+09   0.8119999886314701E+17   0.1696999990204826E+17
  0.5350000000000000E+02   0.2688429641723633E+02   0.2632735680000000E+09   0.7465656647680000E+12   0.7194681600000000E+09   0.3770314240000000E+09   0.8119999886314701E+17   0.1696999990204826E+17
  0.5375000000000000E+02   0.1827573966979980E+02   0.2004407520000000E+09   0.7448263393280000E+12   0.6661086720000000E+09   0.4303909120000000E+09   0.8119999886314701E+17   0.1696999990204826E+17
  0.5400000000000000E+02   0.1135422706604004E+02   0.1450119680000000E+09   0.7432049131520000E+12   0.5987659520000000E+09   0.4977335680000000E+09   0.8119999886314701E+17   0.1696999990204826E+17
  0.5425000000000000E+02   0.6249667167663574E+01   0.9839401600000000E+08   0.7417935298560000E+12   0.5147412480000000E+09   0.5817583360000000E+09   0.8119999886314701E+17   0.1696999990204826E+17
  0.5450000000000000E+02   0.2894592046737671E+01   0.6126368400000000E+08   0.7406547107840000E+12   0.4125391360000000E+09   0.6839605760000000E+09   0.8119999886314701E+17   0.1696999990204826E+17
  0.5475000000000000E+02   0.1024953365325928E+01   0.3355912400000000E+08   0.7398174883840000E+12   0.2943400640000000E+09   0.8021598720000000E+09   0.8119999886314701E+17   0.1696999990204826E+17
  0.5500000000000000E+02   0.2239841967821121E+00   0.1464307300000000E+08   0.7392789135360000E+12   0.1702047040000000E+09   0.9262954240000000E+09   0.8119999886314701E+17   0.1696999990204826E+17
  0.5525000000000000E+02   0.1529136672616005E-01   0.3653767000000000E+07   0.7390043176960000E+12   0.6256374800000000E+08   0.1033936448000000E+10   0.8119999886314701E+17   0.1696999990204826E+17
  0.5550000000000000E+02  -0.1087858102211126E-11   0.9347801208496094E+02   0.7389222010880000E+12   0.5140177000000000E+07   0.1091360000000000E+10   0.8119999886314701E+17   0.1696999990204826E+17
  0.5575000000000000E+02  -0.2567239591786029E-35  -0.1362499713053467E-07   0.7389171548160000E+12   0.6206916406250000E+05   0.1096438144000000E+10   0.8119999886314701E+17   0.1696999990204826E+17
  0.5600000000000000E+02  -0.2567239591786029E-35   0.1484160873139389E-16   0.7389170892800000E+12   0.7624329223632812E+03   0.1096499456000000E+10   0.8119999886314701E+17   0.1696999990204826E+17
  0.5625000000000000E+02  -0.2567239591786029E-35  -0.1620693775658774E-25   0.7389170892800000E+12   0.9316687583923340E+01   0.1096500224000000E+10   0.8119999886314701E+17   0.1696999990204826E+17
  0.5650000000000000E+02  -0.2567239591786029E-35  -0.4291526279230609E-30   0.7389170892800000E+12   0.3808864206075668E-01   0.1096500224000000E+10   0.8119999886314701E+17   0.1696999990204826E+17
  0.5675000000000000E+02  -0.2567239591786029E-35  -0.3665788536994110E-30   0.7389170892800000E+12   0.1302222226513550E-03   0.1096500224000000E+10   0.8119999886314701E+17   0.1696999990204826E+17
  0.5700000000000000E+02  -0.2567239591786029E-35  -0.3131296427850360E-30   0.7389170892800000E+12   0.4452207633676153E-06   0.1096500224000000E+10   0.8119999886314701E+17   0.1696999990204826E+17
  0.5725000000000000E+02  -0.2567239591786029E-35  -0.2674728309420359E-30   0.7389170892800000E+12   0.1522173165291463E-08   0.1096500224000000E+10   0.8119999886314701E+17   0.1696999990204826E+17
  0.5750000000000000E+02  -0.2567239591786029E-35  -0.2284732432758217E-30   0.7389170892800000E+12   0.5204187775165181E-11   0.1096500224000000E+10   0.8119999886314701E+17   0.1696999990204826E+17
  0.5775000000000000E+02  -0.2567239591786029E-35  -0.1951609558876429E-30   0.7389170892800000E+12   0.1779271649178342E-13   0.1096500224000000E+10   0.8119999886314701E+17   0.1696999990204826E+17
  0.5800000000000000E+02  -0.2567239591786029E-35  -0.1667050470857338E-30   0.7389170892800000E+12   0.6083190780344392E-16   0.1096500224000000E+10   0.8119999886314701E+17   0.1696999990204826E+17
  0.5825000000000000E+02  -0.2567239591786029E-35  -0.1423981866543741E-30   0.7389170892800000E+12   0.2079798696458889E-18   0.1096500224000000E+10   0.8119999886314701E+17   0.1696999990204826E+17
  0.5850000000000000E+02  -0.2567239591786029E-35  -0.1216363115565631E-30   0.7389170892800000E+12   0.7110673050111076E-21   0.1096500224000000E+10   0.8119999886314701E+17   0.1696999990204826E+17
  0.5875000000000000E+02  -0.2567239591786029E-35  -0.1038994888859888E-30   0.7389170892800000E+12   0.2431086885806826E-23   0.1096500224000000E+10   0.8119999886314701E+17   0.1696999990204826E+17
  0.5900000000000000E+02  -0.2567239591786029E-35  -0.8874975295742166E-31   0.7389170892800000E+12   0.8311449282616269E-26   0.1096500224000000E+10   0.8119999886314701E+17   0.1696999990204826E+17
  0.5925000000000000E+02  -0.2567239591786029E-35  -0.7581213870536472E-31   0.7389170892800000E+12   0.2821272206041326E-28   0.1096500224000000E+10   0.8119999886314701E+17   0.1696999990204826E+17
  0.5950000000000000E+02  -0.2567239591786029E-35  -0.6475890067239346E-31   0.7389170892800000E+12  -0.7736465523679800E-31   0.1096500224000000E+10   0.8119999886314701E+17   0.1696999990204826E+17
  0.5975000000000000E+02  -0.2567239591786029E-35  -0.5531525529905965E-31   0.7389170892800000E+12  -0.1488735265902572E-30   0.1096500224000000E+10   0.8119999886314701E+17   0.1696999990204826E+17
  0.6000000000000000E+02  -0.2567239591786029E-35  -0.4725000341770768E-31   0.7389170892800000E+12  -0.1273303709271158E-30   0.1096500224000000E+10   0.8119999886314701E+17   0.1696999990204826E+17
  0.6025000000000000E+02  -0.2567239591786029E-35  -0.4036057796433210E-31   0.7389170892800000E+12  -0.1088155120556192E-30   0.1096500224000000E+10   0.8119999886314701E+17   0.1696999990204826E+17
  0.6050000000000000E+02  -0.2567239591786029E-35  -0.3447684964153841E-31   0.7389170892800000E+12  -0.9291047398687469E-31   0.1096500224000000E+10   0.8119999886314701E+17   0.1696999990204826E+17
  0.6075000000000000E+02  -0.2567239591786029E-35  -0.2944904577535246E-31   0.7389170892800000E+12  -0.7940028819147572E-31   0.1096500224000000E+10   0.8119999886314701E+17   0.1696999990204826E+17
  0.6100000000000000E+02  -0.2567239591786029E-35  -0.2515627558799981E-31   0.7389170892800000E+12  -0.6785947273419864E-31   0.1096500224000000E+10   0.8119999886314701E+17   0.1696999990204826E+17
  0.6125000000000000E+02  -0.2567239591786029E-35  -0.2148678336217985E-31   0.7389170892800000E+12  -0.5788964082460624E-31   0.1096500224000000E+10   0.8119999886314701E+17   0.1696999990204826E+17
  0.6150000000000000E+02  -0.2567239591786029E-35  -0.1835530902325949E-31   0.7389170892800000E+12  -0.4948805943833288E-31   0.1096500224000000E+10   0.8119999886314701E+17   0.1696999990204826E+17
  0.6175000000000000E+02  -0.2567239591786029E-35  -0.1567856438837917E-31   0.7389170892800000E+12  -0.4233588454892563E-31   0.1096500224000000E+10   0.8119999886314701E+17   0.1696999990204826E+17
  0.6200000000000000E+02  -0.2567239591786029E-35  -0.1339126397066215E-31   0.7389170892800000E+12  -0.3613273032997537E-31   0.1096500224000000E+10   0.8119999886314701E+17   0.1696999990204826E+17
  0.6225000000000000E+02  -0.2567239591786029E-35  -0.1143824182022433E-31   0.7389170892800000E+12  -0.3076056833245191E-31   0.1096500224000000E+10   0.8119999886314701E+17   0.1696999990204826E+17
  0.6250000000000000E+02  -0.2567239591786029E-35  -0.9769989053744975E-32   0.7389170892800000E+12  -0.2634728646425296E-31   0.1096500224000000E+10   0.8119999886314701E+17   0.1696999990204826E+17
  0.6275000000000000E+02  -0.2567239591786029E-35  -0.8346274377067176E-32   0.7389170892800000E+12  -0.2243724548258454E-31   0.1096500224000000E+10   0.8119999886314701E+17   0.1696999990204826E+17
  0.6300000000000000E+02  -0.2567239591786029E-35  -0.7131187907141256E-32   0.7389170892800000E+12  -0.1921869199152320E-31   0.1096500224000000E+10   0.8119999886314701E+17   0.1696999990204826E+17
  0.6325000000000000E+02  -0.2567239591786029E-35  -0.6093078723887354E-32   0.7389170892800000E+12  -0.1640598233318708E-31   0.1096500224000000E+10   0.8119999886314701E+17   0.1696999990204826E+17
  0.6350000000000000E+02  -0.2567239591786029E-35  -0.5205813016492799E-32   0.7389170892800000E+12  -0.1402355503512976E-31   0.1096500224000000E+10   0.8119999886314701E+17   0.1696999990204826E+17
  0.6375000000000000E+02  -0.2567239591786029E-35  -0.4446977046423287E-32   0.7389170892800000E+12  -0.1190526425643809E-31   0.1096500224000000E+10   0.8119999886314701E+17   0.1696999990204826E+17
  0.6400000000000000E+02  -0.2567239591786029E-35  -0.3800023159297101E-32   0.7389170892800000E+12  -0.1021483725839841E-31   0.1096500224000000E+10   0.8119999886314701E+17   0.1696999990204826E+17
  0.6425000000000000E+02  -0.2567239591786029E-35  -0.3244774361924363E-32   0.7389170892800000E+12  -0.8852758158638037E-32   0.1096500224000000E+10   0.8119999886314701E+17   0.1696999990204826E+17
  0.6450000000000000E+02  -0.2567239591786029E-35  -0.2771703823604634E-32   0.7389170892800000E+12  -0.7492226303316936E-32   0.1096500224000000E+10   0.8119999886314701E+17   0.1696999990204826E+17
  0.6475000000000000E+02   0.1528944633901119E-01   0.3643700750000000E+07   0.7389116497920000E+12   0.2647201000000000E+08   0.1070028288000000E+10   0.8119999886314701E+17   0.1696999990204826E+17
  0.6500000000000000E+02   0.2238416671752930E+00   0.1462375500000000E+08   0.7388084961280000E+12   0.1188304080000000E+09   0.9776698880000000E+09   0.8119999886314701E+17   0.1696999990204826E+17
  0.6525000000000000E+02   0.1023076415061951E+01   0.3348792400000000E+08   0.7384627937280000E+12   0.2465876800000000E+09   0.8499125760000000E+09   0.8119999886314701E+17   0.1696999990204826E+17
  0.6550000000000000E+02   0.2883373022079468E+01   0.6101051600000000E+08   0.7377839063040000E+12   0.3761030720000000E+09   0.7203970560000000E+09   0.8119999886314701E+17   0.1696999990204826E+17
  0.6575000000000000E+02   0.6207166671752930E+01   0.9769775200000000E+08   0.7367489617920000E+12   0.4897273920000000E+09   0.6067727360000000E+09   0.8119999886314701E+17   0.1696999990204826E+17
  0.6600000000000000E+02   0.1123486423492432E+02   0.1434482240000000E+09   0.7353917112320000E+12   0.5827291520000000E+09   0.5137708800000000E+09   0.8119999886314701E+17   0.1696999990204826E+17
  0.6625000000000000E+02   0.1800494956970215E+02   0.1974237120000000E+09   0.7337901424640000E+12   0.6565004160000000E+09   0.4399996480000000E+09   0.8119999886314701E+17   0.1696999990204826E+17
  0.6650000000000000E+02   0.2636176872253418E+02   0.2581092480000000E+09   0.7320550768640000E+12   0.7142986240000000E+09   0.3822014080000000E+09   0.8119999886314701E+17   0.1696999990204826E+17
  0.6675000000000000E+02   0.3599699783325195E+02   0.3235040640000000E+09   0.7303170621440000E+12   0.7594384640000000E+09   0.3370614400000000E+09   0.8119999886314701E+17   0.1696999990204826E+17
  0.6700000000000000E+02   0.4650754547119141E+02   0.3913685440000000E+09   0.7287122165760000E+12   0.7947262720000000E+09   0.3017735680000000E+09   0.8119999886314701E+17   0.1696999990204826E+17
  0.6725000000000000E+02   0.5745518112182617E+02   0.4594672320000000E+09   0.7273675489280000E+12   0.8223753600000000E+09   0.2741243840000000E+09   0.8119999886314701E+17   0.1696999990204826E+17
  0.6750000000000000E+02   0.6841716003417969E+02   0.5257658560000000E+09   0.7263883100160000E+12   0.8440849920000000E+09   0.2524147360000000E+09   0.8119999886314701E+17   0.1696999990204826E+17
  0.6775000000000000E+02   0.7902290344238281E+02   0.5885655680000000E+09   0.7258505216000000E+12   0.8611469440000000E+09   0.2353527200000000E+09   0.8119999886314701E+17   0.1696999990204826E+17
  0.6800000000000000E+02   0.8897535705566406E+02   0.6465702400000000E+09   0.7257960611840000E+12   0.8745443840000000E+09   0.2219552160000000E+09   0.8119999886314701E+17   0.1696999990204826E+17
  0.6825000000000000E+02   0.9805957031250000E+02   0.6989032320000000E+09   0.7262346936320000E+12   0.8850307840000000E+09   0.2114688640000000E+09   0.8119999886314701E+17   0.1696999990204826E+17
  0.6850000000000000E+02   0.1061411743164062E+03   0.7450823040000000E+09   0.7271478067200000E+12   0.8931889920000000E+09   0.2033107200000000E+09   0.8119999886314701E+17   0.1696999990204826E+17
  0.6875000000000000E+02   0.1131586380004883E+03   0.7849719040000000E+09   0.7284954234880000E+12   0.8994752640000000E+09   0.1970243520000000E+09   0.8119999886314701E+17   0.1696999990204826E+17
  0.6900000000000000E+02   0.1191116409301758E+03   0.8187229440000000E+09   0.7302221660160000E+12   0.9042525440000000E+09   0.1922471200000000E+09   0.8119999886314701E+17   0.1696999990204826E+17
  0.6925000000000000E+02   0.1240482101440430E+03   0.8467072000000000E+09   0.7322654474240000E+12   0.9078126720000000E+09   0.1886870560000000E+09   0.8119999886314701E+17   0.1696999990204826E+17
  0.6950000000000000E+02   0.1280516662597656E+03   0.8694561920000000E+09   0.7345610424320000E+12   0.9103939840000000E+09   0.1861056640000000E+09   0.8119999886314701E+17   0.1696999990204826E+17
  0.6975000000000000E+02   0.1312288208007812E+03   0.8876030080000000E+09   0.7370474127360000E+12   0.9121941120000000E+09   0.1843055520000000E+09   0.8119999886314701E+17   0.1696999990204826E+17
  0.7000000000000000E+02   0.1336992034912109E+03   0.9018318720000000E+09   0.7396690493440000E+12   0.9133777920000000E+09   0.1831217760000000E+09   0.8119999886314701E+17   0.1696999990204826E+17
  0.7025000000000000E+02   0.1355865783691406E+03   0.9128375680000000E+09   0.7423791595520000E+12   0.9140842240000000E+09   0.1824153920000000E+09   0.8119999886314701E+17   0.1696999990204826E+17
  0.7050000000000000E+02   0.1370116271972656E+03   0.9212903680000000E+09   0.7451389460480000E+12   0.9144305280000000E+09   0.1820691200000000E+09   0.8119999886314701E+17   0.1696999990204826E+17
  0.7075000000000000E+02   0.1380866088867188E+03   0.9278101760000000E+09   0.7479186554880000E+12   0.9145152000000000E+09   0.1819844320000000E+09   0.8119999886314701E+17   0.1696999990204826E+17
  0.7100000000000000E+02   0.1389115600585938E+03   0.9329472000000000E+09   0.7506966609920000E+12   0.9144199040000000E+09   0.1820797120000000E+09   0.8119999886314701E+17   0.1696999990204826E+17
  0.7125000000000000E+02   0.1395713348388672E+03   0.9371681280000000E+09   0.7534583480320000E+12   0.9142108160000000E+09   0.1822888320000000E+09   0.8119999886314701E+17   0.1696999990204826E+17
  0.7150000000000000E+02   0.1401337738037109E+03   0.9408461440000000E+09   0.7561950003200000E+12   0.9139388800000000E+09   0.1825607520000000E+09   0.8119999886314701E+17   0.1696999990204826E+17
  0.7175000000000000E+02   0.1406482543945312E+03   0.9442531840000000E+09   0.7589020303360000E+12   0.9136407680000000E+09   0.1828589920000000E+09   0.8119999886314701E+17   0.1696999990204826E+17
  0.7200000000000000E+02   0.1411450042724609E+03   0.9475557120000000E+09   0.7615777341440000E+12   0.9133383040000000E+09   0.1831614080000000E+09   0.8119999886314701E+17   0.1696999990204826E+17
