12.000 7.178538e+00 1.000000e+00 0 
12.000 4.290065e+00 1.000000e+00 0 
12.000 2.112947e+00 1.000000e+00 0 
12.000 1.465068e-02 1.000000e+00 1 
12.000 1.100375e-02 1.000000e+00 2 
12.000 2.931237e-01 1.000000e+00 2 
12.000 3.088278e-01 1.000000e+00 2 
12.000 3.184927e-01 1.000000e+00 2 
12.000 3.245679e-01 1.000000e+00 2 
12.000 3.068354e-01 1.000000e+00 2 
12.000 2.713629e-01 1.000000e+00 2 
12.000 2.447094e-01 1.000000e+00 2 
12.000 2.579066e-01 1.000000e+00 2 
12.000 2.724933e-01 1.000000e+00 2 
12.000 2.370650e-01 1.000000e+00 2 
12.000 2.127481e-01 1.000000e+00 2 
12.000 2.627889e-01 1.000000e+00 2 
12.000 3.041669e-01 1.000000e+00 2 
12.000 3.110919e-01 1.000000e+00 2 
12.000 3.018979e-01 1.000000e+00 2 
12.000 2.762818e-01 1.000000e+00 2 
12.000 2.270271e-01 1.000000e+00 2 
12.000 1.513489e-01 1.000000e+00 2 
12.000 6.311082e-02 1.000000e+00 2 
12.000 2.408353e-02 1.000000e+00 2 
12.000 2.596574e-01 1.000000e+00 2 
12.000 3.135770e-01 1.000000e+00 2 
12.000 3.284187e-01 1.000000e+00 2 
12.000 3.232348e-01 1.000000e+00 2 
12.000 2.995637e-01 1.000000e+00 2 
12.000 2.589575e-01 1.000000e+00 2 
12.000 2.024339e-01 1.000000e+00 2 
12.000 1.384586e-01 1.000000e+00 2 
12.000 1.520003e-01 1.000000e+00 2 
12.000 2.859292e-01 1.000000e+00 2 
12.000 3.404040e-01 9.999999e-01 2 
12.000 3.697128e-01 9.999997e-01 2 
12.000 3.995925e-01 9.999991e-01 2 
12.000 4.331007e-01 9.999971e-01 2 
12.000 4.680022e-01 9.999917e-01 2 
12.000 5.000967e-01 9.999786e-01 2 
12.000 5.272666e-01 9.999495e-01 2 
12.000 5.489708e-01 9.998901e-01 2 
12.000 5.652138e-01 9.997763e-01 2 
12.000 5.764765e-01 9.995707e-01 2 
12.000 5.681126e-01 9.992204e-01 2 
13.000 4.928418e-01 9.986828e-01 2 
13.000 5.760405e-01 9.977756e-01 2 
13.000 5.899417e-01 9.963378e-01 2 
13.000 5.956868e-01 9.941201e-01 2 
13.000 6.047907e-01 9.907720e-01 2 
13.000 2.433308e-01 9.875747e-01 2 
14.000 5.840254e-01 9.814799e-01 2 
14.000 6.636537e-01 9.726941e-01 2 
14.000 7.169596e-01 9.607407e-01 2 
14.000 7.649083e-01 9.452424e-01 1 
14.000 7.331614e-02 9.381533e-01 2 
15.000 8.343897e-01 9.173001e-01 1 
15.000 8.345694e-01 8.930909e-01 1 
15.000 8.344910e-01 8.656822e-01 1 
15.000 8.300336e-01 8.353141e-01 1 
15.000 3.268392e-01 8.133019e-01 2 
16.000 8.735216e-01 7.775067e-01 1 
16.000 8.290027e-01 7.401171e-01 1 
16.000 8.152281e-01 7.009703e-01 1 
16.000 8.116696e-01 6.602725e-01 1 
16.000 8.131077e-01 6.183826e-01 1 
16.000 4.326945e-01 5.868241e-01 2 
17.000 8.723380e-01 5.427149e-01 1 
17.000 8.508988e-01 4.995948e-01 1 
17.000 8.477618e-01 4.575133e-01 1 
17.000 8.447323e-01 4.167651e-01 1 
17.000 8.254760e-01 3.775912e-01 1 
17.000 7.726221e-01 3.399382e-01 1 
17.000 6.838973e-01 3.032230e-01 2 
17.000 1.055169e-01 2.871104e-01 2 
18.000 5.907994e-01 2.504669e-01 2 
18.000 7.221185e-01 2.123080e-01 2 
18.000 8.978829e-01 1.756636e-01 1 
18.000 1.020957e+00 1.433764e-01 0 
18.000 8.219498e-01 1.467060e-01 1 
18.000 9.872004e-01 1.205367e-01 1 
18.000 1.076335e+00 9.849596e-02 0 
18.000 8.504710e-01 1.010918e-01 1 
18.000 9.962493e-01 8.383887e-02 1 
18.000 1.064808e+00 6.940354e-02 0 
18.000 8.420960e-01 7.105823e-02 1 
18.000 9.663501e-01 5.969306e-02 1 
18.000 1.006729e+00 5.008057e-02 0 
18.000 8.110235e-01 5.102801e-02 1 
18.000 9.148518e-01 4.322547e-02 1 
18.000 1.294548e-01 4.043233e-02 2 
19.000 1.009300e+00 3.391594e-02 0 
19.000 7.977662e-01 3.456206e-02 1 
19.000 8.416552e-01 2.926296e-02 1 
19.000 8.428309e-01 2.458701e-02 1 
19.000 8.176686e-01 2.048193e-02 1 
19.000 7.879183e-01 1.686165e-02 1 
19.000 7.602355e-01 1.365317e-02 1 
19.000 7.378018e-01 1.080442e-02 1 
19.000 7.235200e-01 8.284422e-03 2 
19.000 7.218428e-01 6.082136e-03 2 
19.000 7.378655e-01 4.204650e-03 1 
19.000 7.763305e-01 2.671098e-03 1 
19.000 8.435821e-01 1.500073e-03 1 
19.000 9.335337e-01 6.936250e-04 1 
19.000 1.001996e+00 2.212844e-04 0 
19.000 7.621945e-01 2.569811e-04 1 
19.000 9.266010e-01 3.411885e-05 1 
19.000 7.102517e-01 0.000000e+00 2 
19.000 3.631843e-02 0.000000e+00 2 
19.000 2.821455e-01 0.000000e+00 2 
19.000 5.434372e-01 0.000000e+00 2 
19.000 6.082436e-01 0.000000e+00 2 
19.000 6.385737e-01 0.000000e+00 2 
19.000 6.558865e-01 0.000000e+00 2 
19.000 2.163328e-02 0.000000e+00 2 
20.000 6.411311e-01 0.000000e+00 2 
20.000 6.331738e-01 0.000000e+00 2 
20.000 6.149439e-01 0.000000e+00 2 
20.000 5.942849e-01 0.000000e+00 2 
20.000 5.704924e-01 0.000000e+00 2 
20.000 5.377662e-01 0.000000e+00 2 
20.000 4.857257e-01 0.000000e+00 2 
20.000 1.374492e-01 0.000000e+00 2 
21.000 3.074442e-01 0.000000e+00 2 
21.000 3.294223e-01 0.000000e+00 2 
21.000 4.716322e-01 0.000000e+00 2 
21.000 2.271906e-01 0.000000e+00 2 
22.000 4.879297e-01 0.000000e+00 2 
22.000 5.267187e-01 0.000000e+00 2 
22.000 7.683811e-02 0.000000e+00 2 
23.000 4.378875e-01 0.000000e+00 2 
23.000 3.958330e-01 0.000000e+00 2 
24.000 2.887838e-01 0.000000e+00 2 
24.000 1.176248e-01 0.000000e+00 2 
25.000 2.614601e-01 0.000000e+00 2 
25.000 1.134159e-02 0.000000e+00 2 
26.000 2.221949e-01 0.000000e+00 1 
27.000 1.178809e-01 0.000000e+00 1 
28.000 4.047953e+02 4.043233e-02 0 
28.000 1.643423e-03 0.000000e+00 1 
28.000 1.555689e-03 0.000000e+00 2 
28.000 3.727027e+02 4.043233e-02 0 
28.000 1.886698e-01 6.999519e-05 1 
28.000 4.841792e+00 3.371318e-03 0 
28.000 8.162501e-01 1.219068e-03 1 
28.000 7.714280e-01 3.629385e-03 1 
28.000 6.974452e-01 7.200952e-03 2 
28.000 8.219029e-01 1.200750e-02 1 
28.000 1.061516e+00 1.770794e-02 0 
28.000 8.345772e-01 1.698302e-02 1 
28.000 9.375601e-01 2.248582e-02 1 
28.000 8.744691e-01 2.816878e-02 1 
28.000 7.735127e-01 3.404451e-02 1 
28.000 6.886136e-01 4.028530e-02 2 
28.000 7.888032e-05 4.043233e-02 2 
29.000 6.273277e-01 4.727572e-02 2 
29.000 5.899916e-01 5.496578e-02 2 
29.000 5.694937e-01 6.375992e-02 2 
29.000 5.594997e-01 7.391556e-02 2 
29.000 5.548797e-01 8.569266e-02 2 
29.000 5.516540e-01 9.936307e-02 2 
29.000 5.480496e-01 1.152284e-01 2 
29.000 5.439103e-01 1.336347e-01 2 
29.000 5.398513e-01 1.549784e-01 2 
29.000 5.372215e-01 1.796994e-01 2 
29.000 5.383977e-01 2.082511e-01 2 
29.000 5.455505e-01 2.410218e-01 2 
29.000 5.555246e-01 2.782147e-01 2 
29.000 9.922929e-03 2.871104e-01 2 
30.000 5.369639e-01 3.288634e-01 2 
30.000 5.243591e-01 3.755378e-01 2 
30.000 4.959523e-01 4.275209e-01 2 
30.000 4.389565e-01 4.856513e-01 2 
30.000 4.502954e-01 5.520357e-01 2 
30.000 7.194287e-02 5.868241e-01 2 
31.000 5.152211e-01 6.570881e-01 2 
31.000 5.874166e-01 7.277614e-01 2 
31.000 5.997564e-01 7.931978e-01 2 
31.000 3.261477e-02 8.133019e-01 2 
32.000 5.953999e-01 8.669691e-01 2 
32.000 6.026022e-01 9.115007e-01 2 
32.000 2.742195e-01 9.381533e-01 2 
33.000 4.830940e-01 9.643355e-01 2 
33.000 5.256450e-01 9.831470e-01 2 
33.000 3.182688e-02 9.875747e-01 2 
34.000 5.004728e-01 9.960673e-01 2 
34.000 4.223092e-01 9.992204e-01 2 
35.000 5.166104e-01 9.999728e-01 2 
35.000 2.707467e-01 1.000000e+00 2 
36.000 6.540754e-01 9.998717e-01 2 
36.000 1.905137e-01 9.992204e-01 2 
37.000 8.098543e-01 9.940848e-01 1 
37.000 1.802084e-01 9.875747e-01 2 
38.000 8.901276e-01 9.627282e-01 1 
38.000 2.266362e-01 9.381533e-01 2 
39.000 8.427724e-01 8.750958e-01 1 
39.000 3.306351e-01 8.133019e-01 2 
40.000 1.206092e+00 6.970881e-01 0 
40.000 7.241973e-01 7.172819e-01 1 
40.000 1.257521e+00 5.974325e-01 0 
40.000 7.177338e-01 6.188629e-01 1 
40.000 2.391576e-02 5.868241e-01 2 
41.000 1.467388e+00 4.708931e-01 0 
41.000 7.192906e-01 4.958240e-01 1 
41.000 1.148443e+00 3.994460e-01 0 
41.000 7.215528e-01 4.131835e-01 1 
41.000 1.128367e+00 3.290238e-01 0 
41.000 7.299823e-01 3.404104e-01 1 
41.000 4.653225e-01 2.871104e-01 2 
42.000 1.557087e+00 2.173115e-01 0 
42.000 7.807041e-01 2.325657e-01 1 
42.000 1.088339e+00 1.818528e-01 0 
42.000 7.683429e-01 1.880130e-01 1 
42.000 1.061351e+00 1.469243e-01 0 
42.000 7.786104e-01 1.515958e-01 1 
42.000 1.039614e+00 1.185004e-01 0 
42.000 7.875176e-01 1.220528e-01 1 
42.000 1.025987e+00 9.551192e-02 0 
42.000 7.958181e-01 9.825217e-02 1 
42.000 1.019073e+00 7.706325e-02 0 
42.000 8.025368e-01 7.920546e-02 1 
42.000 1.011175e+00 6.235783e-02 0 
42.000 8.048351e-01 6.402150e-02 1 
42.000 9.943482e-01 5.063267e-02 1 
42.000 9.139723e-01 4.043233e-02 1 
43.000 1.361925e+00 3.063785e-02 0 
43.000 8.632418e-01 3.238670e-02 1 
43.000 9.326030e-01 2.552836e-02 1 
43.000 9.205585e-01 1.987797e-02 1 
43.000 8.799329e-01 1.523998e-02 1 
43.000 8.335264e-01 1.141561e-02 1 
43.000 7.911845e-01 8.252877e-03 1 
43.000 7.569247e-01 5.650653e-03 1 
43.000 7.342229e-01 3.551176e-03 1 
43.000 7.348537e-01 1.931998e-03 1 
43.000 8.062294e-01 7.990678e-04 1 
43.000 1.102273e+00 1.694126e-04 0 
43.000 8.363221e-01 2.245172e-04 1 
43.000 1.602767e+00 5.011850e-06 0 
43.000 1.033634e+00 2.690487e-05 0 
43.000 8.578252e-01 3.924921e-05 1 
43.000 1.441092e+00 0.000000e+00 0 
43.000 1.099164e+00 0.000000e+00 0 
43.000 9.032255e-01 2.628458e-07 1 
43.000 1.833872e-01 0.000000e+00 2 
43.000 2.154084e-02 0.000000e+00 2 
43.000 9.601221e-02 0.000000e+00 2 
43.000 1.090099e-01 0.000000e+00 2 
43.000 1.986657e-02 0.000000e+00 2 
43.000 7.661440e-05 0.000000e+00 2 
44.000 5.849124e-02 0.000000e+00 2 
44.000 8.474548e-04 0.000000e+00 2 
45.000 1.631302e-02 0.000000e+00 1 
46.000 1.918395e-02 0.000000e+00 1 
47.000 1.973971e-02 0.000000e+00 1 
48.000 1.966317e-02 0.000000e+00 1 
49.000 1.961093e-02 0.000000e+00 1 
50.000 1.964596e-02 0.000000e+00 1 
51.000 1.975745e-02 0.000000e+00 1 
52.000 3.267036e+02 4.043233e-02 0 
52.000 4.165009e-04 0.000000e+00 1 
52.000 4.837271e-04 0.000000e+00 2 
52.000 3.141776e+02 4.043233e-02 0 
52.000 2.378624e-01 6.999519e-05 1 
52.000 3.811868e+00 3.371318e-03 0 
52.000 1.320898e+00 1.376949e-03 0 
52.000 1.049294e+00 1.021612e-03 0 
52.000 3.488543e-01 1.152286e-04 1 
52.000 1.711599e-01 1.716295e-04 2 
52.000 2.623509e-01 2.867080e-04 2 
52.000 2.684618e-01 4.977790e-04 2 
52.000 2.532941e-01 8.879205e-04 2 
52.000 2.633965e-01 1.633261e-03 2 
52.000 3.740401e-01 3.052371e-03 2 
52.000 5.226711e-01 5.425727e-03 2 
52.000 6.418586e-01 8.848652e-03 2 
52.000 7.581877e-01 1.326369e-02 1 
52.000 8.122551e-01 1.844019e-02 1 
52.000 7.794093e-01 2.417882e-02 1 
52.000 7.187306e-01 3.047462e-02 2 
52.000 6.672903e-01 3.745670e-02 2 
52.000 8.361536e-02 4.043233e-02 2 
53.000 6.031309e-01 4.853863e-02 2 
53.000 5.944355e-01 5.786920e-02 2 
53.000 5.868498e-01 6.861359e-02 2 
53.000 5.793669e-01 8.098917e-02 2 
53.000 5.733758e-01 9.525010e-02 2 
53.000 5.693113e-01 1.116783e-01 2 
53.000 5.674657e-01 1.305738e-01 2 
53.000 5.679115e-01 1.522381e-01 2 
53.000 5.704135e-01 1.769525e-01 2 
53.000 5.741939e-01 2.049536e-01 2 
53.000 5.783642e-01 2.364148e-01 2 
53.000 5.821687e-01 2.714340e-01 2 
53.000 5.959604e-02 2.871104e-01 2 
54.000 5.588578e-01 3.259548e-01 2 
54.000 5.734936e-01 3.688046e-01 2 
54.000 5.985304e-01 4.152120e-01 2 
54.000 5.918981e-01 4.642152e-01 2 
54.000 5.745482e-01 5.155168e-01 2 
54.000 5.456237e-01 5.690056e-01 2 
54.000 2.409409e-02 5.868241e-01 2 
55.000 4.672488e-01 6.414771e-01 2 
55.000 4.806637e-01 6.998855e-01 2 
55.000 4.800592e-01 7.597925e-01 2 
55.000 3.686505e-01 8.133019e-01 2 
56.000 3.630671e-01 8.629020e-01 2 
56.000 5.029969e-01 9.115271e-01 2 
56.000 1.701562e-01 9.381533e-01 2 
57.000 4.382964e-01 9.673412e-01 2 
57.000 5.213142e-01 9.871016e-01 2 
57.000 2.648538e-04 9.875747e-01 2 
58.000 5.252586e-01 9.969643e-01 2 
58.000 1.657305e-01 9.992204e-01 2 
59.000 5.004892e-01 9.999900e-01 2 
59.000 9.202857e-02 1.000000e+00 2 
60.000 6.435758e-01 9.997502e-01 2 
60.000 4.552085e-02 9.992204e-01 2 
61.000 8.316193e-01 9.921174e-01 1 
61.000 3.764208e-02 9.875747e-01 2 
62.000 9.633282e-01 9.560247e-01 1 
62.000 6.567023e-02 9.381533e-01 2 
63.000 1.010036e+00 8.631119e-01 0 
63.000 7.443600e-01 8.728294e-01 1 
63.000 2.658167e-01 8.133019e-01 2 
64.000 1.461058e+00 6.874211e-01 0 
64.000 7.190622e-01 7.166847e-01 1 
64.000 1.270352e+00 5.959919e-01 0 
64.000 7.203464e-01 6.179368e-01 1 
64.000 2.331588e-02 5.868241e-01 2 
65.000 1.456808e+00 4.706381e-01 0 
65.000 7.220048e-01 4.953967e-01 1 
65.000 1.143908e+00 3.985589e-01 0 
65.000 7.201138e-01 4.122496e-01 1 
65.000 1.115595e+00 3.275977e-01 0 
65.000 7.239492e-01 3.387699e-01 1 
65.000 3.900394e-01 2.871104e-01 2 
66.000 1.512465e+00 2.166254e-01 0 
66.000 7.598572e-01 2.314996e-01 1 
66.000 1.089560e+00 1.794228e-01 0 
66.000 7.566461e-01 1.857566e-01 1 
66.000 1.077462e+00 1.434930e-01 0 
66.000 7.702118e-01 1.484692e-01 1 
66.000 1.059147e+00 1.146044e-01 0 
66.000 7.823254e-01 1.184098e-01 1 
66.000 1.045083e+00 9.147719e-02 0 
66.000 7.936675e-01 9.439193e-02 1 
66.000 1.038281e+00 7.310162e-02 0 
66.000 8.035330e-01 7.536137e-02 1 
66.000 1.033491e+00 5.862334e-02 0 
66.000 8.088817e-01 6.037590e-02 1 
66.000 1.020396e+00 4.724879e-02 0 
66.000 8.066087e-01 4.857509e-02 1 
66.000 5.851358e-01 4.043233e-02 2 
67.000 1.249178e+00 3.095477e-02 0 
67.000 8.440910e-01 3.243423e-02 1 
67.000 9.539316e-01 2.556294e-02 1 
67.000 9.636812e-01 1.994222e-02 1 
67.000 9.261566e-01 1.538975e-02 1 
67.000 8.732826e-01 1.168234e-02 1 
67.000 8.201017e-01 8.637997e-03 1 
67.000 7.730974e-01 6.128579e-03 1 
67.000 7.368243e-01 4.073849e-03 1 
67.000 7.202620e-01 2.434100e-03 2 
67.000 7.537491e-01 1.204628e-03 1 
67.000 9.314065e-01 4.066077e-04 1 
67.000 1.455249e+00 4.485392e-05 0 
67.000 9.366589e-01 8.975274e-05 1 
67.000 1.702680e+00 0.000000e+00 0 
67.000 1.080706e+00 4.160676e-06 0 
67.000 8.794967e-01 8.732130e-06 1 
67.000 8.825955e-01 0.000000e+00 1 
67.000 5.180095e-02 0.000000e+00 2 
67.000 3.387729e-02 0.000000e+00 2 
67.000 1.490481e-01 0.000000e+00 2 
67.000 1.017972e-01 0.000000e+00 2 
67.000 2.142301e-02 0.000000e+00 2 
68.000 2.400493e-02 0.000000e+00 2 
68.000 9.504679e-02 0.000000e+00 2 
69.000 7.214890e-02 0.000000e+00 2 
69.000 4.125489e-05 0.000000e+00 2 
70.000 3.246604e-02 0.000000e+00 1 
71.000 1.936666e-02 0.000000e+00 1 
72.000 1.570637e-02 0.000000e+00 1 
73.000 1.465704e-02 0.000000e+00 1 
74.000 1.437798e-02 0.000000e+00 1 
75.000 1.436251e-02 0.000000e+00 1 
76.000 3.910069e+02 4.043233e-02 0 
76.000 3.091469e-04 0.000000e+00 1 
76.000 3.805469e-04 0.000000e+00 2 
76.000 3.658899e+02 4.043233e-02 0 
76.000 1.958568e-01 6.999519e-05 1 
76.000 4.592257e+00 3.371318e-03 0 
76.000 1.039027e+00 1.252123e-03 0 
76.000 8.960001e-01 1.048961e-03 1 
76.000 6.646368e-01 2.984279e-03 2 
76.000 6.642646e-01 5.985721e-03 2 
76.000 7.677889e-01 1.012038e-02 1 
76.000 9.295222e-01 1.517921e-02 1 
76.000 9.196331e-01 2.068916e-02 1 
76.000 8.129265e-01 2.648601e-02 1 
76.000 7.229499e-01 3.268936e-02 2 
76.000 6.626504e-01 3.949352e-02 2 
76.000 4.814660e-03 4.043233e-02 2 
77.000 6.146220e-01 4.812162e-02 2 
77.000 5.947111e-01 5.688486e-02 2 
77.000 5.831167e-01 6.694215e-02 2 
77.000 5.750543e-01 7.852159e-02 2 
77.000 5.696456e-01 9.187366e-02 2 
77.000 5.661702e-01 1.072697e-01 2 
77.000 5.644062e-01 1.249996e-01 2 
77.000 5.642292e-01 1.453626e-01 2 
77.000 5.654609e-01 1.686543e-01 2 
77.000 5.678118e-01 1.951484e-01 2 
77.000 5.707621e-01 2.250768e-01 2 
77.000 5.736004e-01 2.586113e-01 2 
77.000 2.821687e-01 2.871104e-01 2 
78.000 4.987919e-01 3.248492e-01 2 
78.000 5.730949e-01 3.680902e-01 2 
78.000 5.852216e-01 4.149399e-01 2 
78.000 5.820940e-01 4.647766e-01 2 
78.000 5.638668e-01 5.172092e-01 2 
78.000 5.343073e-01 5.721427e-01 2 
78.000 1.240289e-02 5.868241e-01 2 
79.000 4.636226e-01 6.433937e-01 2 
79.000 4.697166e-01 7.037854e-01 2 
79.000 4.707458e-01 7.658088e-01 2 
79.000 2.431115e-01 8.133019e-01 2 
80.000 3.682566e-01 8.652905e-01 2 
80.000 4.678152e-01 9.152674e-01 2 
80.000 9.698942e-02 9.381533e-01 2 
81.000 3.631017e-01 9.690066e-01 2 
81.000 2.855329e-01 9.875747e-01 2 
82.000 2.904196e-01 9.970818e-01 2 
82.000 7.403336e-02 9.992204e-01 2 
83.000 4.230908e-01 9.999993e-01 2 
83.000 9.715341e-03 1.000000e+00 2 
84.000 7.248934e-01 9.992452e-01 2 
84.000 2.338823e-04 9.992204e-01 2 
85.000 1.051519e+00 9.877275e-01 0 
85.000 7.630047e-01 9.902990e-01 1 
85.000 6.040059e-03 9.875747e-01 2 
86.000 1.209508e+00 9.482813e-01 0 
86.000 7.494174e-01 9.571969e-01 1 
86.000 6.349092e-02 9.381533e-01 2 
87.000 1.129185e+00 8.572150e-01 0 
87.000 7.331702e-01 8.710555e-01 1 
87.000 2.156406e-01 8.133019e-01 2 
88.000 1.344705e+00 6.835445e-01 0 
88.000 7.237361e-01 7.106102e-01 1 
88.000 1.121655e+00 5.868241e-01 0 
88.000 7.264370e-01 6.046735e-01 1 
88.000 5.229180e-03 5.868241e-01 2 
89.000 1.413223e+00 4.637410e-01 0 
89.000 7.309734e-01 4.889738e-01 1 
89.000 1.200192e+00 3.853346e-01 0 
89.000 7.250732e-01 4.014003e-01 1 
89.000 1.162027e+00 3.125852e-01 0 
89.000 7.245769e-01 3.253095e-01 1 
89.000 1.220671e-01 2.871104e-01 2 
90.000 1.439628e+00 2.141950e-01 0 
90.000 7.333476e-01 2.286311e-01 1 
90.000 1.098881e+00 1.734768e-01 0 
90.000 7.281117e-01 1.802955e-01 1 
90.000 1.114360e+00 1.354404e-01 0 
90.000 7.327998e-01 1.411191e-01 1 
90.000 1.127257e+00 1.053380e-01 0 
90.000 7.431339e-01 1.099558e-01 1 
90.000 1.142057e+00 8.191882e-02 0 
90.000 7.632877e-01 8.562350e-02 1 
90.000 1.151834e+00 6.406455e-02 0 
90.000 7.910654e-01 6.695796e-02 1 
90.000 1.142140e+00 5.065274e-02 0 
90.000 8.119572e-01 5.280332e-02 1 
90.000 1.099061e+00 4.053450e-02 0 
90.000 8.128695e-01 4.202443e-02 1 
90.000 1.494839e-02 4.043233e-02 2 
91.000 1.088130e+00 3.124706e-02 0 
91.000 8.096303e-01 3.233699e-02 1 
91.000 9.510728e-01 2.530099e-02 1 
91.000 9.472292e-01 1.956148e-02 1 
91.000 8.851172e-01 1.490955e-02 1 
91.000 8.155176e-01 1.109291e-02 1 
91.000 7.602114e-01 7.927438e-03 1 
91.000 7.298635e-01 5.309066e-03 1 
91.000 7.391258e-01 3.202376e-03 1 
91.000 8.219580e-01 1.623110e-03 1 
91.000 1.040243e+00 6.018613e-04 0 
91.000 7.848884e-01 6.915849e-04 1 
91.000 1.258531e+00 1.583075e-04 0 
91.000 8.446487e-01 2.210840e-04 1 
91.000 1.435077e+00 1.557256e-05 0 
91.000 9.322974e-01 3.790615e-05 1 
91.000 1.274452e+00 0.000000e+00 0 
91.000 9.818222e-01 0.000000e+00 1 
91.000 2.686164e-02 0.000000e+00 2 
91.000 4.891618e-02 0.000000e+00 2 
91.000 2.288513e-01 0.000000e+00 2 
91.000 1.234828e-01 0.000000e+00 2 
91.000 2.647380e-02 0.000000e+00 2 
92.000 2.273412e-02 0.000000e+00 2 
92.000 1.434826e-01 0.000000e+00 2 
93.000 1.373398e-01 0.000000e+00 2 
93.000 2.670735e-04 0.000000e+00 2 
94.000 9.084978e-02 0.000000e+00 1 
95.000 5.243117e-02 0.000000e+00 1 
96.000 3.292482e-02 0.000000e+00 1 
97.000 2.310129e-02 0.000000e+00 1 
98.000 1.831780e-02 0.000000e+00 1 
99.000 1.608966e-02 0.000000e+00 1 
100.000 4.476796e+02 4.043233e-02 0 
100.000 3.551772e-04 0.000000e+00 1 
100.000 4.120827e-04 0.000000e+00 2 
100.000 4.162505e+02 4.043233e-02 0 
100.000 1.161278e-01 6.999519e-05 1 
100.000 6.005650e+00 3.371318e-03 0 
100.000 6.244410e-01 1.094522e-03 1 
100.000 7.933776e-01 3.315887e-03 1 
100.000 6.624989e-01 6.590354e-03 2 
100.000 7.469919e-01 1.108821e-02 1 
100.000 9.625123e-01 1.663308e-02 1 
100.000 9.211346e-01 2.259383e-02 1 
100.000 8.028701e-01 2.884905e-02 1 
100.000 7.385309e-01 3.556084e-02 1 
100.000 3.033253e-01 4.043233e-02 2 
101.000 6.420159e-01 4.813376e-02 2 
101.000 6.041906e-01 5.678059e-02 2 
101.000 5.799895e-01 6.664236e-02 2 
101.000 5.678808e-01 7.800656e-02 2 
101.000 5.628491e-01 9.115778e-02 2 
101.000 5.600067e-01 1.063798e-01 2 
101.000 5.576615e-01 1.239745e-01 2 
101.000 5.557531e-01 1.442698e-01 2 
101.000 5.545258e-01 1.676137e-01 2 
101.000 5.540778e-01 1.943593e-01 2 
101.000 5.535534e-01 2.248445e-01 2 
101.000 5.508760e-01 2.593821e-01 2 
101.000 2.184554e-01 2.871104e-01 2 
102.000 4.555926e-01 3.265076e-01 2 
102.000 5.301963e-01 3.730346e-01 2 
102.000 5.443273e-01 4.246969e-01 2 
102.000 5.531794e-01 4.807733e-01 2 
102.000 5.522844e-01 5.403227e-01 2 
102.000 2.455069e-01 5.868241e-01 2 
103.000 4.445323e-01 6.458048e-01 2 
103.000 5.189167e-01 7.093223e-01 2 
103.000 5.128814e-01 7.720046e-01 2 
103.000 1.861552e-01 8.133019e-01 2 
104.000 4.037440e-01 8.650864e-01 2 
104.000 5.086942e-01 9.136576e-01 2 
104.000 1.429490e-01 9.381533e-01 2 
105.000 5.209891e-01 9.675460e-01 2 
105.000 6.412403e-01 9.865537e-01 2 
105.000 5.593461e-04 9.875747e-01 2 
106.000 6.741575e-01 9.963528e-01 2 
106.000 4.937435e-01 9.992204e-01 2 
107.000 6.927822e-01 9.999660e-01 2 
107.000 4.695241e-01 1.000000e+00 2 
108.000 7.506072e-01 9.999275e-01 1 
108.000 4.784906e-01 9.992204e-01 2 
109.000 7.917481e-01 9.955416e-01 1 
109.000 5.140167e-01 9.875747e-01 2 
110.000 7.541834e-01 9.682877e-01 1 
110.000 5.178788e-01 9.381533e-01 2 
111.000 6.637813e-01 8.842222e-01 2 
111.000 4.690424e-01 8.133019e-01 2 
112.000 7.598564e-01 7.030755e-01 1 
112.000 7.273177e-01 5.868241e-01 2 
113.000 2.114332e+00 4.300141e-01 0 
113.000 7.410691e-01 4.785201e-01 1 
113.000 1.310628e+00 3.642742e-01 0 
113.000 7.292997e-01 3.847587e-01 1 
113.000 1.257925e+00 2.903501e-01 0 
113.000 7.281106e-01 3.059020e-01 1 
113.000 1.061948e-02 2.871104e-01 2 
114.000 1.381849e+00 2.115195e-01 0 
114.000 7.294906e-01 2.256516e-01 1 
114.000 1.116320e+00 1.678601e-01 0 
114.000 7.150436e-01 1.752375e-01 1 
114.000 1.075202e+00 1.287790e-01 0 
114.000 7.067592e-01 1.341703e-01 1 
114.000 1.028959e+00 9.701261e-02 0 
114.000 7.005281e-01 1.008293e-01 1 
114.000 1.008319e+00 7.121597e-02 0 
114.000 7.011972e-01 7.406124e-02 1 
114.000 1.040484e+00 5.074587e-02 0 
114.000 7.230617e-01 5.316774e-02 1 
114.000 5.081291e-01 4.043233e-02 2 
115.000 1.665600e+00 2.485915e-02 0 
115.000 8.809209e-01 2.829565e-02 1 
115.000 1.091447e+00 1.872028e-02 0 
115.000 8.172247e-01 1.982491e-02 1 
115.000 8.826792e-01 1.300859e-02 1 
115.000 8.816775e-01 7.860179e-03 1 
115.000 1.166874e+00 4.168728e-03 0 
115.000 8.076502e-01 4.634460e-03 1 
115.000 1.160960e+00 2.306294e-03 0 
115.000 7.897964e-01 2.592302e-03 1 
115.000 1.095160e+00 1.162551e-03 0 
115.000 7.795271e-01 1.313017e-03 1 
115.000 1.140160e+00 4.754507e-04 0 
115.000 7.941772e-01 5.668160e-04 1 
115.000 1.241437e+00 1.363835e-04 0 
115.000 8.343603e-01 1.864306e-04 1 
115.000 1.294442e+00 1.532252e-05 0 
115.000 8.838855e-01 3.150736e-05 1 
115.000 1.078408e+00 0.000000e+00 0 
115.000 8.932065e-01 0.000000e+00 1 
115.000 3.072340e-02 0.000000e+00 2 
115.000 4.692312e-02 0.000000e+00 2 
115.000 2.926968e-01 0.000000e+00 2 
115.000 1.771530e-01 0.000000e+00 2 
115.000 6.747128e-02 0.000000e+00 2 
116.000 1.532250e-02 0.000000e+00 2 
116.000 1.236438e-01 0.000000e+00 2 
117.000 9.971885e-02 0.000000e+00 2 
117.000 7.981650e-04 0.000000e+00 2 
118.000 1.052509e-01 0.000000e+00 1 
119.000 7.628493e-02 0.000000e+00 1 
120.000 5.842802e-02 0.000000e+00 1 
121.000 4.750669e-02 0.000000e+00 1 
122.000 4.099902e-02 0.000000e+00 1 
123.000 3.729572e-02 0.000000e+00 1 
124.000 5.449433e+02 4.043233e-02 0 
124.000 6.040315e-04 0.000000e+00 1 
124.000 7.386182e-04 0.000000e+00 2 
124.000 4.862531e+02 4.043233e-02 0 
124.000 1.163073e-01 6.999519e-05 1 
124.000 7.736472e+00 3.371318e-03 0 
124.000 5.826773e-01 9.666235e-04 1 
124.000 7.853702e-01 2.876442e-03 1 
124.000 7.160882e-01 5.690497e-03 2 
124.000 7.899907e-01 9.442607e-03 1 
124.000 9.145215e-01 1.395681e-02 1 
124.000 8.616658e-01 1.887806e-02 1 
124.000 7.465622e-01 2.416336e-02 1 
124.000 6.883981e-01 2.999353e-02 2 
124.000 6.732055e-01 3.651742e-02 2 
124.000 1.478838e-01 4.043233e-02 2 
125.000 5.903604e-01 4.803758e-02 2 
125.000 5.652541e-01 5.682029e-02 2 
125.000 5.464811e-01 6.708061e-02 2 
125.000 5.449951e-01 7.917548e-02 2 
125.000 5.492617e-01 9.341355e-02 2 
125.000 5.509315e-01 1.100839e-01 2 
125.000 5.500867e-01 1.295141e-01 2 
125.000 5.481226e-01 1.520796e-01 2 
125.000 5.455088e-01 1.781916e-01 2 
125.000 5.417394e-01 2.082868e-01 2 
125.000 5.360997e-01 2.428259e-01 2 
125.000 5.284567e-01 2.822979e-01 2 
125.000 7.874298e-04 2.871104e-01 2 
126.000 5.229238e-01 3.320989e-01 2 
126.000 4.914131e-01 3.828273e-01 2 
126.000 5.098389e-01 4.404247e-01 2 
126.000 4.950719e-01 5.039013e-01 2 
126.000 4.862808e-01 5.729903e-01 2 
126.000 4.373707e-03 5.868241e-01 2 
127.000 4.558157e-01 6.591024e-01 2 
127.000 4.804389e-01 7.343106e-01 2 
127.000 5.010216e-01 8.072728e-01 2 
127.000 8.022929e-04 8.133019e-01 2 
128.000 5.318109e-01 8.770967e-01 2 
128.000 5.951265e-01 9.282279e-01 2 
128.000 1.123341e-02 9.381533e-01 2 
129.000 5.760277e-01 9.697275e-01 2 
129.000 4.806284e-01 9.875747e-01 2 
130.000 4.550970e-01 9.964429e-01 2 
130.000 2.469990e-01 9.992204e-01 2 
131.000 4.228657e-01 9.999853e-01 2 
131.000 1.018248e-01 1.000000e+00 2 
132.000 5.108707e-01 9.997466e-01 2 
132.000 3.353108e-02 9.992204e-01 2 
