12.000 4.715030e-07 1.000000e+00 2 
12.000 4.348691e-07 1.000000e+00 2 
12.000 3.923304e-05 1.000000e+00 2 
12.000 3.309076e-04 1.000000e+00 2 
12.000 9.180708e-04 1.000000e+00 2 
12.000 2.117505e-02 1.000000e+00 2 
12.000 7.018575e-03 9.999999e-01 2 
12.000 7.055096e-04 9.999970e-01 2 
12.250 6.515240e-05 9.999512e-01 1 
12.500 5.204875e-06 9.997533e-01 1 
12.750 2.408902e-05 9.992204e-01 1 
13.000 3.924130e-05 9.980974e-01 1 
13.250 5.693177e-05 9.960573e-01 1 
13.500 7.804350e-05 9.927040e-01 1 
13.750 9.640757e-05 9.875747e-01 1 
14.000 1.062949e-04 9.801468e-01 1 
14.250 1.113580e-04 9.698463e-01 1 
14.500 1.041584e-04 9.560601e-01 1 
14.750 8.637041e-05 9.381533e-01 1 
15.000 8.790989e-05 9.154922e-01 1 
15.250 1.498219e-04 8.874723e-01 1 
15.500 2.766771e-04 8.535534e-01 1 
15.750 4.517814e-04 8.133019e-01 1 
16.000 6.823108e-04 7.664381e-01 1 
16.250 9.516091e-04 7.128896e-01 1 
16.500 1.271124e-03 6.528477e-01 1 
16.750 1.609426e-03 5.868240e-01 1 
17.000 1.956246e-03 5.157053e-01 1 
17.250 2.235047e-03 4.407980e-01 1 
17.500 2.388298e-03 3.638600e-01 1 
17.750 2.256378e-03 2.871103e-01 1 
18.000 1.567620e-03 2.132118e-01 1 
18.250 5.436270e-04 1.452145e-01 1 
18.500 3.795504e-03 8.645976e-02 1 
18.750 9.134538e-03 4.043234e-02 1 
19.000 6.231524e-03 1.056632e-02 1 
19.250 1.069997e-01 1.887379e-15 1 
19.500 1.342618e-01 0.000000e+00 1 
19.750 1.342354e-01 0.000000e+00 1 
20.000 1.340612e-01 0.000000e+00 1 
20.250 1.284808e-01 0.000000e+00 1 
20.500 5.329734e-02 0.000000e+00 1 
20.750 2.558625e-03 0.000000e+00 1 
21.000 7.692489e-05 0.000000e+00 1 
21.250 2.271229e-06 0.000000e+00 1 
21.500 6.702233e-08 0.000000e+00 1 
21.750 1.977747e-09 0.000000e+00 1 
22.000 5.836095e-11 0.000000e+00 1 
22.250 1.722162e-12 0.000000e+00 1 
22.500 5.081907e-14 0.000000e+00 1 
22.750 1.499611e-15 0.000000e+00 1 
23.000 4.425177e-17 0.000000e+00 1 
23.250 1.305815e-18 0.000000e+00 1 
23.500 3.853304e-20 0.000000e+00 1 
23.750 1.137277e-21 0.000000e+00 1 
24.000 3.743392e-23 0.000000e+00 1 
24.250 0.000000e+00 0.000000e+00 1 
24.500 0.000000e+00 0.000000e+00 1 
24.750 0.000000e+00 0.000000e+00 1 
25.000 0.000000e+00 0.000000e+00 1 
25.250 0.000000e+00 0.000000e+00 1 
25.500 0.000000e+00 0.000000e+00 1 
25.750 0.000000e+00 0.000000e+00 1 
26.000 0.000000e+00 0.000000e+00 1 
26.250 0.000000e+00 0.000000e+00 1 
26.500 0.000000e+00 0.000000e+00 1 
26.750 0.000000e+00 0.000000e+00 1 
27.000 0.000000e+00 0.000000e+00 1 
27.250 0.000000e+00 0.000000e+00 1 
27.500 0.000000e+00 0.000000e+00 1 
27.750 0.000000e+00 0.000000e+00 1 
28.000 0.000000e+00 0.000000e+00 1 
28.250 3.215505e-07 1.887379e-15 1 
28.500 7.925246e-01 1.056632e-02 1 
28.750 1.615962e-01 4.043234e-02 1 
29.000 2.489688e-02 8.645976e-02 1 
29.250 1.277612e-02 1.452145e-01 1 
29.500 2.023268e-02 2.132118e-01 1 
29.750 1.929625e-02 2.871103e-01 1 
30.000 1.649990e-02 3.638600e-01 1 
30.250 1.348373e-02 4.407980e-01 1 
30.500 1.080335e-02 5.157053e-01 1 
30.750 8.477266e-03 5.868240e-01 1 
31.000 6.605035e-03 6.528477e-01 1 
31.250 5.069422e-03 7.128896e-01 1 
31.500 3.866729e-03 7.664381e-01 1 
31.750 2.908342e-03 8.133019e-01 1 
32.000 2.172730e-03 8.535534e-01 1 
32.250 1.612089e-03 8.874723e-01 1 
32.500 1.183935e-03 9.154922e-01 1 
32.750 8.612275e-04 9.381533e-01 1 
33.000 6.235815e-04 9.560601e-01 1 
33.250 4.473084e-04 9.698463e-01 1 
33.500 3.193975e-04 9.801468e-01 1 
33.750 2.260812e-04 9.875747e-01 1 
34.000 1.582888e-04 9.927040e-01 1 
34.250 1.091981e-04 9.960573e-01 1 
34.500 7.299540e-05 9.980974e-01 1 
34.750 4.645208e-05 9.992204e-01 1 
35.000 2.742554e-05 9.997533e-01 1 
35.250 1.328825e-05 9.999512e-01 1 
35.500 4.829399e-06 9.999970e-01 1 
35.750 6.445275e-07 1.000000e+00 1 
36.000 1.712917e-06 9.999970e-01 1 
36.250 3.483983e-06 9.999512e-01 1 
36.500 1.058027e-05 9.997533e-01 1 
36.750 2.273566e-05 9.992204e-01 1 
37.000 3.694975e-05 9.980974e-01 1 
37.250 5.289061e-05 9.960573e-01 1 
37.500 6.926295e-05 9.927040e-01 1 
37.750 8.369797e-05 9.875747e-01 1 
38.000 9.198624e-05 9.801468e-01 1 
38.250 9.248756e-05 9.698463e-01 1 
38.500 8.156476e-05 9.560601e-01 1 
38.750 6.845449e-05 9.381533e-01 1 
39.000 9.258522e-05 9.154922e-01 1 
39.250 1.790321e-04 8.874723e-01 1 
39.500 3.189667e-04 8.535534e-01 1 
39.750 5.063566e-04 8.133019e-01 1 
40.000 7.448014e-04 7.664381e-01 1 
40.250 1.025163e-03 7.128896e-01 1 
40.500 1.343154e-03 6.528477e-01 1 
40.750 1.677844e-03 5.868240e-01 1 
41.000 2.011834e-03 5.157053e-01 1 
41.250 2.282439e-03 4.407980e-01 1 
41.500 2.384781e-03 3.638600e-01 1 
41.750 2.176856e-03 2.871103e-01 1 
42.000 1.416876e-03 2.132118e-01 1 
42.250 6.632176e-04 1.452145e-01 1 
42.500 4.237406e-03 8.645976e-02 1 
42.750 9.680231e-03 4.043234e-02 1 
43.000 7.071453e-03 1.056632e-02 1 
43.250 1.043892e-01 1.887379e-15 1 
43.500 1.433879e-01 0.000000e+00 1 
43.750 1.433610e-01 0.000000e+00 1 
44.000 1.432897e-01 0.000000e+00 1 
44.250 1.421032e-01 0.000000e+00 1 
44.500 1.242586e-01 0.000000e+00 1 
44.750 3.910011e-02 0.000000e+00 1 
45.000 3.034261e-03 0.000000e+00 1 
45.250 1.785087e-04 0.000000e+00 1 
45.500 1.030450e-05 0.000000e+00 1 
45.750 5.941748e-07 0.000000e+00 1 
46.000 3.425894e-08 0.000000e+00 1 
46.250 1.975291e-09 0.000000e+00 1 
46.500 1.138909e-10 0.000000e+00 1 
46.750 6.566697e-12 0.000000e+00 1 
47.000 3.786209e-13 0.000000e+00 1 
47.250 2.183042e-14 0.000000e+00 1 
47.500 1.258694e-15 0.000000e+00 1 
47.750 7.257350e-17 0.000000e+00 1 
48.000 4.184422e-18 0.000000e+00 1 
48.250 2.412644e-19 0.000000e+00 1 
48.500 1.391077e-20 0.000000e+00 1 
48.750 8.019950e-22 0.000000e+00 1 
49.000 5.293956e-23 0.000000e+00 1 
49.250 0.000000e+00 0.000000e+00 1 
49.500 0.000000e+00 0.000000e+00 1 
49.750 0.000000e+00 0.000000e+00 1 
50.000 0.000000e+00 0.000000e+00 1 
50.250 0.000000e+00 0.000000e+00 1 
50.500 0.000000e+00 0.000000e+00 1 
50.750 0.000000e+00 0.000000e+00 1 
51.000 0.000000e+00 0.000000e+00 1 
51.250 0.000000e+00 0.000000e+00 1 
51.500 0.000000e+00 0.000000e+00 1 
51.750 0.000000e+00 0.000000e+00 1 
52.000 0.000000e+00 0.000000e+00 1 
52.250 2.759904e-07 1.887379e-15 1 
52.500 6.898611e-01 1.056632e-02 1 
52.750 1.486874e-01 4.043234e-02 1 
53.000 2.778547e-02 8.645976e-02 1 
53.250 8.034693e-03 1.452145e-01 1 
53.500 1.668083e-02 2.132118e-01 1 
53.750 1.700166e-02 2.871103e-01 1 
54.000 1.502747e-02 3.638600e-01 1 
54.250 1.257876e-02 4.407980e-01 1 
54.500 1.018492e-02 5.157053e-01 1 
54.750 8.121771e-03 5.868240e-01 1 
55.000 6.375868e-03 6.528477e-01 1 
55.250 4.937098e-03 7.128896e-01 1 
55.500 3.769379e-03 7.664381e-01 1 
55.750 2.852411e-03 8.133019e-01 1 
56.000 2.136508e-03 8.535534e-01 1 
56.250 1.583676e-03 8.874723e-01 1 
56.500 1.160142e-03 9.154922e-01 1 
56.750 8.425876e-04 9.381533e-01 1 
57.000 6.073884e-04 9.560601e-01 1 
57.250 4.341836e-04 9.698463e-01 1 
57.500 3.078498e-04 9.801468e-01 1 
57.750 2.169150e-04 9.875747e-01 1 
58.000 1.512260e-04 9.927040e-01 1 
58.250 1.034832e-04 9.960573e-01 1 
58.500 6.902160e-05 9.980974e-01 1 
58.750 4.343511e-05 9.992204e-01 1 
59.000 2.611933e-05 9.997533e-01 1 
59.250 1.287435e-05 9.999512e-01 1 
59.500 4.590647e-06 9.999970e-01 1 
59.750 6.571727e-07 1.000000e+00 1 
60.000 8.394749e-07 9.999970e-01 1 
60.250 3.374666e-06 9.999512e-01 1 
60.500 1.088468e-05 9.997533e-01 1 
60.750 2.113375e-05 9.992204e-01 1 
61.000 3.455088e-05 9.980974e-01 1 
61.250 4.963460e-05 9.960573e-01 1 
61.500 6.493381e-05 9.927040e-01 1 
61.750 7.612970e-05 9.875747e-01 1 
62.000 8.254457e-05 9.801468e-01 1 
62.250 7.964233e-05 9.698463e-01 1 
62.500 6.502497e-05 9.560601e-01 1 
62.750 5.369270e-05 9.381533e-01 1 
63.000 9.592404e-05 9.154922e-01 1 
63.250 1.959160e-04 8.874723e-01 1 
63.500 3.398715e-04 8.535534e-01 1 
63.750 5.318059e-04 8.133019e-01 1 
64.000 7.715327e-04 7.664381e-01 1 
64.250 1.053661e-03 7.128896e-01 1 
64.500 1.376846e-03 6.528477e-01 1 
64.750 1.719755e-03 5.868240e-01 1 
65.000 2.039822e-03 5.157053e-01 1 
65.250 2.301488e-03 4.407980e-01 1 
65.500 2.403000e-03 3.638600e-01 1 
65.750 2.186893e-03 2.871103e-01 1 
66.000 1.369924e-03 2.132118e-01 1 
66.250 6.938228e-04 1.452145e-01 1 
66.500 4.318156e-03 8.645976e-02 1 
66.750 9.803494e-03 4.043234e-02 1 
67.000 7.521653e-03 1.056632e-02 1 
67.250 1.007863e-01 1.887379e-15 1 
67.500 1.476351e-01 0.000000e+00 1 
67.750 1.476079e-01 0.000000e+00 1 
68.000 1.475490e-01 0.000000e+00 1 
68.250 1.467582e-01 0.000000e+00 1 
68.500 1.364817e-01 0.000000e+00 1 
68.750 6.880534e-02 0.000000e+00 1 
69.000 8.638229e-03 0.000000e+00 1 
69.250 6.503157e-04 0.000000e+00 1 
69.500 4.648705e-05 0.000000e+00 1 
69.750 3.310447e-06 0.000000e+00 1 
70.000 2.356804e-07 0.000000e+00 1 
70.250 1.677844e-08 0.000000e+00 1 
70.500 1.194480e-09 0.000000e+00 1 
70.750 8.503672e-11 0.000000e+00 1 
71.000 6.053880e-12 0.000000e+00 1 
71.250 4.309835e-13 0.000000e+00 1 
71.500 3.068233e-14 0.000000e+00 1 
71.750 2.184320e-15 0.000000e+00 1 
72.000 1.555047e-16 0.000000e+00 1 
72.250 1.107060e-17 0.000000e+00 1 
72.500 7.881309e-19 0.000000e+00 1 
72.750 5.610814e-20 0.000000e+00 1 
73.000 3.994394e-21 0.000000e+00 1 
73.250 2.850882e-22 0.000000e+00 1 
73.500 0.000000e+00 0.000000e+00 1 
73.750 0.000000e+00 0.000000e+00 1 
74.000 0.000000e+00 0.000000e+00 1 
74.250 0.000000e+00 0.000000e+00 1 
74.500 0.000000e+00 0.000000e+00 1 
74.750 0.000000e+00 0.000000e+00 1 
75.000 0.000000e+00 0.000000e+00 1 
75.250 0.000000e+00 0.000000e+00 1 
75.500 0.000000e+00 0.000000e+00 1 
75.750 0.000000e+00 0.000000e+00 1 
76.000 0.000000e+00 0.000000e+00 1 
76.250 2.523571e-07 1.887379e-15 1 
76.500 6.256769e-01 1.056632e-02 1 
76.750 1.390218e-01 4.043234e-02 1 
77.000 2.782749e-02 8.645976e-02 1 
77.250 6.269983e-03 1.452145e-01 1 
77.500 1.529115e-02 2.132118e-01 1 
77.750 1.595050e-02 2.871103e-01 1 
78.000 1.430182e-02 3.638600e-01 1 
78.250 1.211371e-02 4.407980e-01 1 
78.500 9.896787e-03 5.157053e-01 1 
78.750 7.939562e-03 5.868240e-01 1 
79.000 6.235966e-03 6.528477e-01 1 
79.250 4.826352e-03 7.128896e-01 1 
79.500 3.700694e-03 7.664381e-01 1 
79.750 2.794054e-03 8.133019e-01 1 
80.000 2.086829e-03 8.535534e-01 1 
80.250 1.546085e-03 8.874723e-01 1 
80.500 1.130988e-03 9.154922e-01 1 
80.750 8.217348e-04 9.381533e-01 1 
81.000 5.898894e-04 9.560601e-01 1 
81.250 4.198015e-04 9.698463e-01 1 
81.500 2.973746e-04 9.801468e-01 1 
81.750 2.083750e-04 9.875747e-01 1 
82.000 1.444854e-04 9.927040e-01 1 
82.250 9.863508e-05 9.960573e-01 1 
82.500 6.583933e-05 9.980974e-01 1 
82.750 4.139260e-05 9.992204e-01 1 
83.000 2.446742e-05 9.997533e-01 1 
83.250 1.208876e-05 9.999512e-01 1 
83.500 4.800854e-06 9.999970e-01 1 
83.750 6.686139e-07 1.000000e+00 1 
84.000 5.931752e-07 9.999970e-01 1 
