 0.0000000000000000E+000  0.9905999755859375E+002  0.6624000000000000E+009  0.5325999964160000E+012  0.8724999680000000E+009  0.2240000000000000E+009  0.8119999886314701E+017  0.1696999990204826E+017
 0.2500000000000000E+000  0.9965310872621420E+002  0.6714929820972836E+009  0.5377002063665706E+012  0.9433265924624248E+009  0.1531733755375747E+009  0.8119999886314701E+017  0.1696999990204826E+017
 0.5000000000000000E+000  0.1005755662853158E+003  0.6776442037789339E+009  0.5427271805716403E+012  0.9425254363389323E+009  0.1539745316610673E+009  0.8119999886314701E+017  0.1696999990204826E+017
 0.7500000000000000E+000  0.1014576814794143E+003  0.6835613198564548E+009  0.5477041787480854E+012  0.9417146488759362E+009  0.1547853191240634E+009  0.8119999886314701E+017  0.1696999990204826E+017
 0.1000000000000000E+001  0.1022604068233809E+003  0.6890269166767251E+009  0.5526266040747761E+012  0.9408646779532615E+009  0.1556352900467382E+009  0.8119999886314701E+017  0.1696999990204826E+017
 0.1250000000000000E+001  0.1029277439344277E+003  0.6937286196339897E+009  0.5574854460840721E+012  0.9399338010679790E+009  0.1565661669320208E+009  0.8119999886314701E+017  0.1696999990204826E+017
 0.1500000000000000E+001  0.1033864254527972E+003  0.6972567559490675E+009  0.5622659164643285E+012  0.9388678049314148E+009  0.1576321630685849E+009  0.8119999886314701E+017  0.1696999990204826E+017
 0.1750000000000000E+001  0.1035462585171139E+003  0.6991053351165202E+009  0.5669462430531434E+012  0.9375994031414582E+009  0.1589005648585417E+009  0.8119999886314701E+017  0.1696999990204826E+017
 0.2000000000000000E+001  0.1033015004191348E+003  0.6986782168632449E+009  0.5714967299122240E+012  0.9360472383094971E+009  0.1604527296905027E+009  0.8119999886314701E+017  0.1696999990204826E+017
 0.2250000000000000E+001  0.1025337068546500E+003  0.6953027069802769E+009  0.5758792342139407E+012  0.9341142705117697E+009  0.1623856974882302E+009  0.8119999886314701E+017  0.1696999990204826E+017
 0.2500000000000000E+001  0.1011165212438393E+003  0.6882529942578585E+009  0.5800472502848859E+012  0.9316852974511906E+009  0.1648146705488093E+009  0.8119999886314701E+017  0.1696999990204826E+017
 0.2750000000000000E+001  0.9892282760364964E+002  0.6767856581275114E+009  0.5839468171410918E+012  0.9286232765704578E+009  0.1678766914295421E+009  0.8119999886314701E+017  0.1696999990204826E+017
 0.3000000000000000E+001  0.9583453110244837E+002  0.6601887470004747E+009  0.5875184640650356E+012  0.9247640134561669E+009  0.1717359545438329E+009  0.8119999886314701E+017  0.1696999990204826E+017
 0.3250000000000000E+001  0.9175492460903128E+002  0.6378444765311161E+009  0.5907003624753879E+012  0.9199086314761626E+009  0.1765913365238374E+009  0.8119999886314701E+017  0.1696999990204826E+017
 0.3500000000000000E+001  0.8662312678712343E+002  0.6093033239605404E+009  0.5934327448551387E+012  0.9138130196176971E+009  0.1826869483823027E+009  0.8119999886314701E+017  0.1696999990204826E+017
 0.3750000000000000E+001  0.8042945441054393E+002  0.5743642747418946E+009  0.5956634714888171E+012  0.9061731474723997E+009  0.1903268205276001E+009  0.8119999886314701E+017  0.1696999990204826E+017
 0.4000000000000000E+001  0.7322989035191610E+002  0.5331525540505640E+009  0.5973543746212136E+012  0.8966047033590627E+009  0.1998952646409371E+009  0.8119999886314701E+017  0.1696999990204826E+017
 0.4250000000000000E+001  0.6515716750109628E+002  0.4861830256970533E+009  0.5984877104878931E+012  0.8846149275860019E+009  0.2118850404139979E+009  0.8119999886314701E+017  0.1696999990204826E+017
 0.4500000000000000E+001  0.5642560157905537E+002  0.4343955119838430E+009  0.5990717551382117E+012  0.8695637792821680E+009  0.2269361887178316E+009  0.8119999886314701E+017  0.1696999990204826E+017
 0.4750000000000000E+001  0.4732688483829787E+002  0.3791486365793589E+009  0.5991443747867203E+012  0.8506108047613288E+009  0.2458891632386710E+009  0.8119999886314701E+017  0.1696999990204826E+017
 0.5000000000000000E+001  0.3821475708480791E+002  0.3221621950117566E+009  0.5987733937122349E+012  0.8266436755199122E+009  0.2698562924800876E+009  0.8119999886314701E+017  0.1696999990204826E+017
 0.5250000000000000E+001  0.2947784003382384E+002  0.2654046774268654E+009  0.5980528785352583E+012  0.7961855638561227E+009  0.3003144041438770E+009  0.8119999886314701E+017  0.1696999990204826E+017
 0.5500000000000000E+001  0.2150183571380700E+002  0.2109316971307505E+009  0.5970951168666782E+012  0.7572845857894783E+009  0.3392153822105213E+009  0.8119999886314701E+017  0.1696999990204826E+017
 0.5750000000000000E+001  0.1462450726968320E+002  0.1606913001766649E+009  0.5960190482295337E+012  0.7074076006222737E+009  0.3890923673777260E+009  0.8119999886314701E+017  0.1696999990204826E+017
 0.6000000000000000E+001  0.9089112433176687E+001  0.1163218459551212E+009  0.5949370126363756E+012  0.6434115908668625E+009  0.4530883771331375E+009  0.8119999886314701E+017  0.1696999990204826E+017
 0.6250000000000000E+001  0.5004026901876949E+001  0.7897615774578083E+008  0.5939425650913715E+012  0.5617874529065099E+009  0.5347125150934900E+009  0.8119999886314701E+017  0.1696999990204826E+017
 0.6500000000000000E+001  0.2317945202490605E+001  0.4921117942772359E+008  0.5931023096150568E+012  0.4596232175178273E+009  0.6368767504821726E+009  0.8119999886314701E+017  0.1696999990204826E+017
 0.6750000000000000E+001  0.8207952909854498E+000  0.2698402785248953E+008  0.5924537852257625E+012  0.3371272713832891E+009  0.7593726966167110E+009  0.8119999886314701E+017  0.1696999990204826E+017
 0.7000000000000000E+001  0.1793653938653264E+000  0.1178885655686076E+008  0.5920089946459547E+012  0.2027056326430259E+009  0.8937943353569744E+009  0.8119999886314701E+017  0.1696999990204826E+017
 0.7250000000000000E+001  0.1224458194273239E-001  0.2945328908572308E+007  0.5917589288214293E+012  0.7989203545427641E+008  0.1016607932545724E+010  0.8119999886314701E+017  0.1696999990204826E+017
 0.7500000000000000E+001 -0.6499013985907366E-013  0.3933184823763895E+001  0.5916697599859583E+012  0.9158890949372722E+007  0.1087341077050628E+010  0.8119999886314701E+017  0.1696999990204826E+017
 0.7750000000000000E+001  0.4181780820251956E-030  0.4479432499838962E-010  0.5916609641281782E+012  0.3630293076168813E+006  0.1096136938692383E+010  0.8119999886314701E+017  0.1696999990204826E+017
 0.8000000000000000E+001 -0.5980723461143326E-046  0.2460661606208658E-020  0.5916606154884064E+012  0.1438953594677762E+005  0.1096485578464054E+010  0.8119999886314701E+017  0.1696999990204826E+017
 0.8250000000000000E+001  0.9474430458648209E-063  0.2452918237324876E-031  0.5916606016692406E+012  0.5703701829890637E+003  0.1096499397629817E+010  0.8119999886314701E+017  0.1696999990204826E+017
 0.8500000000000000E+001 -0.6323268099107347E-079  0.1964676371220088E-039  0.5916606011214850E+012  0.2261447190274843E+002  0.1096499945385528E+010  0.8119999886314701E+017  0.1696999990204826E+017
 0.8750000000000000E+001  0.6592151030838228E-098  0.2515898885163793E-044  0.5916606010997769E+012  0.9063685150046802E+000  0.1096499967093632E+010  0.8119999886314701E+017  0.1696999990204826E+017
 0.9000000000000000E+001  0.3257923996876207E-113  0.6195441036476927E-049  0.5916606010989069E+012  0.3632654116526149E-001  0.1096499967963674E+010  0.8119999886314701E+017  0.1696999990204826E+017
 0.9250000000000000E+001  0.2688569376695373E-128  0.1525634482321588E-053  0.5916606010988719E+012  0.1455939357104295E-002  0.1096499967998544E+010  0.8119999886314701E+017  0.1696999990204826E+017
 0.9500000000000000E+001  0.3619981426763159E-144  0.3756892193152318E-058  0.5916606010988706E+012  0.5835291066997152E-004  0.1096499967999942E+010  0.8119999886314701E+017  0.1696999990204826E+017
 0.9750000000000000E+001 -0.6471786931253018E-160  0.9251389553354508E-063  0.5916606010988706E+012  0.2338739018931352E-005  0.1096499967999998E+010  0.8119999886314701E+017  0.1696999990204826E+017
 0.1000000000000000E+002 -0.3215002459283861E-175  0.2278165149748452E-067  0.5916606010988706E+012  0.9373483063436492E-007  0.1096499968000000E+010  0.8119999886314701E+017  0.1696999990204826E+017
 0.1025000000000000E+002  0.1062636493968966E-190  0.5610007469062905E-072  0.5916606010988706E+012  0.3756818697140389E-008  0.1096499968000000E+010  0.8119999886314701E+017  0.1696999990204826E+017
 0.1050000000000000E+002  0.1127385013735958E-205  0.1381470689415609E-076  0.5916606010988706E+012  0.1505703549861561E-009  0.1096499968000000E+010  0.8119999886314701E+017  0.1696999990204826E+017
 0.1075000000000000E+002 -0.2042779880587516E-220  0.3401887210253843E-081  0.5916606010988706E+012  0.6034742059262586E-011  0.1096499968000000E+010  0.8119999886314701E+017  0.1696999990204826E+017
 0.1100000000000000E+002  0.4115551054852115E-236  0.8377185762985517E-086  0.5916606010988706E+012  0.2418677416625683E-012  0.1096499968000000E+010  0.8119999886314701E+017  0.1696999990204826E+017
 0.1125000000000000E+002  0.4365817538118589E-251  0.2062891476700957E-090  0.5916606010988706E+012  0.9693869909014744E-014  0.1096499968000000E+010  0.8119999886314701E+017  0.1696999990204826E+017
 0.1150000000000000E+002 -0.1146629656569417E-266  0.5079893612396085E-095  0.5916606010988706E+012  0.3885227238942901E-015  0.1096499968000000E+010  0.8119999886314701E+017  0.1696999990204826E+017
 0.1175000000000000E+002 -0.4493842577060134E-283  0.1250929552237555E-099  0.5916606010988706E+012  0.1557168689068777E-016  0.1096499968000000E+010  0.8119999886314701E+017  0.1696999990204826E+017
 0.1200000000000000E+002 -0.3918902214943136E-298  0.3080428182343979E-104  0.5916606010988706E+012  0.6241010311859953E-018  0.1096499968000000E+010  0.8119999886314701E+017  0.1696999990204826E+017
 0.1225000000000000E+002 -0.1230104694644757E-313  0.7585589267960892E-109  0.5916606010988706E+012  0.2501348118939860E-019  0.1096499968000000E+010  0.8119999886314701E+017  0.1696999990204826E+017
 0.1250000000000000E+002 -0.1230104694644757E-313  0.1867959943742158E-113  0.5916606010988706E+012  0.1002520761780208E-020  0.1096499968000000E+010  0.8119999886314701E+017  0.1696999990204826E+017
 0.1275000000000000E+002 -0.1230104694644757E-313  0.4599872505993412E-118  0.5916606010988706E+012  0.4018024801067415E-022  0.1096499968000000E+010  0.8119999886314701E+017  0.1696999990204826E+017
 0.1300000000000000E+002 -0.1230104694644757E-313  0.1132723811360296E-122  0.5916606010988706E+012  0.1610392913292346E-023  0.1096499968000000E+010  0.8119999886314701E+017  0.1696999990204826E+017
 0.1325000000000000E+002 -0.1230104694644757E-313  0.2789345207419039E-127  0.5916606010988706E+012  0.6454328839616029E-025  0.1096499968000000E+010  0.8119999886314701E+017  0.1696999990204826E+017
 0.1350000000000000E+002 -0.1230104694644757E-313  0.6868794147893338E-132  0.5916606010988706E+012  0.2586844516393918E-026  0.1096499968000000E+010  0.8119999886314701E+017  0.1696999990204826E+017
 0.1375000000000000E+002 -0.1230104694644757E-313  0.1691448334164118E-136  0.5916606010988706E+012  0.1036787049169836E-027  0.1096499968000000E+010  0.8119999886314701E+017  0.1696999990204826E+017
 0.1400000000000000E+002 -0.1230104694644757E-313  0.4165210669211093E-141  0.5916606010988706E+012  0.4155361400787841E-029  0.1096499968000000E+010  0.8119999886314701E+017  0.1696999990204826E+017
 0.1425000000000000E+002 -0.1230104694644757E-313  0.1025687842083977E-145  0.5916606010988706E+012  0.1665436348282256E-030  0.1096499968000000E+010  0.8119999886314701E+017  0.1696999990204826E+017
 0.1450000000000000E+002 -0.1230104694644757E-313  0.2525767921622366E-150  0.5916606010988706E+012  0.6674938621834099E-032  0.1096499968000000E+010  0.8119999886314701E+017  0.1696999990204826E+017
 0.1475000000000000E+002 -0.1230104694644757E-313  0.6219732097244176E-155  0.5916606010988706E+012  0.2675263191607806E-033  0.1096499968000000E+010  0.8119999886314701E+017  0.1696999990204826E+017
 0.1500000000000000E+002 -0.1230104694644757E-313  0.1531616069338219E-159  0.5916606010988706E+012  0.1072224562629016E-034  0.1096499968000000E+010  0.8119999886314701E+017  0.1696999990204826E+017
 0.1525000000000000E+002 -0.1230104694644757E-313  0.3771621907574278E-164  0.5916606010988706E+012  0.4297392182987608E-036  0.1096499968000000E+010  0.8119999886314701E+017  0.1696999990204826E+017
 0.1550000000000000E+002 -0.1230104694644757E-313  0.9287661640723572E-169  0.5916606010988706E+012  0.1722361174894351E-037  0.1096499968000000E+010  0.8119999886314701E+017  0.1696999990204826E+017
 0.1575000000000000E+002 -0.1230104694644757E-313  0.2287097192202107E-173  0.5916606010988706E+012  0.6903088874520834E-039  0.1096499968000000E+010  0.8119999886314701E+017  0.1696999990204826E+017
 0.1600000000000000E+002 -0.1230104694644757E-313  0.5632002724740208E-178  0.5916606010988706E+012  0.2766704028407756E-040  0.1096499968000000E+010  0.8119999886314701E+017  0.1696999990204826E+017
 0.1625000000000000E+002 -0.1230104694644757E-313  0.1386887046144940E-182  0.5916606010988706E+012  0.1108873334814054E-041  0.1096499968000000E+010  0.8119999886314701E+017  0.1696999990204826E+017
 0.1650000000000000E+002 -0.1230104694644757E-313  0.3415225050200232E-187  0.5916606010988706E+012  0.4444277595422029E-043  0.1096499968000000E+010  0.8119999886314701E+017  0.1696999990204826E+017
 0.1675000000000000E+002  0.1224262112733877E-001  0.2939305148068789E+007  0.5916641657705432E+012  0.2857831185350851E+008  0.1067921656146492E+010  0.8119999886314701E+017  0.1696999990204826E+017
 0.1700000000000000E+002  0.1792460603103161E+000  0.1178205630599239E+008  0.5916151208500402E+012  0.1329654118030593E+009  0.9635345561969419E+009  0.8119999886314701E+017  0.1696999990204826E+017
 0.1725000000000000E+002  0.8193263548016563E+000  0.2694382424520015E+008  0.5913934876338217E+012  0.2757461456874683E+009  0.8207538223125329E+009  0.8119999886314701E+017  0.1696999990204826E+017
 0.1750000000000000E+002  0.2309443130348164E+001  0.4903581188611498E+008  0.5909268224226691E+012  0.4153258028933532E+009  0.6811741651066478E+009  0.8119999886314701E+017  0.1696999990204826E+017
 0.1775000000000000E+002  0.4972564125813036E+001  0.7847360134294181E+008  0.5902081106668180E+012  0.5327333733031864E+009  0.5637665946968145E+009  0.8119999886314701E+017  0.1696999990204826E+017
 0.1800000000000000E+002  0.9002710654898912E+001  0.1151969443115626E+009  0.5892814280304902E+012  0.6253227642668211E+009  0.4711772037331797E+009  0.8119999886314701E+017  0.1696999990204826E+017
 0.1825000000000000E+002  0.1443335026358978E+002  0.1585616794656536E+009  0.5882283851781333E+012  0.6966324904855754E+009  0.3998674775144253E+009  0.8119999886314701E+017  0.1696999990204826E+017
 0.1850000000000000E+002  0.2114400209182437E+002  0.2073881727397793E+009  0.5871581367384142E+012  0.7512608312793757E+009  0.3452391367206250E+009  0.8119999886314701E+017  0.1696999990204826E+017
 0.1875000000000000E+002  0.2889343891210463E+002  0.2601131492766498E+009  0.5861962761107233E+012  0.7932065673623390E+009  0.3032934006376616E+009  0.8119999886314701E+017  0.1696999990204826E+017
 0.1900000000000000E+002  0.3736581489934404E+002  0.3149855610957053E+009  0.5854714596924484E+012  0.8255714704467252E+009  0.2709284975532753E+009  0.8119999886314701E+017  0.1696999990204826E+017
 0.1925000000000000E+002  0.4621764695516838E+002  0.3702568179352722E+009  0.5851015802813015E+012  0.8506676367247435E+009  0.2458323312752572E+009  0.8119999886314701E+017  0.1696999990204826E+017
 0.1950000000000000E+002  0.5511736442933327E+002  0.4243332827450125E+009  0.5851820059269877E+012  0.8701995936897097E+009  0.2263003743102911E+009  0.8119999886314701E+017  0.1696999990204826E+017
 0.1975000000000000E+002  0.6377345508201419E+002  0.4758775617365731E+009  0.5857777510176995E+012  0.8854265129504247E+009  0.2110734550495759E+009  0.8119999886314701E+017  0.1696999990204826E+017
 0.2000000000000000E+002  0.7195079191186666E+002  0.5238596947050575E+009  0.5869203241705338E+012  0.8972865884938155E+009  0.1992133795061851E+009  0.8119999886314701E+017  0.1696999990204826E+017
 0.2025000000000000E+002  0.7947692891921830E+002  0.5675677325823514E+009  0.5886089467266580E+012  0.9064873742732619E+009  0.1900125937267387E+009  0.8119999886314701E+017  0.1696999990204826E+017
 0.2050000000000000E+002  0.8624103858130759E+002  0.6065899052732689E+009  0.5908151247776603E+012  0.9135700804153839E+009  0.1829298875846169E+009  0.8119999886314701E+017  0.1696999990204826E+017
 0.2075000000000000E+002  0.9218812397093858E+002  0.6407795867025092E+009  0.5934892501438335E+012  0.9189550781269060E+009  0.1775448898730949E+009  0.8119999886314701E+017  0.1696999990204826E+017
 0.2100000000000000E+002  0.9731063999630827E+002  0.6702116532071213E+009  0.5965679368875933E+012  0.9229741332448150E+009  0.1735258347551857E+009  0.8119999886314701E+017  0.1696999990204826E+017
 0.2125000000000000E+002  0.1016390539646376E+003  0.6951360890493164E+009  0.5999810486475211E+012  0.9258933136615670E+009  0.1706066543384339E+009  0.8119999886314701E+017  0.1696999990204826E+017
 0.2150000000000000E+002  0.1052323549798770E+003  0.7159325298524499E+009  0.6036577144043405E+012  0.9279293153620449E+009  0.1685706526379558E+009  0.8119999886314701E+017  0.1696999990204826E+017
 0.2175000000000000E+002  0.1081691398153599E+003  0.7330679732340823E+009  0.6075309700118615E+012  0.9292611037791243E+009  0.1672388642208764E+009  0.8119999886314701E+017  0.1696999990204826E+017
 0.2200000000000000E+002  0.1105396425656939E+003  0.7470589605794688E+009  0.6115409415581301E+012  0.9300381841166508E+009  0.1664617838833498E+009  0.8119999886314701E+017  0.1696999990204826E+017
 0.2225000000000000E+002  0.1124388972320922E+003  0.7584389223730646E+009  0.6156366805016394E+012  0.9303864196690867E+009  0.1661135483309140E+009  0.8119999886314701E+017  0.1696999990204826E+017
 0.2250000000000000E+002  0.1139610934167307E+003  0.7677309206998347E+009  0.6197768705631952E+012  0.9304120538655138E+009  0.1660879141344869E+009  0.8119999886314701E+017  0.1696999990204826E+017
 0.2275000000000000E+002  0.1151950868384595E+003  0.7754256402849894E+009  0.6239296676303177E+012  0.9302044137996998E+009  0.1662955542003008E+009  0.8119999886314701E+017  0.1696999990204826E+017
 0.2300000000000000E+002  0.1162209520075506E+003  0.7819641615628351E+009  0.6280719267775480E+012  0.9298376531321070E+009  0.1666623148678935E+009  0.8119999886314701E+017  0.1696999990204826E+017
 0.2325000000000000E+002  0.1171074132869956E+003  0.7877248100600955E+009  0.6321880346026935E+012  0.9293718091712356E+009  0.1671281588287649E+009  0.8119999886314701E+017  0.1696999990204826E+017
 0.2350000000000000E+002  0.1179099632753092E+003  0.7930132331572009E+009  0.6362685164210476E+012  0.9288533880492175E+009  0.1676465799507830E+009  0.8119999886314701E+017  0.1696999990204826E+017
 0.2375000000000000E+002  0.1186694732403090E+003  0.7980548157972288E+009  0.6403085378072203E+012  0.9283156453988129E+009  0.1681843226011876E+009  0.8119999886314701E+017  0.1696999990204826E+017
 0.2400000000000000E+002  0.1194111169133242E+003  0.8029886064560603E+009  0.6443063756400184E+012  0.9277786895900538E+009  0.1687212784099468E+009  0.8119999886314701E+017  0.1696999990204826E+017
 0.2425000000000000E+002  0.1201434633738989E+003  0.8078620739970723E+009  0.6482618990091697E+012  0.9272494986980113E+009  0.1692504693019894E+009  0.8119999886314701E+017  0.1696999990204826E+017
 0.2450000000000000E+002  0.1208576441202256E+003  0.8126262436697141E+009  0.6521750767301061E+012  0.9267219069851846E+009  0.1697780610148163E+009  0.8119999886314701E+017  0.1696999990204826E+017
 0.2475000000000000E+002  0.1215265617093186E+003  0.8171310554179605E+009  0.6560445162104650E+012  0.9261765817031479E+009  0.1703233862968528E+009  0.8119999886314701E+017  0.1696999990204826E+017
 0.2500000000000000E+002  0.1221041813377508E+003  0.8211211480122741E+009  0.6598660378821603E+012  0.9255809755878736E+009  0.1709189924121270E+009  0.8119999886314701E+017  0.1696999990204826E+017
 0.2525000000000000E+002  0.1225250314544899E+003  0.8242326882478387E+009  0.6636313000295179E+012  0.9248892061974573E+009  0.1716107618025432E+009  0.8119999886314701E+017  0.1696999990204826E+017
 0.2550000000000000E+002  0.1227041330639587E+003  0.8259923316882688E+009  0.6673265100944316E+012  0.9240417746762981E+009  0.1724581933237024E+009  0.8119999886314701E+017  0.1696999990204826E+017
 0.2575000000000000E+002  0.1225376752004343E+003  0.8258198945804744E+009  0.6709312893981227E+012  0.9229650021242106E+009  0.1735349658757899E+009  0.8119999886314701E+017  0.1696999990204826E+017
 0.2600000000000000E+002  0.1219048467260838E+003  0.8230367911232269E+009  0.6744177966036866E+012  0.9215700191993436E+009  0.1749299488006570E+009  0.8119999886314701E+017  0.1696999990204826E+017
 0.2625000000000000E+002  0.1206713055753136E+003  0.8168826675898051E+009  0.6777502571619442E+012  0.9197510991638224E+009  0.1767488688361782E+009  0.8119999886314701E+017  0.1696999990204826E+017
 0.2650000000000000E+002  0.1186947904560285E+003  0.8065428199185668E+009  0.6808850846672931E+012  0.9173830668158214E+009  0.1791169011841792E+009  0.8119999886314701E+017  0.1696999990204826E+017
 0.2675000000000000E+002  0.1158333226266885E+003  0.7911887487970630E+009  0.6837718052542654E+012  0.9143174397432441E+009  0.1821825282567565E+009  0.8119999886314701E+017  0.1696999990204826E+017
 0.2700000000000000E+002  0.1119562667637139E+003  0.7700333895827854E+009  0.6863549939713623E+012  0.9103768543083243E+009  0.1861231136916763E+009  0.8119999886314701E+017  0.1696999990204826E+017
 0.2725000000000000E+002  0.1069581832374999E+003  0.7424009706207041E+009  0.6885773860050245E+012  0.9053471820007594E+009  0.1911527859992412E+009  0.8119999886314701E+017  0.1696999990204826E+017
 0.2750000000000000E+002  0.1007748894355723E+003  0.7078090004614654E+009  0.6903842193167662E+012  0.8989665353217595E+009  0.1975334326782411E+009  0.8119999886314701E+017  0.1696999990204826E+017
 0.2775000000000000E+002  0.9340047277459088E+002  0.6660566403192669E+009  0.6917286875829700E+012  0.8909100780867057E+009  0.2055898899132949E+009  0.8119999886314701E+017  0.1696999990204826E+017
 0.2800000000000000E+002  0.8490323774674772E+002  0.6173100404623688E+009  0.6925781347602809E+012  0.8807691693100495E+009  0.2157307986899511E+009  0.8119999886314701E+017  0.1696999990204826E+017
 0.2825000000000000E+002  0.7543786859498891E+002  0.5621718082309049E+009  0.6929203280063099E+012  0.8680228896418171E+009  0.2284770783581835E+009  0.8119999886314701E+017  0.1696999990204826E+017
 0.2850000000000000E+002  0.6525065318948883E+002  0.5017196305649636E+009  0.6927688560571621E+012  0.8519994662096685E+009  0.2445005017903321E+009  0.8119999886314701E+017  0.1696999990204826E+017
 0.2875000000000000E+002  0.5467466980205960E+002  0.4374993052945930E+009  0.6921664990897539E+012  0.8318247384248021E+009  0.2646752295751986E+009  0.8119999886314701E+017  0.1696999990204826E+017
 0.2900000000000000E+002  0.4411256761214830E+002  0.3714609171783959E+009  0.6911854101352638E+012  0.8063551656982075E+009  0.2901448023017933E+009  0.8119999886314701E+017  0.1696999990204826E+017
 0.2925000000000000E+002  0.3400603666594675E+002  0.3058338832635311E+009  0.6899232415643837E+012  0.7740954800367137E+009  0.3224044879632871E+009  0.8119999886314701E+017  0.1696999990204826E+017
 0.2950000000000000E+002  0.2479316588430874E+002  0.2429464787114752E+009  0.6884950011645023E+012  0.7331095675877503E+009  0.3633904004122505E+009  0.8119999886314701E+017  0.1696999990204826E+017
 0.2975000000000000E+002  0.1685739791697235E+002  0.1850068792809380E+009  0.6870213868544287E+012  0.6809558490797716E+009  0.4155441189202289E+009  0.8119999886314701E+017  0.1696999990204826E+017
 0.3000000000000000E+002  0.1047442648921897E+002  0.1338740782398291E+009  0.6856154322605162E+012  0.6147328674784031E+009  0.4817671005215977E+009  0.8119999886314701E+017  0.1696999990204826E+017
 0.3025000000000000E+002  0.5765877646035985E+001  0.9085684836426476E+008  0.6843701408771339E+012  0.5314385859135655E+009  0.5650613820864354E+009  0.8119999886314701E+017  0.1696999990204826E+017
 0.3050000000000000E+002  0.2670643321259275E+001  0.5658600324598765E+008  0.6833499305705099E+012  0.4290640774275368E+009  0.6674358905724639E+009  0.8119999886314701E+017  0.1696999990204826E+017
 0.3075000000000000E+002  0.9456665252742462E+000  0.3100740521424647E+008  0.6825876905367736E+012  0.3091152754013423E+009  0.7873846925986582E+009  0.8119999886314701E+017  0.1696999990204826E+017
 0.3100000000000000E+002  0.2066565316092935E+000  0.1353532830982993E+008  0.6820867277497206E+012  0.1811584530335813E+009  0.9153415149664192E+009  0.8119999886314701E+017  0.1696999990204826E+017
 0.3125000000000000E+002  0.1410814586351136E-001  0.3378727541315512E+007  0.6818229442804297E+012  0.6816565354105191E+008  0.1028334314458949E+010  0.8119999886314701E+017  0.1696999990204826E+017
 0.3150000000000000E+002 -0.2657290230744093E-015  0.4507700780877144E+001  0.6817394601636516E+012  0.6315048953475006E+007  0.1090184919046526E+010  0.8119999886314701E+017  0.1696999990204826E+017
 0.3175000000000000E+002  0.1199447457390823E-030  0.7551596800314287E-009  0.6817332982483267E+012  0.1531292033297312E+006  0.1096346838796671E+010  0.8119999886314701E+017  0.1696999990204826E+017
 0.3200000000000000E+002 -0.1419428333764299E-053  0.3475865816524668E-020  0.6817331488322843E+012  0.3713161075127278E+004  0.1096496254838926E+010  0.8119999886314701E+017  0.1696999990204826E+017
 0.3225000000000000E+002  0.4192262364571890E-069  0.4086634319644246E-030  0.6817331452091697E+012  0.9004634219550503E+002  0.1096499877953658E+010  0.8119999886314701E+017  0.1696999990204826E+017
 0.3250000000000000E+002 -0.1007336795198447E-084  0.1639234283648940E-036  0.6817331451213135E+012  0.2190088435129059E+001  0.1096499965809912E+010  0.8119999886314701E+017  0.1696999990204826E+017
 0.3275000000000000E+002 -0.1427897740644434E-098  0.3885420644529026E-041  0.6817331451191776E+012  0.5415890854365413E-001  0.1096499967945842E+010  0.8119999886314701E+017  0.1696999990204826E+017
 0.3300000000000000E+002  0.1938764409230618E-112  0.9208546003731726E-046  0.6817331451191248E+012  0.1339300882958557E-002  0.1096499967998661E+010  0.8119999886314701E+017  0.1696999990204826E+017
 0.3325000000000000E+002  0.1587696398485252E-126  0.2182443416874710E-050  0.6817331451191235E+012  0.3311970095653036E-004  0.1096499967999967E+010  0.8119999886314701E+017  0.1696999990204826E+017
 0.3350000000000000E+002 -0.1148069153719291E-140  0.5172433274016307E-055  0.6817331451191235E+012  0.8190202854394762E-006  0.1096499968000000E+010  0.8119999886314701E+017  0.1696999990204826E+017
 0.3375000000000000E+002  0.8785701014587045E-155  0.1225876726875721E-059  0.6817331451191235E+012  0.2025363178374643E-007  0.1096499968000000E+010  0.8119999886314701E+017  0.1696999990204826E+017
 0.3400000000000000E+002 -0.1683205068365009E-168  0.2905351641060841E-064  0.6817331451191235E+012  0.5008540175674265E-009  0.1096499968000000E+010  0.8119999886314701E+017  0.1696999990204826E+017
 0.3425000000000000E+002 -0.4902822171668714E-182  0.6885739794392306E-069  0.6817331451191235E+012  0.1238566739989533E-010  0.1096499968000000E+010  0.8119999886314701E+017  0.1696999990204826E+017
 0.3450000000000000E+002  0.4460961381905887E-196  0.1631933698050769E-073  0.6817331451191235E+012  0.3062863660071935E-012  0.1096499968000000E+010  0.8119999886314701E+017  0.1696999990204826E+017
 0.3475000000000000E+002 -0.3625795131403578E-210  0.3867714545837164E-078  0.6817331451191235E+012  0.7574185142633937E-014  0.1096499968000000E+010  0.8119999886314701E+017  0.1696999990204826E+017
 0.3500000000000000E+002 -0.1931351932856316E-225  0.9166558551995342E-083  0.6817331451191235E+012  0.1873027563151447E-015  0.1096499968000000E+010  0.8119999886314701E+017  0.1696999990204826E+017
 0.3525000000000000E+002 -0.1003026194639702E-239  0.2172492171169656E-087  0.6817331451191235E+012  0.4631827960710575E-017  0.1096499968000000E+010  0.8119999886314701E+017  0.1696999990204826E+017
 0.3550000000000000E+002  0.9410933347153683E-254  0.5148848620687862E-092  0.6817331451191235E+012  0.1145409212319517E-018  0.1096499968000000E+010  0.8119999886314701E+017  0.1696999990204826E+017
 0.3575000000000000E+002 -0.2063236957940094E-267  0.1220287118510590E-096  0.6817331451191235E+012  0.2832493509679356E-020  0.1096499968000000E+010  0.8119999886314701E+017  0.1696999990204826E+017
 0.3600000000000000E+002  0.1804524131311693E-281  0.2892104158948017E-101  0.6817331451191235E+012  0.7004500571571805E-022  0.1096499968000000E+010  0.8119999886314701E+017  0.1696999990204826E+017
 0.3625000000000000E+002 -0.8970081756225340E-296  0.6854343008652046E-106  0.6817331451191235E+012  0.1732149715065155E-023  0.1096499968000000E+010  0.8119999886314701E+017  0.1696999990204826E+017
 0.3650000000000000E+002  0.3836177188981696E-310  0.1624492598038986E-110  0.6817331451191235E+012  0.4283449768820613E-025  0.1096499968000000E+010  0.8119999886314701E+017  0.1696999990204826E+017
 0.3675000000000000E+002  0.1709319553249775E-313  0.3850078991673955E-115  0.6817331451191235E+012  0.1059258432595652E-026  0.1096499968000000E+010  0.8119999886314701E+017  0.1696999990204826E+017
 0.3700000000000000E+002  0.1709319553249775E-313  0.9124761948783920E-120  0.6817331451191235E+012  0.2619450413991729E-028  0.1096499968000000E+010  0.8119999886314701E+017  0.1696999990204826E+017
 0.3725000000000000E+002  0.1709319553249775E-313  0.2162586293160578E-124  0.6817331451191235E+012  0.6477664241527664E-030  0.1096499968000000E+010  0.8119999886314701E+017  0.1696999990204826E+017
 0.3750000000000000E+002  0.1709319553249775E-313  0.5125371499332457E-129  0.6817331451191235E+012  0.1601867849906108E-031  0.1096499968000000E+010  0.8119999886314701E+017  0.1696999990204826E+017
 0.3775000000000000E+002  0.1709319553249775E-313  0.1214722995327030E-133  0.6817331451191235E+012  0.3961274485504482E-033  0.1096499968000000E+010  0.8119999886314701E+017  0.1696999990204826E+017
 0.3800000000000000E+002  0.1709319553249775E-313  0.2878917079601702E-138  0.6817331451191235E+012  0.9795873954539050E-035  0.1096499968000000E+010  0.8119999886314701E+017  0.1696999990204826E+017
 0.3825000000000000E+002  0.1709319553249775E-313  0.6823089368409562E-143  0.6817331451191235E+012  0.2422431136351724E-036  0.1096499968000000E+010  0.8119999886314701E+017  0.1696999990204826E+017
 0.3850000000000000E+002  0.1709319553249775E-313  0.1617085424843685E-147  0.6817331451191235E+012  0.5990453365977820E-038  0.1096499968000000E+010  0.8119999886314701E+017  0.1696999990204826E+017
 0.3875000000000000E+002  0.1709319553249775E-313  0.3832523848398889E-152  0.6817331451191235E+012  0.1481385001680583E-039  0.1096499968000000E+010  0.8119999886314701E+017  0.1696999990204826E+017
 0.3900000000000000E+002  0.1709319553249775E-313  0.9083155917083546E-157  0.6817331451191235E+012  0.3663331285854974E-041  0.1096499968000000E+010  0.8119999886314701E+017  0.1696999990204826E+017
 0.3925000000000000E+002  0.1709319553249775E-313  0.2152725587237498E-161  0.6817331451191235E+012  0.9059087336984897E-043  0.1096499968000000E+010  0.8119999886314701E+017  0.1696999990204826E+017
 0.3950000000000000E+002  0.1709319553249775E-313  0.5102001425880076E-166  0.6817331451191235E+012  0.2240230461711203E-044  0.1096499968000000E+010  0.8119999886314701E+017  0.1696999990204826E+017
 0.3975000000000000E+002  0.1709319553249775E-313  0.1209184242262796E-170  0.6817331451191235E+012  0.5539887556983356E-046  0.1096499968000000E+010  0.8119999886314701E+017  0.1696999990204826E+017
 0.4000000000000000E+002  0.1709319553249775E-313  0.2865790128458138E-175  0.6817331451191235E+012  0.1369964147375088E-047  0.1096499968000000E+010  0.8119999886314701E+017  0.1696999990204826E+017
 0.4025000000000000E+002  0.1709319553249775E-313  0.6791978230605443E-180  0.6817331451191235E+012  0.3387797578539906E-049  0.1096499968000000E+010  0.8119999886314701E+017  0.1696999990204826E+017
 0.4050000000000000E+002  0.1709319553249775E-313  0.1609712027280726E-184  0.6817331451191235E+012  0.8377717369576150E-051  0.1096499968000000E+010  0.8119999886314701E+017  0.1696999990204826E+017
 0.4075000000000000E+002  0.1410625140743165E-001  0.3370394222213173E+007  0.6817313881358032E+012  0.2722432240131938E+008  0.1069275645598681E+010  0.8119999886314701E+017  0.1696999990204826E+017
 0.4100000000000000E+002  0.2065239612841487E+000  0.1352044421688104E+008  0.6816491628839354E+012  0.1238941169988194E+009  0.9726058510011816E+009  0.8119999886314701E+017  0.1696999990204826E+017
 0.4125000000000000E+002  0.9439541409907984E+000  0.3094778170001032E+008  0.6813516642510471E+012  0.2568119567775146E+009  0.8396880112224864E+009  0.8119999886314701E+017  0.1696999990204826E+017
 0.4150000000000000E+002  0.2660506765242072E+001  0.5636310284501663E+008  0.6807562063588903E+012  0.3898658104981743E+009  0.7066341575018265E+009  0.8119999886314701E+017  0.1696999990204826E+017
 0.4175000000000000E+002  0.5727766285330684E+001  0.9023706181181771E+008  0.6798465199339119E+012  0.5049305171440715E+009  0.5915694508559294E+009  0.8119999886314701E+017  0.1696999990204826E+017
 0.4200000000000000E+002  0.1036817676857201E+002  0.1324844833767935E+009  0.6786606386522797E+012  0.5979054504411504E+009  0.4985945175588503E+009  0.8119999886314701E+017  0.1696999990204826E+017
 0.4225000000000000E+002  0.1661833001283252E+002  0.1823428448209074E+009  0.6772780638250879E+012  0.6708898190404284E+009  0.4256101489595724E+009  0.8119999886314701E+017  0.1696999990204826E+017
 0.4250000000000000E+002  0.2433633853913135E+002  0.2384281391200525E+009  0.6758089343323406E+012  0.7276110227576514E+009  0.3688889452423495E+009  0.8119999886314701E+017  0.1696999990204826E+017
 0.4275000000000000E+002  0.3324002285290291E+002  0.2989100231845763E+009  0.6743819380123057E+012  0.7716379265524273E+009  0.3248620414475736E+009  0.8119999886314701E+017  0.1696999990204826E+017
 0.4300000000000000E+002  0.4296027283239505E+002  0.3617391162089949E+009  0.6731302271448870E+012  0.8058924080053968E+009  0.2906075599946038E+009  0.8119999886314701E+017  0.1696999990204826E+017
 0.4325000000000000E+002  0.5309571720974977E+002  0.4248693566056157E+009  0.6721771080584128E+012  0.8326311942355183E+009  0.2638687737644820E+009  0.8119999886314701E+017  0.1696999990204826E+017
 0.4350000000000000E+002  0.6325907790509747E+002  0.4864378678237346E+009  0.6716239246035472E+012  0.8535599532004516E+009  0.2429400147995487E+009  0.8119999886314701E+017  0.1696999990204826E+017
 0.4375000000000000E+002  0.7311044799736268E+002  0.5448857985142543E+009  0.6715419462785060E+012  0.8699616097874712E+009  0.2265383582125290E+009  0.8119999886314701E+017  0.1696999990204826E+017
 0.4400000000000000E+002  0.8237679452246859E+002  0.5990203337367812E+009  0.6719689822697990E+012  0.8828047839883674E+009  0.2136951840116325E+009  0.8119999886314701E+017  0.1696999990204826E+017
 0.4425000000000000E+002  0.9085957532140098E+002  0.6480280570218527E+009  0.6729104076711160E+012  0.8928271367653865E+009  0.2036728312346135E+009  0.8119999886314701E+017  0.1696999990204826E+017
 0.4450000000000000E+002  0.9843348199030953E+002  0.6914535198501698E+009  0.6743435824522686E+012  0.9005969717228268E+009  0.1959029962771733E+009  0.8119999886314701E+017  0.1696999990204826E+017
 0.4475000000000000E+002  0.1050393849052853E+003  0.7291562609521512E+009  0.6762243367185839E+012  0.9065580224223350E+009  0.1899419455776649E+009  0.8119999886314701E+017  0.1696999990204826E+017
 0.4500000000000000E+002  0.1106740588292977E+003  0.7612568558039476E+009  0.6784942260627361E+012  0.9110618144675506E+009  0.1854381535324492E+009  0.8119999886314701E+017  0.1696999990204826E+017
 0.4525000000000000E+002  0.1153785998821980E+003  0.7880795159654653E+009  0.6810875086686155E+012  0.9143910083776454E+009  0.1821089596223544E+009  0.8119999886314701E+017  0.1696999990204826E+017
 0.4550000000000000E+002  0.1192268297913422E+003  0.8100961576066774E+009  0.6839371377234827E+012  0.9167762223301487E+009  0.1797237456698511E+009  0.8119999886314701E+017  0.1696999990204826E+017
 0.4575000000000000E+002  0.1223145024360695E+003  0.8278749478503621E+009  0.6869794023384254E+012  0.9184081278791795E+009  0.1780918401208204E+009  0.8119999886314701E+017  0.1696999990204826E+017
 0.4600000000000000E+002  0.1247497796335249E+003  0.8420350218219837E+009  0.6901571290258617E+012  0.9194460960189602E+009  0.1770538719810398E+009  0.8119999886314701E+017  0.1696999990204826E+017
 0.4625000000000000E+002  0.1266451964268409E+003  0.8532081500985379E+009  0.6934215498873215E+012  0.9200243100926890E+009  0.1764756579073110E+009  0.8119999886314701E+017  0.1696999990204826E+017
 0.4650000000000000E+002  0.1281111597061379E+003  0.8620074723613036E+009  0.6967330539849625E+012  0.9202560085957868E+009  0.1762439594042131E+009  0.8119999886314701E+017  0.1696999990204826E+017
 0.4675000000000000E+002  0.1292508971395623E+003  0.8690029106294762E+009  0.7000610800049036E+012  0.9202363499710251E+009  0.1762636180289749E+009  0.8119999886314701E+017  0.1696999990204826E+017
 0.4700000000000000E+002  0.1301566860565968E+003  0.8747025066524016E+009  0.7033834015825076E+012  0.9200442713923819E+009  0.1764556966076181E+009  0.8119999886314701E+017  0.1696999990204826E+017
 0.4725000000000000E+002  0.1309071386538497E+003  0.8795386851004541E+009  0.7066850212305144E+012  0.9197436283862537E+009  0.1767563396137463E+009  0.8119999886314701E+017  0.1696999990204826E+017
 0.4750000000000000E+002  0.1315652977229017E+003  0.8838583295866618E+009  0.7099568406415604E+012  0.9193838402985817E+009  0.1771161277014182E+009  0.8119999886314701E+017  0.1696999990204826E+017
 0.4775000000000000E+002  0.1321773018057624E+003  0.8879155634340576E+009  0.7131942255609393E+012  0.9190002171016804E+009  0.1774997508983196E+009  0.8119999886314701E+017  0.1696999990204826E+017
 0.4800000000000000E+002  0.1327714059340374E+003  0.8918662388265461E+009  0.7163955395126527E+012  0.9186141004800695E+009  0.1778858675199305E+009  0.8119999886314701E+017  0.1696999990204826E+017
 0.4825000000000000E+002  0.1333571893798729E+003  0.8957633398629661E+009  0.7195606862065455E+012  0.9182329164993525E+009  0.1782670515006476E+009  0.8119999886314701E+017  0.1696999990204826E+017
 0.4850000000000000E+002  0.1339248415094439E+003  0.8995527799052185E+009  0.7226896770681984E+012  0.9178501935134807E+009  0.1786497744865192E+009  0.8119999886314701E+017  0.1696999990204826E+017
 0.4875000000000000E+002  0.1344444884774838E+003  0.9030694166897444E+009  0.7257812284476803E+012  0.9174455736523061E+009  0.1790543943476938E+009  0.8119999886314701E+017  0.1696999990204826E+017
 0.4900000000000000E+002  0.1348656058023234E+003  0.9060335030036573E+009  0.7288313924986178E+012  0.9169847957286856E+009  0.1795151722713144E+009  0.8119999886314701E+017  0.1696999990204826E+017
 0.4925000000000000E+002  0.1351166538476620E+003  0.9080482458560083E+009  0.7318322361798522E+012  0.9164196028913515E+009  0.1800803651086484E+009  0.8119999886314701E+017  0.1696999990204826E+017
 0.4950000000000000E+002  0.1351051729347510E+003  0.9085996388280180E+009  0.7347706037787958E+012  0.9156874824782157E+009  0.1808124855217842E+009  0.8119999886314701E+017  0.1696999990204826E+017
 0.4975000000000000E+002  0.1347186774563970E+003  0.9070602501949556E+009  0.7376270287844531E+012  0.9147111117434069E+009  0.1817888562565930E+009  0.8119999886314701E+017  0.1696999990204826E+017
 0.5000000000000000E+002  0.1338267840483194E+003  0.9026991370811489E+009  0.7403748987851436E+012  0.9133973399964547E+009  0.1831026280035452E+009  0.8119999886314701E+017  0.1696999990204826E+017
 0.5025000000000000E+002  0.1322850804280604E+003  0.8947004365233651E+009  0.7429800183809701E+012  0.9116354904242414E+009  0.1848644775757585E+009  0.8119999886314701E+017  0.1696999990204826E+017
 0.5050000000000000E+002  0.1299412625666036E+003  0.8821933275125278E+009  0.7454007531873380E+012  0.9092947072871284E+009  0.1872052607128713E+009  0.8119999886314701E+017  0.1696999990204826E+017
 0.5075000000000000E+002  0.1266440031340733E+003  0.8642957939137187E+009  0.7475889627228855E+012  0.9062199979103148E+009  0.1902799700896850E+009  0.8119999886314701E+017  0.1696999990204826E+017
 0.5100000000000000E+002  0.1222548226508417E+003  0.8401737459156259E+009  0.7494919275546646E+012  0.9022265164504490E+009  0.1942734515495509E+009  0.8119999886314701E+017  0.1696999990204826E+017
 0.5125000000000000E+002  0.1166628786254516E+003  0.8091153903168970E+009  0.7510554302148517E+012  0.8970914909177595E+009  0.1994084770822403E+009  0.8119999886314701E+017  0.1696999990204826E+017
 0.5150000000000000E+002  0.1098020470237107E+003  0.7706181741737064E+009  0.7522280439164303E+012  0.8905430007983648E+009  0.2059569672016351E+009  0.8119999886314701E+017  0.1696999990204826E+017
 0.5175000000000000E+002  0.1016689628233566E+003  0.7244822425810752E+009  0.7529665069950531E+012  0.8822445373988256E+009  0.2142554306011741E+009  0.8119999886314701E+017  0.1696999990204826E+017
 0.5200000000000000E+002  0.9233988934934902E+002  0.6709005151654565E+009  0.7532418157908527E+012  0.8717739338150213E+009  0.2247260341849787E+009  0.8119999886314701E+017  0.1696999990204826E+017
 0.5225000000000000E+002  0.8198354833864730E+002  0.6105319145052204E+009  0.7530453770386393E+012  0.8585948314110008E+009  0.2379051365889994E+009  0.8119999886314701E+017  0.1696999990204826E+017
 0.5250000000000000E+002  0.7086657632086296E+002  0.5445419994289006E+009  0.7523942742939290E+012  0.8420184472401836E+009  0.2544815207598168E+009  0.8119999886314701E+017  0.1696999990204826E+017
 0.5275000000000000E+002  0.5934831498963938E+002  0.4745954164190260E+009  0.7513345042838743E+012  0.8211532768615098E+009  0.2753466911384904E+009  0.8119999886314701E+017  0.1696999990204826E+017
 0.5300000000000000E+002  0.4786238782403069E+002  0.4027881136420323E+009  0.7499410338061987E+012  0.7948411772491738E+009  0.3016587907508267E+009  0.8119999886314701E+017  0.1696999990204826E+017
 0.5325000000000000E+002  0.3688403977189238E+002  0.3315144807961024E+009  0.7483138189623044E+012  0.7615816782565817E+009  0.3349182897434186E+009  0.8119999886314701E+017  0.1696999990204826E+017
 0.5350000000000000E+002  0.2688443764206507E+002  0.2632749393810580E+009  0.7465695730357955E+012  0.7194561533765622E+009  0.3770438146234381E+009  0.8119999886314701E+017  0.1696999990204826E+017
 0.5375000000000000E+002  0.1827582258779601E+002  0.2004416869044436E+009  0.7448300223158773E+012  0.6660878961667106E+009  0.4304120718332897E+009  0.8119999886314701E+017  0.1696999990204826E+017
 0.5400000000000000E+002  0.1135428499065898E+002  0.1450126285434863E+009  0.7432084552406395E+012  0.5987295858525590E+009  0.4977703821474414E+009  0.8119999886314701E+017  0.1696999990204826E+017
 0.5425000000000000E+002  0.6249698065130906E+001  0.9839447466067004E+008  0.7417971925590212E+012  0.5146829458636092E+009  0.5818170221363912E+009  0.8119999886314701E+017  0.1696999990204826E+017
 0.5450000000000000E+002  0.2894611998157423E+001  0.6126403590534027E+008  0.7406587200845289E+012  0.4124491004452263E+009  0.6840508675547743E+009  0.8119999886314701E+017  0.1696999990204826E+017
 0.5475000000000000E+002  0.1024958758141998E+001  0.3355928604546671E+008  0.7398221732543290E+012  0.2942130471130044E+009  0.8022869208869959E+009  0.8119999886314701E+017  0.1696999990204826E+017
 0.5500000000000000E+002  0.2239858242750433E+000  0.1464312670053415E+008  0.7392843496499478E+012  0.1700496258388675E+009  0.9264503421611331E+009  0.8119999886314701E+017  0.1696999990204826E+017
 0.5525000000000000E+002  0.1529144625842251E-001  0.3653713420528974E+007  0.7390107392883856E+012  0.6242252028969873E+008  0.1034077447710302E+010  0.8119999886314701E+017  0.1696999990204826E+017
 0.5550000000000000E+002 -0.1390929231320433E-013  0.4872806380357360E+001  0.7389297252948080E+012  0.5103130065401884E+007  0.1091396837934599E+010  0.8119999886314701E+017  0.1696999990204826E+017
 0.5575000000000000E+002  0.2826572596559584E-029  0.3792661648971567E-009  0.7389247127444688E+012  0.9057494398630277E+005  0.1096409393056014E+010  0.8119999886314701E+017  0.1696999990204826E+017
 0.5600000000000000E+002 -0.8421422965572445E-045  0.4257833093411361E-019  0.7389246237771470E+012  0.1607622331631646E+004  0.1096498360377669E+010  0.8119999886314701E+017  0.1696999990204826E+017
 0.5625000000000000E+002  0.4412669973166336E-060  0.1858811399054490E-028  0.7389246221980725E+012  0.2854790928426819E+002  0.1096499939452091E+010  0.8119999886314701E+017  0.1696999990204826E+017
 0.5650000000000000E+002 -0.9914031379426111E-077  0.7248384290202809E-035  0.7389246221700347E+012  0.5101745417741705E+000  0.1096499967489826E+010  0.8119999886314701E+017  0.1696999990204826E+017
 0.5675000000000000E+002  0.8580455261215815E-091  0.1617749812074813E-039  0.7389246221695337E+012  0.9202301381222425E-002  0.1096499967990798E+010  0.8119999886314701E+017  0.1696999990204826E+017
 0.5700000000000000E+002 -0.1102223159489125E-105  0.3610590270170259E-044  0.7389246221695247E+012  0.1659870177329887E-003  0.1096499967999834E+010  0.8119999886314701E+017  0.1696999990204826E+017
 0.5725000000000000E+002  0.1758754268617009E-120  0.8058329055056647E-049  0.7389246221695245E+012  0.2993999969629314E-005  0.1096499967999997E+010  0.8119999886314701E+017  0.1696999990204826E+017
 0.5750000000000000E+002  0.2725657995144648E-135  0.1798505566402761E-053  0.7389246221695245E+012  0.5400443926620831E-007  0.1096499968000000E+010  0.8119999886314701E+017  0.1696999990204826E+017
 0.5775000000000000E+002 -0.2373777568121718E-150  0.4014011155874189E-058  0.7389246221695245E+012  0.9741080461061927E-009  0.1096499968000000E+010  0.8119999886314701E+017  0.1696999990204826E+017
 0.5800000000000000E+002  0.5675381947648041E-165  0.8958707643665999E-063  0.7389246221695245E+012  0.1757052750444097E-010  0.1096499968000000E+010  0.8119999886314701E+017  0.1696999990204826E+017
 0.5825000000000000E+002 -0.4031841283682708E-179  0.1999457387940143E-067  0.7389246221695245E+012  0.3169293570855709E-012  0.1096499968000000E+010  0.8119999886314701E+017  0.1696999990204826E+017
 0.5850000000000000E+002  0.2721606498068122E-193  0.4462507323247539E-072  0.7389246221695245E+012  0.5716630724791043E-014  0.1096499968000000E+010  0.8119999886314701E+017  0.1696999990204826E+017
 0.5875000000000000E+002 -0.3282338014873010E-208  0.9959687928581102E-077  0.7389246221695245E+012  0.1031140413880979E-015  0.1096499968000000E+010  0.8119999886314701E+017  0.1696999990204826E+017
 0.5900000000000000E+002  0.1292275970856384E-223  0.2222862092622910E-081  0.7389246221695245E+012  0.1859925197770235E-017  0.1096499968000000E+010  0.8119999886314701E+017  0.1696999990204826E+017
 0.5925000000000000E+002 -0.1795576785563598E-238  0.4961115164767634E-086  0.7389246221695245E+012  0.3354850314013543E-019  0.1096499968000000E+010  0.8119999886314701E+017  0.1696999990204826E+017
 0.5950000000000000E+002 -0.1321767091922824E-253  0.1107251041818581E-090  0.7389246221695245E+012  0.6051329721716646E-021  0.1096499968000000E+010  0.8119999886314701E+017  0.1696999990204826E+017
 0.5975000000000000E+002 -0.2764304234285389E-268  0.2471228400530522E-095  0.7389246221695245E+012  0.1091511929696884E-022  0.1096499968000000E+010  0.8119999886314701E+017  0.1696999990204826E+017
 0.6000000000000000E+002 -0.3815191705780876E-283  0.5515433788013799E-100  0.7389246221695245E+012  0.1968820651756922E-024  0.1096499968000000E+010  0.8119999886314701E+017  0.1696999990204826E+017
 0.6025000000000000E+002  0.2923593261873658E-297  0.1230967152158474E-104  0.7389246221695245E+012  0.3551271088590832E-026  0.1096499968000000E+010  0.8119999886314701E+017  0.1696999990204826E+017
 0.6050000000000000E+002  0.6591725760949374E-312  0.2747345336661289E-109  0.7389246221695245E+012  0.6405624775119536E-028  0.1096499968000000E+010  0.8119999886314701E+017  0.1696999990204826E+017
 0.6075000000000000E+002  0.3153897600293875E-314  0.6131687906488583E-114  0.7389246221695245E+012  0.1155418094987141E-029  0.1096499968000000E+010  0.8119999886314701E+017  0.1696999990204826E+017
 0.6100000000000000E+002  0.3153897600293875E-314  0.1368506393454052E-118  0.7389246221695245E+012  0.2084091749190793E-031  0.1096499968000000E+010  0.8119999886314701E+017  0.1696999990204826E+017
 0.6125000000000000E+002  0.3153897600293875E-314  0.3054313555413634E-123  0.7389246221695245E+012  0.3759191965133209E-033  0.1096499968000000E+010  0.8119999886314701E+017  0.1696999990204826E+017
 0.6150000000000000E+002  0.3153897600293875E-314  0.6816797744313102E-128  0.7389246221695245E+012  0.6780663200748710E-035  0.1096499968000000E+010  0.8119999886314701E+017  0.1696999990204826E+017
 0.6175000000000000E+002  0.3153897600293875E-314  0.1521413261474445E-132  0.7389246221695245E+012  0.1223065857461696E-036  0.1096499968000000E+010  0.8119999886314701E+017  0.1696999990204826E+017
 0.6200000000000000E+002  0.3153897600293875E-314  0.3395580151975147E-137  0.7389246221695245E+012  0.2206111773142406E-038  0.1096499968000000E+010  0.8119999886314701E+017  0.1696999990204826E+017
 0.6225000000000000E+002  0.3153897600293875E-314  0.7578456732594880E-142  0.7389246221695245E+012  0.3979286255033020E-040  0.1096499968000000E+010  0.8119999886314701E+017  0.1696999990204826E+017
 0.6250000000000000E+002  0.3153897600293875E-314  0.1691404821536697E-146  0.7389246221695245E+012  0.7177659487732878E-042  0.1096499968000000E+010  0.8119999886314701E+017  0.1696999990204826E+017
 0.6275000000000000E+002  0.3153897600293875E-314  0.3774977375752919E-151  0.7389246221695245E+012  0.1294674281265393E-043  0.1096499968000000E+010  0.8119999886314701E+017  0.1696999990204826E+017
 0.6300000000000000E+002  0.3153897600293875E-314  0.8425217904329970E-156  0.7389246221695245E+012  0.2335275861769118E-045  0.1096499968000000E+010  0.8119999886314701E+017  0.1696999990204826E+017
 0.6325000000000000E+002  0.3153897600293875E-314  0.1880389990653349E-160  0.7389246221695245E+012  0.4212266690917311E-047  0.1096499968000000E+010  0.8119999886314701E+017  0.1696999990204826E+017
 0.6350000000000000E+002  0.3153897600293875E-314  0.4196765660586036E-165  0.7389246221695245E+012  0.7597899231472325E-049  0.1096499968000000E+010  0.8119999886314701E+017  0.1696999990204826E+017
 0.6375000000000000E+002  0.3153897600293875E-314  0.9366589959655301E-170  0.7389246221695245E+012  0.1370475256376423E-050  0.1096499968000000E+010  0.8119999886314701E+017  0.1696999990204826E+017
 0.6400000000000000E+002  0.3153897600293875E-314  0.2090490977545702E-174  0.7389246221695245E+012  0.2472002287895654E-052  0.1096499968000000E+010  0.8119999886314701E+017  0.1696999990204826E+017
 0.6425000000000000E+002  0.3153897600293875E-314  0.4665681477267331E-179  0.7389246221695245E+012  0.4458887734696126E-054  0.1096499968000000E+010  0.8119999886314701E+017  0.1696999990204826E+017
 0.6450000000000000E+002  0.3153897600293875E-314  0.1041314402799430E-183  0.7389246221695245E+012  0.8042743296790481E-056  0.1096499968000000E+010  0.8119999886314701E+017  0.1696999990204826E+017
 0.6475000000000000E+002  0.1528955905287351E-001  0.3644057104964371E+007  0.7389195333188704E+012  0.2645043525781735E+008  0.1070049532742183E+010  0.8119999886314701E+017  0.1696999990204826E+017
 0.6500000000000000E+002  0.2238441296335697E+000  0.1462371179750953E+008  0.7388166677395900E+012  0.1189457326532249E+009  0.9775542353467758E+009  0.8119999886314701E+017  0.1696999990204826E+017
 0.6525000000000000E+002  0.1023086936693868E+001  0.3348808436845171E+008  0.7384710594644631E+012  0.2465788041244767E+009  0.8499211638755239E+009  0.8119999886314701E+017  0.1696999990204826E+017
 0.6550000000000000E+002  0.2883409634967304E+001  0.6101112101893376E+008  0.7377922721888506E+012  0.3760100006704665E+009  0.7204899673295338E+009  0.8119999886314701E+017  0.1696999990204826E+017
 0.6575000000000000E+002  0.6207238220652270E+001  0.9769877287705377E+008  0.7367574171584379E+012  0.4896268969858441E+009  0.6068730710141563E+009  0.8119999886314701E+017  0.1696999990204826E+017
 0.6600000000000000E+002  0.1123499810928778E+002  0.1434498249374863E+009  0.7354002689584766E+012  0.5826556755807546E+009  0.5138442924192457E+009  0.8119999886314701E+017  0.1696999990204826E+017
 0.6625000000000000E+002  0.1800515290571445E+002  0.1974258601521552E+009  0.7337987279884846E+012  0.6564556830831639E+009  0.4400442849168364E+009  0.8119999886314701E+017  0.1696999990204826E+017
 0.6650000000000000E+002  0.2636207128128294E+002  0.2581121098462155E+009  0.7320634573588103E+012  0.7142737215729671E+009  0.3822262464270332E+009  0.8119999886314701E+017  0.1696999990204826E+017
 0.6675000000000000E+002  0.3599740085418070E+002  0.3235076377866405E+009  0.7303251651325641E+012  0.7594258865869575E+009  0.3370740814130427E+009  0.8119999886314701E+017  0.1696999990204826E+017
 0.6700000000000000E+002  0.4650805203666091E+002  0.3913727769908144E+009  0.7287200415471804E+012  0.7947202423348974E+009  0.3017797256651029E+009  0.8119999886314701E+017  0.1696999990204826E+017
 0.6725000000000000E+002  0.5745577808135428E+002  0.4594720230829542E+009  0.7273751083886898E+012  0.8223729792753279E+009  0.2741269887246723E+009  0.8119999886314701E+017  0.1696999990204826E+017
 0.6750000000000000E+002  0.6841787120073135E+002  0.5257713623857998E+009  0.7263958470911903E+012  0.8440843844537660E+009  0.2524155835462341E+009  0.8119999886314701E+017  0.1696999990204826E+017
 0.6775000000000000E+002  0.7902370847335261E+002  0.5885715458727033E+009  0.7258578815240039E+012  0.8611471612038738E+009  0.2353528067961265E+009  0.8119999886314701E+017  0.1696999990204826E+017
 0.6800000000000000E+002  0.8897626820104159E+002  0.6465769312727466E+009  0.7258034211928359E+012  0.8745450195394264E+009  0.2219549484605739E+009  0.8119999886314701E+017  0.1696999990204826E+017
 0.6825000000000000E+002  0.9806057251360028E+002  0.6989105279164418E+009  0.7262421460665038E+012  0.8850314684962306E+009  0.2114684995037699E+009  0.8119999886314701E+017  0.1696999990204826E+017
 0.6850000000000000E+002  0.1061422875866793E+003  0.7450901708922441E+009  0.7271555123582269E+012  0.8931895096332834E+009  0.2033104583667172E+009  0.8119999886314701E+017  0.1696999990204826E+017
 0.6875000000000000E+002  0.1131598430876908E+003  0.7849803809438760E+009  0.7285031519697531E+012  0.8994757841519729E+009  0.1970241838480276E+009  0.8119999886314701E+017  0.1696999990204826E+017
 0.6900000000000000E+002  0.1191129348982528E+003  0.8187317672358876E+009  0.7302300678040712E+012  0.9042528684902117E+009  0.1922470995097888E+009  0.8119999886314701E+017  0.1696999990204826E+017
 0.6925000000000000E+002  0.1240495659585531E+003  0.8467165616981672E+009  0.7322735741623402E+012  0.9078127818437864E+009  0.1886871861562141E+009  0.8119999886314701E+017  0.1696999990204826E+017
 0.6950000000000000E+002  0.1280531040865756E+003  0.8694659883810924E+009  0.7345692727826082E+012  0.9103940424723593E+009  0.1861059255276410E+009  0.8119999886314701E+017  0.1696999990204826E+017
 0.6975000000000000E+002  0.1312302907453372E+003  0.8876129706266211E+009  0.7370556944841028E+012  0.9121939931763536E+009  0.1843059748236469E+009  0.8119999886314701E+017  0.1696999990204826E+017
 0.7000000000000000E+002  0.1337007301209339E+003  0.9018421108762596E+009  0.7396775152312234E+012  0.9133776445881854E+009  0.1831223234118152E+009  0.8119999886314701E+017  0.1696999990204826E+017
 0.7025000000000000E+002  0.1355880974854066E+003  0.9128477728444901E+009  0.7423874496932578E+012  0.9140839460017257E+009  0.1824160219982749E+009  0.8119999886314701E+017  0.1696999990204826E+017
 0.7050000000000000E+002  0.1370130989509955E+003  0.9213002998561013E+009  0.7451470359629746E+012  0.9144301483362436E+009  0.1820698196637569E+009  0.8119999886314701E+017  0.1696999990204826E+017
 0.7075000000000000E+002  0.1380880702759444E+003  0.9278198270602208E+009  0.7479265670692212E+012  0.9145147579249656E+009  0.1819852100750347E+009  0.8119999886314701E+017  0.1696999990204826E+017
 0.7100000000000000E+002  0.1389130067701273E+003  0.9329567436458406E+009  0.7507044185708295E+012  0.9144194593323867E+009  0.1820805086676135E+009  0.8119999886314701E+017  0.1696999990204826E+017
 0.7125000000000000E+002  0.1395727622585900E+003  0.9371776188723719E+009  0.7534659864999431E+012  0.9142103012142019E+009  0.1822896667857983E+009  0.8119999886314701E+017  0.1696999990204826E+017
 0.7150000000000000E+002  0.1401351361841413E+003  0.9408553093139912E+009  0.7562024021607141E+012  0.9139383755133444E+009  0.1825615924866558E+009  0.8119999886314701E+017  0.1696999990204826E+017
 0.7175000000000000E+002  0.1406495785808835E+003  0.9442619995790792E+009  0.7589091410877754E+012  0.9136401702738445E+009  0.1828597977261556E+009  0.8119999886314701E+017  0.1696999990204826E+017
 0.7200000000000000E+002  0.1411462767595516E+003  0.9475640732097596E+009  0.7615845998767311E+012  0.9133377321110398E+009  0.1831622358889604E+009  0.8119999886314701E+017  0.1696999990204826E+017
