12.000 1.817345e+00 1.000000e+00 0 
12.000 1.660973e+00 1.000000e+00 0 
12.000 1.432548e+00 1.000000e+00 0 
12.000 4.342874e-02 1.000000e+00 1 
12.000 1.928857e-02 1.000000e+00 1 
12.000 1.742245e-01 1.000000e+00 1 
12.000 1.960007e-01 1.000000e+00 1 
12.000 1.528706e-01 1.000000e+00 1 
12.000 1.302569e-01 1.000000e+00 1 
12.000 1.364076e-01 1.000000e+00 1 
12.000 1.385093e-01 1.000000e+00 1 
12.000 9.383947e-02 1.000000e+00 1 
12.000 1.417236e-01 1.000000e+00 1 
12.000 1.879749e-01 1.000000e+00 1 
12.000 1.591188e-01 1.000000e+00 1 
12.000 9.548428e-02 1.000000e+00 1 
12.000 2.856528e-02 1.000000e+00 1 
12.000 8.796892e-02 1.000000e+00 1 
12.000 1.657171e-01 1.000000e+00 1 
12.000 2.006058e-01 1.000000e+00 1 
12.000 1.859887e-01 1.000000e+00 1 
12.000 1.393950e-01 1.000000e+00 1 
12.000 9.255833e-02 1.000000e+00 1 
12.000 4.292928e-02 1.000000e+00 1 
12.000 1.267342e-01 1.000000e+00 1 
12.000 2.371367e-01 9.999999e-01 1 
12.000 3.492232e-01 9.999985e-01 1 
12.000 4.527425e-01 9.999899e-01 1 
12.000 5.167783e-01 9.999535e-01 1 
12.000 5.495564e-01 9.998392e-01 1 
12.000 5.644613e-01 9.995458e-01 1 
12.000 1.244421e-02 9.992338e-01 1 
13.000 5.669210e-01 9.988593e-01 1 
13.000 5.667346e-01 9.975050e-01 1 
13.000 5.629836e-01 9.949444e-01 1 
13.000 4.209251e-01 9.907251e-01 1 
14.000 4.803257e-01 9.840723e-01 1 
14.000 5.384944e-01 9.724676e-01 1 
14.000 5.680850e-01 9.532300e-01 1 
15.000 5.947281e-01 9.238960e-01 1 
15.000 7.183470e-01 8.811015e-01 1 
15.000 2.523268e-01 8.343469e-01 1 
16.000 8.262491e-01 7.810084e-01 2 
16.000 8.262491e-01 7.810084e-01 1 
16.000 8.484744e-01 6.961100e-01 2 
16.000 8.484744e-01 6.961100e-01 1 
16.000 2.888508e-01 6.186512e-01 1 
17.000 9.536778e-01 5.416861e-01 2 
17.000 9.536778e-01 5.416861e-01 1 
17.000 1.031657e+00 4.362497e-01 0 
17.000 8.342513e-01 4.411450e-01 2 
17.000 8.342513e-01 4.411450e-01 1 
17.000 1.003590e+00 3.505900e-01 0 
17.000 8.242497e-01 3.544899e-01 2 
17.000 8.242497e-01 3.544899e-01 1 
17.000 6.727404e-02 2.998572e-01 1 
18.000 8.804729e-01 2.547217e-01 2 
18.000 8.804729e-01 2.547217e-01 1 
18.000 8.970353e-01 1.855121e-01 2 
18.000 8.970353e-01 1.855121e-01 1 
18.000 1.395815e+00 1.266827e-01 0 
18.000 8.944248e-01 1.312026e-01 2 
18.000 8.944248e-01 1.312026e-01 1 
18.000 1.324860e+00 9.176932e-02 0 
18.000 8.830091e-01 9.456844e-02 2 
18.000 8.830091e-01 9.456844e-02 1 
18.000 1.225542e+00 6.777757e-02 0 
18.000 8.618951e-01 6.945476e-02 2 
18.000 8.618951e-01 6.945476e-02 1 
18.000 1.132589e+00 5.070121e-02 0 
18.000 8.399408e-01 5.171438e-02 2 
18.000 8.399408e-01 5.171438e-02 1 
18.000 2.105722e-01 4.225178e-02 1 
19.000 1.047846e+00 3.508827e-02 0 
19.000 7.963720e-01 3.567998e-02 2 
19.000 7.963720e-01 3.567998e-02 1 
19.000 1.035658e+00 2.591333e-02 0 
19.000 8.138867e-01 2.634365e-02 2 
19.000 8.138867e-01 2.634365e-02 1 
19.000 8.891436e-01 1.903139e-02 2 
19.000 8.891436e-01 1.903139e-02 1 
19.000 9.263638e-01 1.310913e-02 2 
19.000 9.263638e-01 1.310913e-02 1 
19.000 9.567943e-01 8.543795e-03 2 
19.000 9.567943e-01 8.543795e-03 1 
19.000 1.036055e+00 5.179201e-03 0 
19.000 8.443844e-01 5.315379e-03 2 
19.000 8.443844e-01 5.315379e-03 1 
19.000 9.662593e-01 3.120839e-03 2 
19.000 9.662593e-01 3.120839e-03 1 
19.000 1.180022e+00 1.586978e-03 0 
19.000 8.970413e-01 1.666374e-03 2 
19.000 8.970413e-01 1.666374e-03 1 
19.000 1.046341e+00 7.954559e-04 0 
19.000 8.444905e-01 8.297291e-04 2 
19.000 8.444905e-01 8.297291e-04 1 
19.000 1.049509e+00 3.325841e-04 0 
19.000 8.416622e-01 3.515673e-04 2 
19.000 8.416622e-01 3.515673e-04 1 
19.000 1.008950e+00 9.615989e-05 0 
19.000 8.271401e-01 1.039612e-04 2 
19.000 8.271401e-01 1.039612e-04 1 
19.000 8.978138e-01 6.283849e-06 2 
19.000 8.978138e-01 6.283849e-06 1 
19.000 1.150337e-01 0.000000e+00 1 
19.000 5.287307e-02 0.000000e+00 1 
19.000 2.228944e-01 0.000000e+00 1 
19.000 3.396841e-01 0.000000e+00 1 
19.000 3.776977e-01 0.000000e+00 1 
19.000 2.000615e-01 0.000000e+00 1 
20.000 3.226919e-01 0.000000e+00 1 
20.000 4.024573e-01 0.000000e+00 1 
20.000 4.240922e-01 0.000000e+00 1 
20.000 3.651190e-01 0.000000e+00 1 
21.000 3.149444e-01 0.000000e+00 1 
21.000 3.400487e-01 0.000000e+00 1 
21.000 6.214713e-02 0.000000e+00 1 
22.000 3.794172e-01 0.000000e+00 1 
22.000 1.571573e-01 0.000000e+00 1 
23.000 3.254272e-01 0.000000e+00 1 
23.000 4.569178e-02 0.000000e+00 1 
24.000 2.434265e-01 0.000000e+00 1 
24.000 2.386634e-02 0.000000e+00 1 
25.000 1.105633e-01 0.000000e+00 1 
26.000 5.130940e-02 0.000000e+00 1 
27.000 2.323336e-02 0.000000e+00 1 
28.000 1.454961e-02 0.000000e+00 1 
29.000 2.878312e+01 1.291226e-01 0 
29.000 1.886826e+01 6.219209e-02 0 
29.000 8.057231e+00 4.733647e-02 0 
29.000 6.307566e+00 4.110121e-02 0 
29.000 6.303852e+00 4.049900e-02 0 
29.000 5.877895e+00 4.043900e-02 0 
29.000 5.586022e+00 4.043300e-02 0 
29.000 5.399474e+00 4.043240e-02 0 
29.000 4.007912e+00 4.043234e-02 0 
29.000 8.350486e-01 4.043233e-02 2 
29.000 8.350486e-01 4.043233e-02 1 
29.000 2.007715e-02 4.043233e-02 1 
29.000 2.742752e-03 4.043234e-02 1 
29.000 9.800098e-04 4.043235e-02 1 
29.000 5.295880e-03 4.043244e-02 1 
29.000 4.316697e-02 4.043293e-02 1 
29.000 1.169757e-01 4.043445e-02 1 
29.000 3.922747e-02 4.043760e-02 1 
29.000 3.884259e-03 4.044490e-02 1 
29.000 1.722581e-02 4.047933e-02 1 
29.000 1.150424e-01 4.061366e-02 1 
29.000 1.204596e-01 4.092242e-02 1 
29.000 9.505654e-02 4.149136e-02 1 
29.000 1.751039e-01 4.258754e-02 1 
29.000 2.686620e-01 4.453898e-02 1 
29.000 3.413678e-01 4.751749e-02 1 
29.000 3.625707e-01 5.163673e-02 1 
29.000 3.135600e-01 5.710026e-02 1 
29.000 2.537903e-01 6.450628e-02 1 
29.000 2.517876e-01 7.528266e-02 1 
29.000 3.444104e-01 9.175707e-02 1 
29.000 4.533462e-01 1.159560e-01 1 
29.000 5.100714e-01 1.483512e-01 1 
29.000 5.232879e-01 1.886521e-01 1 
29.000 5.127616e-01 2.368676e-01 1 
29.000 1.508525e-01 2.756786e-01 1 
30.000 3.231000e-01 3.139414e-01 1 
30.000 4.808460e-01 3.846391e-01 1 
30.000 4.912666e-01 4.708648e-01 1 
30.000 2.687924e-01 5.505979e-01 1 
31.000 3.439922e-01 6.274313e-01 1 
31.000 5.034582e-01 7.221546e-01 1 
31.000 1.597839e-01 7.921927e-01 1 
32.000 4.101774e-01 8.490235e-01 1 
32.000 3.487809e-01 9.124506e-01 1 
33.000 3.424665e-01 9.570687e-01 1 
33.000 1.219432e-01 9.811898e-01 1 
34.000 2.683029e-01 9.941240e-01 1 
34.000 4.439497e-02 9.987691e-01 1 
35.000 3.041543e-01 9.999210e-01 1 
36.000 2.895104e-01 9.999719e-01 1 
37.000 3.104469e-01 9.966889e-01 1 
38.000 4.463327e-01 9.727961e-01 1 
39.000 7.652012e-01 8.952028e-01 2 
39.000 7.652012e-01 8.952028e-01 1 
40.000 1.282560e+00 7.272587e-01 0 
40.000 8.786136e-01 7.434720e-01 2 
40.000 8.786136e-01 7.434720e-01 1 
40.000 9.261564e-02 6.130585e-01 1 
41.000 1.367443e+00 4.893106e-01 0 
41.000 9.599370e-01 5.083311e-01 2 
41.000 9.599370e-01 5.083311e-01 1 
41.000 5.480911e-01 3.509105e-01 1 
42.000 2.093496e+00 2.129302e-01 0 
42.000 1.122699e+00 2.344463e-01 0 
42.000 8.652468e-01 2.413870e-01 2 
42.000 8.652468e-01 2.413870e-01 1 
42.000 1.464410e+00 1.464383e-01 0 
42.000 9.106682e-01 1.541882e-01 2 
42.000 9.106682e-01 1.541882e-01 1 
42.000 1.559151e+00 9.297831e-02 0 
42.000 9.358226e-01 9.821897e-02 2 
42.000 9.358226e-01 9.821897e-02 1 
42.000 1.368919e+00 6.098434e-02 0 
42.000 8.982035e-01 6.365187e-02 2 
42.000 8.982035e-01 6.365187e-02 1 
42.000 2.857039e-01 4.544576e-02 1 
43.000 1.401485e+00 3.202763e-02 0 
43.000 8.636069e-01 3.360399e-02 2 
43.000 8.636069e-01 3.360399e-02 1 
43.000 1.147768e+00 2.041977e-02 0 
43.000 8.334974e-01 2.111689e-02 2 
43.000 8.334974e-01 2.111689e-02 1 
43.000 1.006147e+00 1.248512e-02 0 
43.000 8.025781e-01 1.281447e-02 2 
43.000 8.025781e-01 1.281447e-02 1 
43.000 1.026989e+00 7.022161e-03 0 
43.000 8.142668e-01 7.253110e-03 2 
43.000 8.142668e-01 7.253110e-03 1 
43.000 1.166570e+00 3.544212e-03 0 
43.000 8.622701e-01 3.736622e-03 2 
43.000 8.622701e-01 3.736622e-03 1 
43.000 1.342475e+00 1.599765e-03 0 
43.000 9.154367e-01 1.734379e-03 2 
43.000 9.154367e-01 1.734379e-03 1 
43.000 1.442465e+00 6.440563e-04 0 
43.000 9.356502e-01 7.162647e-04 2 
43.000 9.356502e-01 7.162647e-04 1 
43.000 1.480978e+00 2.171206e-04 0 
43.000 9.290441e-01 2.492833e-04 2 
43.000 9.290441e-01 2.492833e-04 1 
43.000 1.446843e+00 4.918818e-05 0 
43.000 9.028904e-01 6.022194e-05 2 
43.000 9.028904e-01 6.022194e-05 1 
43.000 1.195172e+00 1.636930e-06 0 
43.000 8.397474e-01 2.862244e-06 2 
43.000 8.397474e-01 2.862244e-06 1 
43.000 3.685750e-02 0.000000e+00 1 
43.000 9.058425e-03 0.000000e+00 1 
43.000 5.155724e-02 0.000000e+00 1 
43.000 1.927387e-02 0.000000e+00 1 
44.000 3.769637e-03 0.000000e+00 1 
44.000 8.643616e-03 0.000000e+00 1 
45.000 1.534901e-02 0.000000e+00 1 
46.000 1.355721e-02 0.000000e+00 1 
47.000 1.250058e-02 0.000000e+00 1 
48.000 1.199452e-02 0.000000e+00 1 
49.000 1.175680e-02 0.000000e+00 1 
50.000 1.167909e-02 0.000000e+00 1 
51.000 1.170440e-02 0.000000e+00 1 
52.000 1.180385e-02 0.000000e+00 1 
53.000 2.544249e+01 1.291226e-01 0 
53.000 1.533128e+01 6.319157e-02 0 
53.000 8.535775e+00 4.817249e-02 0 
53.000 7.066243e+00 4.117954e-02 0 
53.000 6.929296e+00 4.050678e-02 0 
53.000 6.099175e+00 4.043977e-02 0 
53.000 5.632182e+00 4.043307e-02 0 
53.000 5.461707e+00 4.043240e-02 0 
53.000 4.165925e+00 4.043234e-02 0 
53.000 9.517661e-01 4.043233e-02 2 
53.000 9.517661e-01 4.043233e-02 1 
53.000 3.121849e-03 4.043233e-02 1 
53.000 2.860620e-04 4.043234e-02 1 
53.000 2.688549e-03 4.043237e-02 1 
53.000 5.814736e-03 4.043255e-02 1 
53.000 1.332845e-01 4.043347e-02 1 
53.000 1.091857e-01 4.043572e-02 1 
53.000 3.273977e-02 4.043984e-02 1 
53.000 4.550153e-03 4.044988e-02 1 
53.000 4.201707e-02 4.049610e-02 1 
53.000 1.296764e-01 4.064122e-02 1 
53.000 1.080181e-01 4.093918e-02 1 
53.000 9.330910e-02 4.149074e-02 1 
53.000 2.006122e-01 4.257331e-02 1 
53.000 2.599368e-01 4.445702e-02 1 
53.000 2.703779e-01 4.728729e-02 1 
53.000 2.454085e-01 5.137811e-02 1 
53.000 2.079877e-01 5.741575e-02 1 
53.000 2.115564e-01 6.686793e-02 1 
53.000 3.134438e-01 8.229057e-02 1 
53.000 4.487089e-01 1.061345e-01 1 
53.000 5.344373e-01 1.389574e-01 1 
53.000 5.781093e-01 1.799560e-01 1 
53.000 5.931977e-01 2.281756e-01 1 
53.000 2.279156e-01 2.704966e-01 1 
54.000 4.140328e-01 3.124771e-01 1 
54.000 6.212117e-01 3.766413e-01 1 
54.000 6.359079e-01 4.491345e-01 1 
54.000 5.406908e-01 5.231428e-01 1 
54.000 1.125524e-01 5.741725e-01 1 
55.000 2.878361e-01 6.198843e-01 1 
55.000 4.619967e-01 7.009552e-01 1 
55.000 3.046937e-01 7.784173e-01 1 
56.000 3.199887e-01 8.451685e-01 1 
56.000 3.606825e-01 9.090155e-01 1 
57.000 2.897830e-01 9.564275e-01 1 
57.000 1.094531e-01 9.807367e-01 1 
58.000 2.462287e-01 9.942027e-01 1 
58.000 3.857286e-02 9.988005e-01 1 
59.000 2.590445e-01 9.999210e-01 1 
60.000 2.431224e-01 9.999719e-01 1 
61.000 2.598839e-01 9.966889e-01 1 
62.000 4.050242e-01 9.727961e-01 1 
63.000 7.374569e-01 8.952028e-01 2 
63.000 7.374569e-01 8.952028e-01 1 
64.000 1.269373e+00 7.272587e-01 0 
64.000 8.774090e-01 7.432068e-01 2 
64.000 8.774090e-01 7.432068e-01 1 
64.000 9.087432e-02 6.126282e-01 1 
65.000 1.383712e+00 4.889151e-01 0 
65.000 9.632401e-01 5.083344e-01 2 
65.000 9.632401e-01 5.083344e-01 1 
65.000 5.365723e-01 3.509150e-01 1 
66.000 1.916971e+00 2.130152e-01 0 
66.000 1.105057e+00 2.329723e-01 0 
66.000 8.648369e-01 2.398580e-01 2 
66.000 8.648369e-01 2.398580e-01 1 
66.000 1.477430e+00 1.421314e-01 0 
66.000 9.157181e-01 1.501628e-01 2 
66.000 9.157181e-01 1.501628e-01 1 
66.000 1.643113e+00 8.797044e-02 0 
66.000 9.484636e-01 9.357545e-02 2 
66.000 9.484636e-01 9.357545e-02 1 
66.000 1.448706e+00 5.687297e-02 0 
66.000 9.172324e-01 5.968947e-02 2 
66.000 9.172324e-01 5.968947e-02 1 
66.000 2.149364e-01 4.359741e-02 1 
67.000 1.364808e+00 3.218848e-02 0 
67.000 8.567064e-01 3.367912e-02 2 
67.000 8.567064e-01 3.367912e-02 1 
67.000 1.188149e+00 2.060080e-02 0 
67.000 8.431099e-01 2.134361e-02 2 
67.000 8.431099e-01 2.134361e-02 1 
67.000 1.019625e+00 1.282873e-02 0 
67.000 8.045680e-01 1.316708e-02 2 
67.000 8.045680e-01 1.316708e-02 1 
67.000 9.955026e-01 7.432261e-03 2 
67.000 9.955026e-01 7.432261e-03 1 
67.000 1.259284e+00 3.491182e-03 0 
67.000 8.884029e-01 3.714962e-03 2 
67.000 8.884029e-01 3.714962e-03 1 
67.000 1.300875e+00 1.605545e-03 0 
67.000 9.033927e-01 1.731682e-03 2 
67.000 9.033927e-01 1.731682e-03 1 
67.000 1.420398e+00 6.468062e-04 0 
67.000 9.287476e-01 7.174657e-04 2 
67.000 9.287476e-01 7.174657e-04 1 
67.000 1.472683e+00 2.165727e-04 0 
67.000 9.258383e-01 2.486231e-04 2 
67.000 9.258383e-01 2.486231e-04 1 
67.000 1.434558e+00 4.801026e-05 0 
67.000 8.991818e-01 5.888062e-05 2 
67.000 8.991818e-01 5.888062e-05 1 
67.000 1.175145e+00 1.251435e-06 0 
67.000 8.350112e-01 2.319351e-06 2 
67.000 8.350112e-01 2.319351e-06 1 
67.000 4.352645e-02 0.000000e+00 1 
67.000 1.005739e-02 0.000000e+00 1 
67.000 5.498193e-02 0.000000e+00 1 
67.000 4.359099e-02 0.000000e+00 1 
67.000 7.554679e-04 0.000000e+00 1 
68.000 2.765853e-02 0.000000e+00 1 
68.000 1.159232e-03 0.000000e+00 1 
69.000 1.350017e-02 0.000000e+00 1 
70.000 9.586535e-03 0.000000e+00 1 
71.000 9.833638e-03 0.000000e+00 1 
72.000 9.961031e-03 0.000000e+00 1 
73.000 9.975615e-03 0.000000e+00 1 
74.000 9.984017e-03 0.000000e+00 1 
75.000 1.002178e-02 0.000000e+00 1 
76.000 1.009740e-02 0.000000e+00 1 
77.000 2.578612e+01 1.291226e-01 0 
77.000 1.630797e+01 6.308055e-02 0 
77.000 8.285688e+00 4.797385e-02 0 
77.000 6.882765e+00 4.116098e-02 0 
77.000 6.644659e+00 4.050494e-02 0 
77.000 5.846886e+00 4.043959e-02 0 
77.000 5.624113e+00 4.043306e-02 0 
77.000 5.452046e+00 4.043240e-02 0 
77.000 4.133577e+00 4.043234e-02 0 
77.000 9.251017e-01 4.043233e-02 2 
77.000 9.251017e-01 4.043233e-02 1 
77.000 2.345046e-03 4.043233e-02 1 
77.000 2.607592e-04 4.043234e-02 1 
77.000 1.119461e-03 4.043237e-02 1 
77.000 1.986294e-03 4.043254e-02 1 
77.000 7.661113e-02 4.043360e-02 1 
77.000 1.225414e-01 4.043656e-02 1 
77.000 4.853533e-02 4.044228e-02 1 
77.000 3.198588e-03 4.045483e-02 1 
77.000 6.589075e-02 4.051491e-02 1 
77.000 1.308526e-01 4.068919e-02 1 
77.000 9.801537e-02 4.102825e-02 1 
77.000 1.193935e-01 4.166780e-02 1 
77.000 2.208346e-01 4.288014e-02 1 
77.000 2.760204e-01 4.488813e-02 1 
77.000 3.089952e-01 4.783291e-02 1 
77.000 2.923377e-01 5.195453e-02 1 
77.000 2.380485e-01 5.772151e-02 1 
77.000 2.145355e-01 6.625397e-02 1 
77.000 2.808281e-01 7.975131e-02 1 
77.000 4.166853e-01 1.008021e-01 1 
77.000 5.148535e-01 1.305282e-01 1 
77.000 5.629974e-01 1.683548e-01 1 
77.000 5.772527e-01 2.134505e-01 1 
77.000 4.253764e-01 2.611271e-01 1 
78.000 4.500966e-01 3.115908e-01 1 
78.000 5.440646e-01 3.726875e-01 1 
78.000 5.665396e-01 4.422042e-01 1 
78.000 5.137613e-01 5.163728e-01 1 
78.000 1.262216e-01 5.709686e-01 1 
79.000 2.762122e-01 6.210878e-01 1 
79.000 4.329853e-01 7.053720e-01 1 
79.000 2.260266e-01 7.817119e-01 1 
80.000 3.104243e-01 8.473852e-01 1 
80.000 2.882577e-01 9.109951e-01 1 
81.000 2.993063e-01 9.577795e-01 1 
81.000 8.804065e-02 9.816886e-01 1 
82.000 2.379510e-01 9.945542e-01 1 
82.000 3.980117e-02 9.989374e-01 1 
83.000 1.753882e-01 9.999210e-01 1 
84.000 1.818886e-01 9.999719e-01 1 
85.000 2.088200e-01 9.966889e-01 1 
86.000 3.574621e-01 9.727961e-01 1 
87.000 6.880728e-01 8.952028e-01 1 
88.000 1.182353e+00 7.272587e-01 0 
88.000 8.545270e-01 7.413554e-01 2 
88.000 8.545270e-01 7.413554e-01 1 
88.000 1.003554e-01 6.096248e-01 1 
89.000 1.302758e+00 4.855587e-01 0 
89.000 9.298322e-01 5.039535e-01 2 
89.000 9.298322e-01 5.039535e-01 1 
89.000 3.911463e-01 3.449824e-01 1 
90.000 1.883660e+00 2.082657e-01 0 
90.000 1.101332e+00 2.291249e-01 0 
90.000 8.662915e-01 2.364307e-01 2 
90.000 8.662915e-01 2.364307e-01 1 
90.000 1.675137e+00 1.326491e-01 0 
90.000 9.392839e-01 1.424014e-01 2 
90.000 9.392839e-01 1.424014e-01 1 
90.000 1.855372e+00 8.021617e-02 0 
90.000 9.472521e-01 8.645381e-02 2 
90.000 9.472521e-01 8.645381e-02 1 
90.000 1.051312e+00 5.379286e-02 0 
90.000 8.039663e-01 5.505764e-02 2 
90.000 8.039663e-01 5.505764e-02 1 
90.000 7.115635e-02 4.188241e-02 1 
91.000 1.305219e+00 3.252341e-02 0 
91.000 8.387926e-01 3.386308e-02 2 
91.000 8.387926e-01 3.386308e-02 1 
91.000 1.173084e+00 2.104514e-02 0 
91.000 8.235867e-01 2.176117e-02 2 
91.000 8.235867e-01 2.176117e-02 1 
91.000 1.038029e+00 1.326501e-02 0 
91.000 8.027995e-01 1.362260e-02 2 
91.000 8.027995e-01 1.362260e-02 1 
91.000 9.974226e-01 7.857021e-03 2 
91.000 9.974226e-01 7.857021e-03 1 
91.000 1.228305e+00 3.838127e-03 0 
91.000 8.826425e-01 4.058916e-03 2 
91.000 8.826425e-01 4.058916e-03 1 
91.000 1.233092e+00 1.847501e-03 0 
91.000 8.885689e-01 1.970263e-03 2 
91.000 8.885689e-01 1.970263e-03 1 
91.000 1.344541e+00 7.826839e-04 0 
91.000 9.148104e-01 8.556390e-04 2 
91.000 9.148104e-01 8.556390e-04 1 
91.000 1.385371e+00 2.794211e-04 0 
91.000 9.133049e-01 3.142063e-04 2 
91.000 9.133049e-01 3.142063e-04 1 
91.000 1.343481e+00 6.904260e-05 0 
91.000 8.885064e-01 8.163161e-05 2 
91.000 8.885064e-01 8.163161e-05 1 
91.000 1.133663e+00 3.478325e-06 0 
91.000 8.318951e-01 5.186304e-06 2 
91.000 8.318951e-01 5.186304e-06 1 
91.000 3.405755e-02 0.000000e+00 1 
91.000 1.010144e-02 0.000000e+00 1 
91.000 9.235000e-02 0.000000e+00 1 
91.000 5.170773e-02 0.000000e+00 1 
92.000 1.533698e-02 0.000000e+00 1 
92.000 3.613870e-02 0.000000e+00 1 
93.000 3.173282e-02 0.000000e+00 1 
94.000 1.314631e-02 0.000000e+00 1 
95.000 9.587254e-03 0.000000e+00 1 
96.000 9.575761e-03 0.000000e+00 1 
97.000 9.879235e-03 0.000000e+00 1 
98.000 1.013440e-02 0.000000e+00 1 
99.000 1.032061e-02 0.000000e+00 1 
100.000 1.046875e-02 0.000000e+00 1 
101.000 2.627414e+01 1.291226e-01 0 
101.000 1.757038e+01 6.292637e-02 0 
101.000 8.846261e+00 4.773458e-02 0 
101.000 6.546770e+00 4.113858e-02 0 
101.000 6.209923e+00 4.050271e-02 0 
101.000 5.695143e+00 4.043937e-02 0 
101.000 5.630050e+00 4.043303e-02 0 
101.000 5.452692e+00 4.043240e-02 0 
101.000 4.101976e+00 4.043234e-02 0 
101.000 8.948331e-01 4.043233e-02 2 
101.000 8.948331e-01 4.043233e-02 1 
101.000 8.996055e-03 4.043233e-02 1 
101.000 1.079657e-03 4.043234e-02 1 
101.000 2.561347e-04 4.043236e-02 1 
101.000 5.386663e-04 4.043248e-02 1 
101.000 8.529043e-03 4.043323e-02 1 
101.000 1.300580e-01 4.043673e-02 1 
101.000 7.274880e-02 4.044504e-02 1 
101.000 7.487818e-03 4.046162e-02 1 
101.000 6.780011e-02 4.052274e-02 1 
101.000 1.208153e-01 4.068995e-02 1 
101.000 6.855071e-02 4.101914e-02 1 
101.000 4.961243e-02 4.169492e-02 1 
101.000 2.354012e-01 4.330661e-02 1 
101.000 3.291522e-01 4.627565e-02 1 
101.000 3.375397e-01 5.050011e-02 1 
101.000 2.965258e-01 5.621862e-02 1 
101.000 2.362256e-01 6.416806e-02 1 
101.000 2.410065e-01 7.605386e-02 1 
101.000 3.723714e-01 9.470890e-02 1 
101.000 4.859624e-01 1.221471e-01 1 
101.000 5.356952e-01 1.581477e-01 1 
101.000 5.467917e-01 2.020470e-01 1 
101.000 5.402575e-01 2.535847e-01 1 
101.000 5.452658e-02 2.860913e-01 1 
102.000 4.315200e-01 3.146294e-01 1 
102.000 5.465104e-01 3.837784e-01 1 
102.000 5.633395e-01 4.626175e-01 1 
102.000 4.512337e-01 5.432089e-01 1 
103.000 3.492139e-01 6.215691e-01 1 
103.000 3.687619e-01 7.038248e-01 1 
103.000 2.176227e-01 7.794487e-01 1 
104.000 2.993700e-01 8.470555e-01 1 
104.000 2.850320e-01 9.107014e-01 1 
105.000 3.036280e-01 9.578080e-01 1 
105.000 9.619520e-02 9.817085e-01 1 
106.000 3.300846e-01 9.945387e-01 1 
106.000 4.817858e-02 9.989315e-01 1 
107.000 4.154468e-01 9.999210e-01 1 
108.000 4.531461e-01 9.999719e-01 1 
109.000 4.873141e-01 9.966889e-01 1 
110.000 5.481307e-01 9.727961e-01 1 
111.000 7.001678e-01 8.952028e-01 1 
112.000 1.016199e+00 7.272587e-01 0 
112.000 8.107834e-01 7.372293e-01 2 
112.000 8.107834e-01 7.372293e-01 1 
112.000 1.020240e-01 6.029384e-01 1 
113.000 1.172979e+00 4.781471e-01 0 
113.000 8.854034e-01 4.946351e-01 2 
113.000 8.854034e-01 4.946351e-01 1 
113.000 1.967921e-01 3.324354e-01 1 
114.000 1.934193e+00 1.986938e-01 0 
114.000 1.136658e+00 2.225289e-01 0 
114.000 8.860569e-01 2.312172e-01 2 
114.000 8.860569e-01 2.312172e-01 1 
114.000 1.774959e+00 1.188954e-01 0 
114.000 9.711761e-01 1.298455e-01 2 
114.000 9.711761e-01 1.298455e-01 1 
114.000 1.761816e+00 6.672913e-02 0 
114.000 9.588451e-01 7.254640e-02 2 
114.000 9.588451e-01 7.254640e-02 1 
114.000 1.843055e-01 4.659494e-02 1 
115.000 1.828829e+00 2.896694e-02 0 
115.000 9.506303e-01 3.182744e-02 2 
115.000 9.506303e-01 3.182744e-02 1 
115.000 1.388910e+00 1.620504e-02 0 
115.000 8.926060e-01 1.727673e-02 2 
115.000 8.926060e-01 1.727673e-02 1 
115.000 1.391858e+00 8.577005e-03 0 
115.000 9.175704e-01 9.176731e-03 2 
115.000 9.175704e-01 9.176731e-03 1 
115.000 1.385791e+00 4.389213e-03 0 
115.000 9.360151e-01 4.711417e-03 2 
115.000 9.360151e-01 4.711417e-03 1 
115.000 1.320601e+00 2.153075e-03 0 
115.000 9.227476e-01 2.310538e-03 2 
115.000 9.227476e-01 2.310538e-03 1 
115.000 1.300488e+00 9.694511e-04 0 
115.000 9.101189e-01 1.048299e-03 2 
115.000 9.101189e-01 1.048299e-03 1 
115.000 1.310758e+00 3.756901e-04 0 
115.000 9.016977e-01 4.140843e-04 2 
115.000 9.016977e-01 4.140843e-04 1 
115.000 1.281725e+00 1.076539e-04 0 
115.000 8.819116e-01 1.230429e-04 2 
115.000 8.819116e-01 1.230429e-04 1 
115.000 1.125306e+00 1.122017e-05 0 
115.000 8.352577e-01 1.435389e-05 2 
115.000 8.352577e-01 1.435389e-05 1 
115.000 1.143393e-01 0.000000e+00 1 
115.000 3.350422e-02 0.000000e+00 1 
115.000 2.620997e-02 0.000000e+00 1 
115.000 1.240898e-01 0.000000e+00 1 
115.000 1.100796e-02 0.000000e+00 1 
116.000 2.503930e-02 0.000000e+00 1 
116.000 2.542501e-02 0.000000e+00 1 
117.000 3.765046e-02 0.000000e+00 1 
118.000 2.395929e-02 0.000000e+00 1 
119.000 2.110216e-02 0.000000e+00 1 
120.000 2.053239e-02 0.000000e+00 1 
121.000 2.022513e-02 0.000000e+00 1 
122.000 2.015703e-02 0.000000e+00 1 
123.000 2.028160e-02 0.000000e+00 1 
124.000 2.054094e-02 0.000000e+00 1 
125.000 2.574042e+01 1.291226e-01 0 
125.000 1.633496e+01 6.309520e-02 0 
125.000 8.835299e+00 4.797416e-02 0 
125.000 6.538725e+00 4.116100e-02 0 
125.000 6.077471e+00 4.050494e-02 0 
125.000 5.671839e+00 4.043959e-02 0 
125.000 5.637374e+00 4.043306e-02 0 
125.000 5.464918e+00 4.043240e-02 0 
125.000 4.142771e+00 4.043234e-02 0 
125.000 9.273531e-01 4.043233e-02 2 
125.000 9.273531e-01 4.043233e-02 1 
125.000 2.339318e-03 4.043233e-02 1 
125.000 2.616413e-04 4.043234e-02 1 
125.000 4.284092e-05 4.043237e-02 1 
125.000 5.106893e-05 4.043254e-02 1 
125.000 5.836682e-03 4.043360e-02 1 
125.000 1.283865e-01 4.043906e-02 1 
125.000 7.209463e-02 4.045242e-02 1 
125.000 1.286889e-02 4.047919e-02 1 
125.000 1.078102e-01 4.056524e-02 1 
125.000 9.937224e-02 4.077056e-02 1 
125.000 3.763659e-02 4.116646e-02 1 
125.000 1.087798e-01 4.211895e-02 1 
125.000 2.132600e-01 4.419483e-02 1 
125.000 2.774338e-01 4.773811e-02 1 
125.000 3.339648e-01 5.304076e-02 1 
125.000 2.990825e-01 6.050106e-02 1 
125.000 2.112989e-01 7.098307e-02 1 
125.000 2.880054e-01 8.713559e-02 1 
125.000 4.656923e-01 1.124331e-01 1 
125.000 5.466508e-01 1.474865e-01 1 
125.000 5.497039e-01 1.907280e-01 1 
125.000 5.218880e-01 2.415847e-01 1 
125.000 7.476445e-02 2.791297e-01 1 
126.000 3.097323e-01 3.148977e-01 1 
126.000 5.245622e-01 3.886360e-01 1 
126.000 5.458957e-01 4.778094e-01 1 
126.000 2.371022e-01 5.548594e-01 1 
127.000 2.845579e-01 6.268329e-01 1 
127.000 4.097425e-01 7.231153e-01 1 
127.000 9.936745e-02 7.939429e-01 1 
128.000 3.273302e-01 8.530963e-01 1 
128.000 1.757075e-01 9.160409e-01 1 
129.000 3.574073e-01 9.604511e-01 1 
129.000 6.796446e-02 9.835277e-01 1 
130.000 3.760771e-01 9.950109e-01 1 
130.000 3.875386e-02 9.991059e-01 1 
131.000 2.900421e-01 9.999210e-01 1 
132.000 2.366318e-01 9.999719e-01 1 
