12.000 2.133616e-14 1.000000e+00 1 
12.000 3.096131e-13 1.000000e+00 1 
12.000 9.550082e-11 1.000000e+00 1 
12.000 1.948478e-08 1.000000e+00 1 
12.000 2.833333e-06 1.000000e+00 1 
12.000 9.286073e-05 1.000000e+00 1 
12.000 5.678687e-05 9.999995e-01 1 
12.000 4.482431e-06 9.994089e-01 1 
12.000 3.141897e-07 9.992204e-01 1 
13.000 4.804352e-05 9.875747e-01 1 
14.000 1.286485e-04 9.381533e-01 1 
15.000 2.186935e-04 8.133019e-01 1 
16.000 2.496324e-04 5.868241e-01 1 
17.000 1.116439e-04 2.871104e-01 1 
18.000 2.826095e-04 4.043233e-02 1 
19.000 5.706655e-04 0.000000e+00 1 
20.000 1.609789e-09 0.000000e+00 1 
21.000 1.578203e-09 0.000000e+00 1 
22.000 1.628248e-09 0.000000e+00 1 
23.000 1.577117e-09 0.000000e+00 1 
24.000 1.565495e-09 0.000000e+00 1 
25.000 1.542662e-09 0.000000e+00 1 
26.000 1.532505e-09 0.000000e+00 1 
27.000 1.532831e-09 0.000000e+00 1 
28.000 2.061509e-04 4.043233e-02 1 
29.000 4.661828e-04 2.871104e-01 1 
30.000 3.371044e-05 5.868241e-01 1 
31.000 2.549796e-04 8.133019e-01 1 
32.000 2.445991e-04 9.381533e-01 1 
33.000 1.487477e-04 9.875747e-01 1 
34.000 6.049147e-05 9.992204e-01 1 
35.000 1.156675e-05 1.000000e+00 1 
36.000 4.703209e-06 9.992204e-01 1 
37.000 3.580810e-05 9.875747e-01 1 
38.000 9.733536e-05 9.381533e-01 1 
39.000 1.671903e-04 8.133019e-01 1 
40.000 1.923197e-04 5.868241e-01 1 
41.000 8.674792e-05 2.871104e-01 1 
42.000 2.160864e-04 4.043233e-02 1 
43.000 4.331478e-04 0.000000e+00 1 
44.000 3.902362e-09 0.000000e+00 1 
45.000 3.816684e-09 0.000000e+00 1 
46.000 3.895317e-09 0.000000e+00 1 
47.000 3.861415e-09 0.000000e+00 1 
48.000 3.816688e-09 0.000000e+00 1 
49.000 3.891294e-09 0.000000e+00 1 
50.000 3.850231e-09 0.000000e+00 1 
51.000 3.690062e-09 0.000000e+00 1 
52.000 1.578035e-04 4.043233e-02 1 
53.000 3.528339e-04 2.871104e-01 1 
54.000 2.376138e-05 5.868241e-01 1 
55.000 1.918158e-04 8.133019e-01 1 
56.000 1.860529e-04 9.381533e-01 1 
57.000 1.141490e-04 9.875747e-01 1 
58.000 4.667640e-05 9.992204e-01 1 
59.000 8.738382e-06 1.000000e+00 1 
60.000 3.473172e-06 9.992204e-01 1 
61.000 2.857636e-05 9.875747e-01 1 
62.000 7.881578e-05 9.381533e-01 1 
63.000 1.367694e-04 8.133019e-01 1 
64.000 1.584957e-04 5.868241e-01 1 
65.000 7.203539e-05 2.871104e-01 1 
66.000 1.768797e-04 4.043233e-02 1 
67.000 3.519259e-04 0.000000e+00 1 
68.000 5.437046e-09 0.000000e+00 1 
69.000 5.478022e-09 0.000000e+00 1 
70.000 5.393296e-09 0.000000e+00 1 
71.000 5.512807e-09 0.000000e+00 1 
72.000 5.227736e-09 0.000000e+00 1 
73.000 5.252083e-09 0.000000e+00 1 
74.000 5.304313e-09 0.000000e+00 1 
75.000 5.257518e-09 0.000000e+00 1 
76.000 1.293236e-04 4.043233e-02 1 
77.000 2.859047e-04 2.871104e-01 1 
78.000 1.796819e-05 5.868241e-01 1 
79.000 1.545243e-04 8.133019e-01 1 
80.000 1.514343e-04 9.381533e-01 1 
81.000 9.368899e-05 9.875747e-01 1 
82.000 3.848220e-05 9.992204e-01 1 
83.000 7.042290e-06 1.000000e+00 1 
84.000 2.748802e-06 9.992204e-01 1 
85.000 2.429747e-05 9.875747e-01 1 
86.000 6.782041e-05 9.381533e-01 1 
87.000 1.186352e-04 8.133019e-01 1 
88.000 1.382737e-04 5.868241e-01 1 
89.000 6.313386e-05 2.871104e-01 1 
90.000 1.536112e-04 4.043233e-02 1 
91.000 3.034170e-04 0.000000e+00 1 
92.000 6.451219e-09 0.000000e+00 1 
93.000 6.365680e-09 0.000000e+00 1 
94.000 6.291289e-09 0.000000e+00 1 
95.000 6.200140e-09 0.000000e+00 1 
96.000 6.371233e-09 0.000000e+00 1 
97.000 6.161359e-09 0.000000e+00 1 
98.000 6.164928e-09 0.000000e+00 1 
99.000 6.114616e-09 0.000000e+00 1 
100.000 1.124996e-04 4.043233e-02 1 
101.000 2.459113e-04 2.871104e-01 1 
102.000 1.477658e-05 5.868241e-01 1 
103.000 1.323088e-04 8.133019e-01 1 
104.000 1.307737e-04 9.381533e-01 1 
105.000 8.140770e-05 9.875747e-01 1 
106.000 3.353892e-05 9.992204e-01 1 
107.000 6.038225e-06 1.000000e+00 1 
108.000 2.318907e-06 9.992204e-01 1 
109.000 2.172002e-05 9.875747e-01 1 
110.000 6.117369e-05 9.381533e-01 1 
111.000 1.075946e-04 8.133019e-01 1 
112.000 1.258785e-04 5.868241e-01 1 
113.000 5.757473e-05 2.871104e-01 1 
114.000 1.395774e-04 4.043233e-02 1 
115.000 2.737519e-04 0.000000e+00 1 
116.000 7.097703e-09 0.000000e+00 1 
117.000 7.010202e-09 0.000000e+00 1 
118.000 6.913620e-09 0.000000e+00 1 
119.000 7.055149e-09 0.000000e+00 1 
120.000 6.800199e-09 0.000000e+00 1 
121.000 6.888211e-09 0.000000e+00 1 
122.000 6.924759e-09 0.000000e+00 1 
123.000 6.930415e-09 0.000000e+00 1 
124.000 1.024510e-04 4.043233e-02 1 
125.000 2.214164e-04 2.871104e-01 1 
126.000 1.320019e-05 5.868241e-01 1 
127.000 1.188220e-04 8.133019e-01 1 
128.000 1.181484e-04 9.381533e-01 1 
129.000 7.386717e-05 9.875747e-01 1 
130.000 3.047332e-05 9.992204e-01 1 
131.000 5.398358e-06 1.000000e+00 1 
132.000 2.065763e-06 9.992204e-01 1 
