12.000 3.948612e-02 1.000000e+00 1 
12.000 6.085232e-06 1.000000e+00 1 
12.000 6.319823e-05 1.000000e+00 1 
12.000 3.780306e-03 1.000000e+00 1 
12.000 9.395228e-03 1.000000e+00 1 
12.000 4.670333e-02 1.000000e+00 1 
12.000 2.231318e-01 1.000000e+00 1 
12.000 1.244679e-01 1.000000e+00 1 
12.000 2.870491e-02 1.000000e+00 1 
12.000 4.236960e-03 9.999996e-01 1 
12.000 1.424265e-04 9.999977e-01 1 
12.250 8.776014e-04 9.999871e-01 1 
12.500 3.258901e-03 9.998928e-01 1 
12.750 7.433525e-03 9.995756e-01 1 
13.000 1.445878e-02 9.988210e-01 1 
13.250 2.305282e-02 9.973426e-01 1 
13.500 3.300269e-02 9.947829e-01 1 
13.750 4.468974e-02 9.907160e-01 1 
14.000 5.789587e-02 9.846525e-01 1 
14.250 7.288726e-02 9.760457e-01 1 
14.500 8.879123e-02 9.643030e-01 1 
14.750 1.056129e-01 9.487993e-01 1 
15.000 1.223246e-01 9.288973e-01 1 
15.250 1.372574e-01 9.039718e-01 1 
15.500 1.508570e-01 8.734418e-01 1 
15.750 1.620284e-01 8.368082e-01 1 
16.000 1.714987e-01 7.936981e-01 1 
16.250 1.752991e-01 7.439154e-01 1 
16.500 1.799210e-01 6.874955e-01 1 
16.750 1.903405e-01 6.247625e-01 1 
17.000 2.181855e-01 5.563855e-01 1 
17.250 2.751420e-01 4.834286e-01 1 
17.500 3.783169e-01 4.073928e-01 1 
17.750 5.383079e-01 3.302372e-01 1 
18.000 7.840977e-01 2.543786e-01 2 
18.000 7.840977e-01 2.543786e-01 1 
18.250 1.159550e+00 1.826572e-01 0 
18.250 8.508244e-01 1.869575e-01 2 
18.250 8.508244e-01 1.869575e-01 1 
18.250 7.248119e-02 1.504152e-01 1 
18.500 1.085891e+00 1.231410e-01 0 
18.500 8.202847e-01 1.258178e-01 2 
18.500 8.202847e-01 1.258178e-01 1 
18.500 2.132115e-01 9.521811e-02 1 
18.750 1.248975e+00 7.122637e-02 0 
18.750 8.532498e-01 7.364725e-02 2 
18.750 8.532498e-01 7.364725e-02 1 
18.750 7.142187e-01 5.018203e-02 1 
19.000 1.595670e+00 3.177723e-02 0 
19.000 9.144351e-01 3.368399e-02 2 
19.000 9.144351e-01 3.368399e-02 1 
19.000 1.198239e+00 2.071833e-02 0 
19.000 8.330073e-01 2.145809e-02 2 
19.000 8.330073e-01 2.145809e-02 1 
19.000 6.706720e-01 1.371570e-02 1 
19.250 1.719962e+00 7.912387e-03 0 
19.250 8.455859e-01 8.538309e-03 2 
19.250 8.455859e-01 8.538309e-03 1 
19.250 1.253043e+00 4.747296e-03 0 
19.250 7.470739e-01 4.977626e-03 2 
19.250 7.470739e-01 4.977626e-03 1 
19.250 1.290524e+00 2.641190e-03 0 
19.250 6.811906e-01 2.791890e-03 1 
19.250 1.323558e+00 1.367161e-03 0 
19.250 5.548297e-01 1.461105e-03 1 
19.250 1.242509e+00 6.329116e-04 0 
19.250 3.399248e-01 6.805700e-04 1 
19.250 1.120825e+00 2.281930e-04 0 
19.250 1.312636e-01 2.479596e-04 1 
19.250 2.868067e-01 3.845911e-05 1 
19.250 1.285667e+01 2.058136e-07 0 
19.250 5.570779e+00 4.470275e-07 0 
19.250 2.137380e+00 5.400508e-07 0 
19.250 1.138695e-02 6.342426e-07 1 
19.250 1.176788e-02 6.092405e-07 1 
19.250 3.567109e-01 5.555793e-07 1 
19.250 6.535174e-01 4.577715e-07 1 
19.250 8.613560e-01 3.550771e-07 2 
19.250 8.613560e-01 3.550771e-07 1 
19.250 1.057174e+00 2.662697e-07 0 
19.250 8.239754e-01 2.705931e-07 2 
19.250 8.239754e-01 2.705931e-07 1 
19.250 1.043297e+00 2.058136e-07 0 
19.250 8.476629e-01 2.079825e-07 2 
19.250 8.476629e-01 2.079825e-07 1 
19.250 9.032468e-01 1.602089e-07 2 
19.250 9.032468e-01 1.602089e-07 1 
19.250 7.330899e-01 1.190714e-07 2 
19.250 7.330899e-01 1.190714e-07 1 
19.250 5.765013e-01 8.639272e-08 1 
19.250 5.331097e-01 5.825228e-08 1 
19.250 5.149957e-01 3.346798e-08 1 
19.250 4.321167e-01 1.394588e-08 1 
19.250 2.673219e-01 1.994495e-09 1 
19.500 9.683555e-03 0.000000e+00 1 
19.500 3.646263e-02 0.000000e+00 1 
19.500 6.360986e-03 0.000000e+00 1 
19.500 4.541609e-03 0.000000e+00 1 
19.500 3.530062e-01 0.000000e+00 1 
19.500 5.974087e-01 0.000000e+00 1 
19.500 6.858928e-01 0.000000e+00 1 
19.500 2.169550e-02 0.000000e+00 1 
19.750 7.149719e-01 0.000000e+00 1 
19.750 7.240930e-01 0.000000e+00 1 
19.750 7.261835e-01 0.000000e+00 1 
19.750 2.309367e-06 0.000000e+00 1 
20.000 7.243062e-01 0.000000e+00 1 
20.000 7.163117e-01 0.000000e+00 1 
20.000 6.720421e-01 0.000000e+00 1 
20.250 6.121674e-01 0.000000e+00 1 
20.250 5.075919e-01 0.000000e+00 1 
20.250 1.976743e-01 0.000000e+00 1 
20.500 1.565867e-01 0.000000e+00 1 
20.500 9.215225e-02 0.000000e+00 1 
20.750 1.312692e-02 0.000000e+00 1 
20.750 2.696068e-04 0.000000e+00 1 
21.000 5.806395e-04 0.000000e+00 1 
21.250 2.013324e-05 0.000000e+00 1 
21.500 6.980157e-07 0.000000e+00 1 
21.750 2.420012e-08 0.000000e+00 1 
22.000 8.390185e-10 0.000000e+00 1 
22.250 2.908868e-11 0.000000e+00 1 
22.500 1.008505e-12 0.000000e+00 1 
22.750 3.496469e-14 0.000000e+00 1 
23.000 1.212217e-15 0.000000e+00 1 
23.250 4.202756e-17 0.000000e+00 1 
23.500 1.457090e-18 0.000000e+00 1 
23.750 5.051693e-20 0.000000e+00 1 
24.000 1.751412e-21 0.000000e+00 1 
24.250 6.483746e-23 0.000000e+00 1 
24.500 0.000000e+00 0.000000e+00 1 
24.750 0.000000e+00 0.000000e+00 1 
25.000 0.000000e+00 0.000000e+00 1 
25.250 0.000000e+00 0.000000e+00 1 
25.500 0.000000e+00 0.000000e+00 1 
25.750 0.000000e+00 0.000000e+00 1 
26.000 0.000000e+00 0.000000e+00 1 
26.250 0.000000e+00 0.000000e+00 1 
26.500 0.000000e+00 0.000000e+00 1 
26.750 0.000000e+00 0.000000e+00 1 
27.000 0.000000e+00 0.000000e+00 1 
27.250 0.000000e+00 0.000000e+00 1 
27.500 0.000000e+00 0.000000e+00 1 
27.750 0.000000e+00 0.000000e+00 1 
28.000 0.000000e+00 0.000000e+00 1 
28.250 0.000000e+00 0.000000e+00 1 
28.500 2.808964e+01 2.051805e-03 0 
28.500 2.413954e+01 1.818157e-04 0 
28.500 1.872433e+00 1.768446e-05 0 
28.500 5.248092e+01 1.773443e-07 0 
28.500 1.072187e+01 1.727261e-09 0 
28.500 1.808076e-01 2.346306e-11 1 
28.500 1.803084e-01 2.068020e-10 1 
28.500 4.451597e-01 6.917711e-10 1 
28.500 6.056253e-01 1.931121e-09 1 
28.500 6.807155e-01 3.793019e-09 1 
28.500 7.095714e-01 6.506193e-09 1 
28.500 7.195086e-01 1.028265e-08 1 
28.500 7.257689e-01 1.474538e-08 1 
28.500 7.285107e-01 1.997657e-08 1 
28.500 7.270719e-01 2.627023e-08 1 
28.500 7.328416e-01 3.316335e-08 2 
28.500 7.328416e-01 3.316335e-08 1 
28.500 7.366114e-01 4.081048e-08 2 
28.500 7.366114e-01 4.081048e-08 1 
28.500 7.244369e-01 4.930318e-08 1 
28.500 7.149566e-01 5.859805e-08 1 
28.500 7.095231e-01 6.863263e-08 1 
28.500 7.091364e-01 7.952708e-08 1 
28.500 7.066123e-01 9.122370e-08 1 
28.500 7.137682e-01 1.041837e-07 1 
28.500 7.079849e-01 1.180042e-07 1 
28.500 7.024227e-01 1.327721e-07 1 
28.500 7.011433e-01 1.483186e-07 1 
28.500 6.889136e-01 1.654036e-07 1 
28.500 6.943879e-01 1.840329e-07 1 
28.500 6.959984e-01 2.029036e-07 1 
28.500 6.830396e-01 2.243860e-07 1 
28.500 6.989903e-01 2.462388e-07 1 
28.500 6.817303e-01 2.705931e-07 1 
28.500 6.773816e-01 2.967446e-07 1 
28.500 6.843655e-01 3.226110e-07 1 
28.500 6.878980e-01 3.512516e-07 1 
28.500 6.905972e-01 3.821411e-07 1 
28.500 6.720564e-01 4.154072e-07 1 
28.500 6.803619e-01 4.502213e-07 1 
28.500 6.844845e-01 4.874344e-07 1 
28.500 6.878186e-01 5.259521e-07 1 
28.500 6.660082e-01 5.686279e-07 1 
28.500 6.823391e-01 6.127815e-07 1 
28.500 6.838669e-01 6.587794e-07 1 
28.500 6.681556e-01 7.100534e-07 1 
28.500 6.801292e-01 7.622076e-07 1 
28.500 6.639672e-01 8.205236e-07 1 
28.500 6.781570e-01 8.809889e-07 1 
28.500 6.785805e-01 9.452255e-07 1 
28.500 6.437132e-01 1.016284e-06 1 
28.500 6.731750e-01 1.090166e-06 1 
28.500 6.601387e-01 1.168186e-06 1 
28.500 6.601169e-01 1.252636e-06 1 
28.500 6.766071e-01 1.341688e-06 1 
28.500 6.630335e-01 1.437512e-06 1 
28.500 6.802658e-01 1.536641e-06 1 
28.500 6.552601e-01 1.647939e-06 1 
28.500 6.651609e-01 1.762178e-06 1 
28.500 6.751095e-01 1.885152e-06 1 
28.500 6.573199e-01 2.017011e-06 1 
28.500 6.433308e-01 2.157178e-06 1 
28.500 6.696136e-01 2.305671e-06 1 
28.500 6.843789e-01 2.465841e-06 1 
28.500 6.590702e-01 2.636806e-06 1 
28.500 6.617039e-01 2.815901e-06 1 
28.500 6.425620e-01 3.012042e-06 1 
28.500 6.572530e-01 3.220773e-06 1 
28.500 6.619360e-01 3.441802e-06 1 
28.500 6.544876e-01 3.683881e-06 1 
28.500 6.428047e-01 3.939390e-06 1 
28.500 6.816808e-01 4.209822e-06 1 
28.500 6.466529e-01 4.506423e-06 1 
28.500 6.414298e-01 4.820445e-06 1 
28.500 6.643305e-01 5.151534e-06 1 
28.500 6.661536e-01 5.513195e-06 1 
28.500 6.610608e-01 5.898121e-06 1 
28.500 6.286473e-01 6.312197e-06 1 
28.500 6.486090e-01 6.753324e-06 1 
28.500 6.656171e-01 7.230490e-06 1 
28.500 6.475539e-01 7.745160e-06 1 
28.500 6.300560e-01 8.297427e-06 1 
28.500 6.589350e-01 8.885761e-06 1 
28.500 6.483976e-01 9.531012e-06 1 
28.500 6.362538e-01 1.022325e-05 1 
28.500 6.597574e-01 1.096028e-05 1 
28.500 6.594573e-01 1.176134e-05 1 
28.500 6.524799e-01 1.262622e-05 1 
28.500 6.560533e-01 1.354370e-05 1 
28.500 6.294255e-01 1.453515e-05 1 
28.500 6.456360e-01 1.560113e-05 1 
28.500 6.327693e-01 1.676237e-05 1 
28.500 6.464719e-01 1.801384e-05 1 
28.500 6.393719e-01 1.937221e-05 1 
28.500 6.348445e-01 2.083977e-05 1 
28.500 6.611712e-01 2.242748e-05 1 
28.500 6.321958e-01 2.416011e-05 1 
28.500 6.163125e-01 2.602161e-05 1 
28.500 6.439272e-01 2.804428e-05 1 
28.500 6.325887e-01 3.026581e-05 1 
28.500 6.260447e-01 3.266188e-05 1 
28.500 6.483740e-01 3.528503e-05 1 
28.500 6.270500e-01 3.814336e-05 1 
28.500 6.373073e-01 4.123844e-05 1 
28.500 6.394253e-01 4.461176e-05 1 
28.500 6.156178e-01 4.830472e-05 1 
28.500 6.086487e-01 5.233061e-05 1 
28.500 6.430762e-01 5.675804e-05 1 
28.500 6.172423e-01 6.164942e-05 1 
28.500 6.097644e-01 6.696517e-05 1 
28.500 6.194365e-01 7.284011e-05 1 
28.500 6.341299e-01 7.932894e-05 1 
28.500 6.298812e-01 8.644888e-05 1 
28.500 6.069670e-01 9.426088e-05 1 
28.500 5.950630e-01 1.028624e-04 1 
28.500 6.033019e-01 1.124402e-04 1 
28.500 6.085623e-01 1.231337e-04 1 
28.500 6.096210e-01 1.350516e-04 1 
28.500 6.070099e-01 1.482939e-04 1 
28.500 6.087595e-01 1.630187e-04 1 
28.500 5.899039e-01 1.794639e-04 1 
28.500 5.837228e-01 1.978577e-04 1 
28.500 5.963856e-01 2.185981e-04 1 
28.500 5.916336e-01 2.420417e-04 1 
28.500 5.785356e-01 2.684414e-04 1 
28.500 5.792050e-01 2.983401e-04 1 
28.500 5.615285e-01 3.324408e-04 1 
28.500 5.579709e-01 3.714484e-04 1 
28.500 5.508064e-01 4.165547e-04 1 
28.500 5.480098e-01 4.688829e-04 1 
28.500 5.365447e-01 5.299304e-04 1 
28.500 5.328130e-01 6.015305e-04 1 
28.500 5.262761e-01 6.862336e-04 1 
28.500 5.141727e-01 7.868648e-04 1 
28.500 4.951733e-01 9.076059e-04 1 
28.500 4.750886e-01 1.054236e-03 1 
28.500 4.568628e-01 1.235450e-03 1 
28.500 4.383351e-01 1.463455e-03 1 
28.500 4.097756e-01 1.756129e-03 1 
28.500 3.690057e-01 2.141013e-03 1 
28.500 3.154481e-01 2.666901e-03 1 
28.500 2.225600e-01 3.427316e-03 1 
28.500 7.055559e-02 4.651648e-03 1 
28.500 9.318938e-01 7.400579e-03 2 
28.500 9.318938e-01 7.400579e-03 1 
28.500 1.989654e-01 1.029053e-02 1 
28.750 5.081816e-01 1.275939e-02 1 
28.750 3.912247e-01 1.887348e-02 1 
28.750 4.747332e-01 2.746380e-02 1 
28.750 4.237806e-02 3.652639e-02 1 
29.000 4.162212e-01 4.687993e-02 1 
29.000 4.696369e-01 6.476138e-02 1 
29.000 1.865303e-02 8.113898e-02 1 
29.250 4.600149e-01 9.875672e-02 1 
29.250 3.122062e-01 1.282051e-01 1 
29.500 4.163118e-01 1.623833e-01 1 
29.500 1.368714e-01 1.974277e-01 1 
29.750 4.380094e-01 2.362049e-01 1 
29.750 4.363982e-02 2.755558e-01 1 
30.000 4.639103e-01 3.158289e-01 1 
30.000 1.667546e-02 3.579307e-01 1 
30.250 4.878346e-01 3.975125e-01 1 
30.500 4.125917e-01 4.738114e-01 1 
30.750 3.295289e-01 5.472564e-01 1 
31.000 2.694084e-01 6.162894e-01 1 
31.250 2.264455e-01 6.797916e-01 1 
31.500 1.967326e-01 7.370461e-01 1 
31.750 1.742950e-01 7.876876e-01 1 
32.000 1.567951e-01 8.316468e-01 1 
32.250 1.428330e-01 8.690935e-01 1 
32.500 1.296359e-01 9.003806e-01 1 
32.750 1.154410e-01 9.259938e-01 1 
33.000 1.016206e-01 9.465058e-01 1 
33.250 8.791425e-02 9.625380e-01 1 
33.500 7.434992e-02 9.747277e-01 1 
33.750 6.173950e-02 9.837027e-01 1 
34.000 4.965457e-02 9.900609e-01 1 
34.250 3.852155e-02 9.943553e-01 1 
34.500 2.896484e-02 9.970831e-01 1 
34.750 2.036773e-02 9.986787e-01 1 
35.000 1.319767e-02 9.995085e-01 1 
35.250 7.534630e-03 9.998683e-01 1 
35.500 3.511457e-03 9.999818e-01 1 
35.750 9.220752e-04 9.999997e-01 1 
36.000 2.277745e-04 9.999999e-01 1 
36.250 9.037524e-04 9.999871e-01 1 
36.500 3.327672e-03 9.998928e-01 1 
36.750 7.246304e-03 9.995756e-01 1 
37.000 1.303773e-02 9.988210e-01 1 
37.250 2.063166e-02 9.973426e-01 1 
37.500 2.979415e-02 9.947829e-01 1 
37.750 4.038703e-02 9.907160e-01 1 
38.000 5.229086e-02 9.846525e-01 1 
38.250 6.564585e-02 9.760457e-01 1 
38.500 7.975306e-02 9.643030e-01 1 
38.750 9.411397e-02 9.487993e-01 1 
39.000 1.095231e-01 9.288973e-01 1 
39.250 1.236503e-01 9.039718e-01 1 
39.500 1.356275e-01 8.734418e-01 1 
39.750 1.458539e-01 8.368082e-01 1 
40.000 1.548478e-01 7.936981e-01 1 
40.250 1.613426e-01 7.439154e-01 1 
40.500 1.682814e-01 6.874955e-01 1 
40.750 1.819376e-01 6.247625e-01 1 
41.000 2.133386e-01 5.563855e-01 1 
41.250 2.697283e-01 4.834286e-01 1 
41.500 3.614240e-01 4.073928e-01 1 
41.750 5.042467e-01 3.302372e-01 1 
42.000 7.144470e-01 2.543786e-01 1 
42.250 1.035598e+00 1.826572e-01 0 
42.250 8.019110e-01 1.859688e-01 2 
42.250 8.019110e-01 1.859688e-01 1 
42.250 1.513910e-02 1.492156e-01 1 
42.500 1.118542e+00 1.218759e-01 0 
42.500 8.147452e-01 1.248983e-01 2 
42.500 8.147452e-01 1.248983e-01 1 
42.500 5.316142e-02 9.414468e-02 1 
42.750 1.201626e+00 7.048121e-02 0 
42.750 8.117192e-01 7.284675e-02 2 
42.750 8.117192e-01 7.284675e-02 1 
42.750 3.637729e-01 4.930162e-02 1 
43.000 1.495222e+00 3.110485e-02 0 
43.000 7.963839e-01 3.299924e-02 2 
43.000 7.963839e-01 3.299924e-02 1 
43.000 1.199079e+00 1.873936e-02 0 
43.000 7.186850e-01 1.955936e-02 1 
43.000 2.947314e-01 1.246899e-02 1 
43.250 1.887292e+00 7.399802e-03 0 
43.250 6.415775e-01 8.206750e-03 1 
43.250 9.746800e-01 3.888672e-03 2 
43.250 9.746800e-01 3.888672e-03 1 
43.250 1.468674e+00 1.222486e-03 0 
43.250 6.090404e-01 1.393183e-03 1 
43.250 6.117539e-01 2.771584e-04 1 
43.250 3.100561e+01 7.714006e-06 0 
43.250 2.065272e+01 1.854490e-05 0 
43.250 9.975905e+00 2.226069e-05 0 
43.250 2.035722e-01 2.401034e-05 1 
43.250 2.509069e-01 2.355920e-05 1 
43.250 8.178747e-01 2.303561e-05 2 
43.250 8.178747e-01 2.303561e-05 1 
43.250 9.131720e-01 2.242748e-05 2 
43.250 9.131720e-01 2.242748e-05 1 
43.250 3.346857e-01 2.185757e-05 1 
43.250 3.633873e-01 2.124992e-05 1 
43.250 4.360888e-01 2.046274e-05 1 
43.250 5.115273e-01 1.953415e-05 1 
43.250 6.023274e-01 1.847822e-05 1 
43.250 6.875865e-01 1.735515e-05 1 
43.250 7.861046e-01 1.621828e-05 2 
43.250 7.861046e-01 1.621828e-05 1 
43.250 7.920007e-01 1.513198e-05 2 
43.250 7.920007e-01 1.513198e-05 1 
43.250 7.651590e-01 1.410659e-05 2 
43.250 7.651590e-01 1.410659e-05 1 
43.250 7.578861e-01 1.314223e-05 2 
43.250 7.578861e-01 1.314223e-05 1 
43.250 7.960453e-01 1.220952e-05 2 
43.250 7.960453e-01 1.220952e-05 1 
43.250 7.897192e-01 1.133359e-05 2 
43.250 7.897192e-01 1.133359e-05 1 
43.250 7.937675e-01 1.052040e-05 2 
43.250 7.937675e-01 1.052040e-05 1 
43.250 7.875679e-01 9.758318e-06 2 
43.250 7.875679e-01 9.758318e-06 1 
43.250 8.129377e-01 9.034918e-06 2 
43.250 8.129377e-01 9.034918e-06 1 
43.250 8.042870e-01 8.366246e-06 2 
43.250 8.042870e-01 8.366246e-06 1 
43.250 7.962162e-01 7.750469e-06 2 
43.250 7.962162e-01 7.750469e-06 1 
43.250 7.858549e-01 7.174183e-06 2 
43.250 7.858549e-01 7.174183e-06 1 
43.250 7.744237e-01 6.629363e-06 2 
43.250 7.744237e-01 6.629363e-06 1 
43.250 7.648429e-01 6.121381e-06 2 
43.250 7.648429e-01 6.121381e-06 1 
43.250 7.907900e-01 5.633646e-06 2 
43.250 7.907900e-01 5.633646e-06 1 
43.250 7.753161e-01 5.188398e-06 2 
43.250 7.753161e-01 5.188398e-06 1 
43.250 8.025222e-01 4.760956e-06 2 
43.250 8.025222e-01 4.760956e-06 1 
43.250 7.798691e-01 4.358852e-06 2 
43.250 7.798691e-01 4.358852e-06 1 
43.250 7.316225e-01 3.999717e-06 2 
43.250 7.316225e-01 3.999717e-06 1 
43.250 8.033386e-01 3.650096e-06 2 
43.250 8.033386e-01 3.650096e-06 1 
43.250 8.250570e-01 3.316028e-06 2 
43.250 8.250570e-01 3.316028e-06 1 
43.250 7.634686e-01 3.020323e-06 2 
43.250 7.634686e-01 3.020323e-06 1 
43.250 7.405901e-01 2.749484e-06 2 
43.250 7.405901e-01 2.749484e-06 1 
43.250 8.119550e-01 2.481215e-06 2 
43.250 8.119550e-01 2.481215e-06 1 
43.250 8.323737e-01 2.235617e-06 2 
43.250 8.323737e-01 2.235617e-06 1 
43.250 7.570332e-01 2.017011e-06 2 
43.250 7.570332e-01 2.017011e-06 1 
43.250 7.786795e-01 1.809330e-06 2 
43.250 7.786795e-01 1.809330e-06 1 
43.250 7.535209e-01 1.625368e-06 2 
43.250 7.535209e-01 1.625368e-06 1 
43.250 7.734126e-01 1.443235e-06 2 
43.250 7.734126e-01 1.443235e-06 1 
43.250 7.993947e-01 1.279462e-06 2 
43.250 7.993947e-01 1.279462e-06 1 
43.250 7.686790e-01 1.131881e-06 2 
43.250 7.686790e-01 1.131881e-06 1 
43.250 7.787071e-01 9.938165e-07 2 
43.250 7.787071e-01 9.938165e-07 1 
43.250 8.434526e-01 8.616274e-07 2 
43.250 8.434526e-01 8.616274e-07 1 
43.250 7.506164e-01 7.497698e-07 2 
43.250 7.506164e-01 7.497698e-07 1 
43.250 7.647563e-01 6.456862e-07 2 
43.250 7.647563e-01 6.456862e-07 1 
43.250 7.261145e-01 5.518536e-07 1 
43.250 7.915929e-01 4.653846e-07 2 
43.250 7.915929e-01 4.653846e-07 1 
43.250 7.407578e-01 3.882078e-07 2 
43.250 7.407578e-01 3.882078e-07 1 
43.250 7.376485e-01 3.199083e-07 2 
43.250 7.376485e-01 3.199083e-07 1 
43.250 7.401883e-01 2.565185e-07 2 
43.250 7.401883e-01 2.565185e-07 1 
43.250 7.219831e-01 2.016169e-07 1 
43.250 7.033158e-01 1.533183e-07 1 
43.250 6.736712e-01 1.104311e-07 1 
43.250 6.335279e-01 7.554412e-08 1 
43.250 6.055008e-01 4.515899e-08 1 
43.250 5.258800e-01 2.159176e-08 1 
43.250 3.883985e-01 5.887043e-09 1 
43.250 2.843207e-02 4.284364e-10 1 
43.500 2.082864e-02 0.000000e+00 1 
43.500 4.655944e-02 0.000000e+00 1 
43.500 5.891433e-03 0.000000e+00 1 
43.500 3.999841e-03 0.000000e+00 1 
43.500 3.459305e-01 0.000000e+00 1 
43.500 5.945895e-01 0.000000e+00 1 
43.500 6.849249e-01 0.000000e+00 1 
43.500 3.462019e-01 0.000000e+00 1 
43.750 7.143818e-01 0.000000e+00 1 
43.750 7.233077e-01 0.000000e+00 1 
43.750 7.241352e-01 0.000000e+00 1 
43.750 1.269190e-01 0.000000e+00 1 
44.000 7.097417e-01 0.000000e+00 1 
44.000 6.810143e-01 0.000000e+00 1 
44.000 6.059530e-01 0.000000e+00 1 
44.000 4.833485e-02 0.000000e+00 1 
44.250 3.682481e-01 0.000000e+00 1 
44.250 2.375975e-01 0.000000e+00 1 
44.250 2.901757e-02 0.000000e+00 1 
44.500 3.802186e-02 0.000000e+00 1 
44.500 1.691302e-03 0.000000e+00 1 
44.750 1.154200e-03 0.000000e+00 1 
45.000 7.331664e-05 0.000000e+00 1 
45.250 4.656311e-06 0.000000e+00 1 
45.500 2.957153e-07 0.000000e+00 1 
45.750 1.878053e-08 0.000000e+00 1 
46.000 1.192727e-09 0.000000e+00 1 
46.250 7.574828e-11 0.000000e+00 1 
46.500 4.810675e-12 0.000000e+00 1 
46.750 3.055187e-13 0.000000e+00 1 
47.000 1.940311e-14 0.000000e+00 1 
47.250 1.232265e-15 0.000000e+00 1 
47.500 7.825927e-17 0.000000e+00 1 
47.750 4.970146e-18 0.000000e+00 1 
48.000 3.156479e-19 0.000000e+00 1 
48.250 2.004638e-20 0.000000e+00 1 
48.500 1.273304e-21 0.000000e+00 1 
48.750 8.370479e-23 0.000000e+00 1 
49.000 0.000000e+00 0.000000e+00 1 
49.250 0.000000e+00 0.000000e+00 1 
49.500 0.000000e+00 0.000000e+00 1 
49.750 0.000000e+00 0.000000e+00 1 
50.000 0.000000e+00 0.000000e+00 1 
50.250 0.000000e+00 0.000000e+00 1 
50.500 0.000000e+00 0.000000e+00 1 
50.750 0.000000e+00 0.000000e+00 1 
51.000 0.000000e+00 0.000000e+00 1 
51.250 0.000000e+00 0.000000e+00 1 
51.500 0.000000e+00 0.000000e+00 1 
51.750 0.000000e+00 0.000000e+00 1 
52.000 0.000000e+00 0.000000e+00 1 
52.250 0.000000e+00 0.000000e+00 1 
52.500 2.698906e+01 2.051805e-03 0 
52.500 1.865253e+01 1.867379e-04 0 
52.500 4.040216e+02 2.155876e-05 0 
52.500 6.128563e+01 2.161064e-07 0 
52.500 2.004306e+01 2.292343e-09 0 
52.500 4.612447e-01 2.346306e-11 1 
52.500 4.579519e-01 2.537755e-10 1 
52.500 6.152685e-01 7.363629e-10 1 
52.500 6.822483e-01 1.591324e-09 1 
52.500 7.078257e-01 2.784251e-09 1 
52.500 7.181863e-01 4.293053e-09 1 
52.500 7.232175e-01 6.127256e-09 1 
52.500 7.256700e-01 8.593497e-09 1 
52.500 7.283627e-01 1.145033e-08 1 
52.500 7.293662e-01 1.474538e-08 2 
52.500 7.293662e-01 1.474538e-08 1 
52.500 7.309082e-01 1.842417e-08 2 
52.500 7.309082e-01 1.842417e-08 1 
52.500 7.320278e-01 2.254802e-08 2 
52.500 7.320278e-01 2.254802e-08 1 
52.500 7.245675e-01 2.756092e-08 1 
52.500 7.319320e-01 3.255829e-08 2 
52.500 7.319320e-01 3.255829e-08 1 
52.500 7.351133e-01 3.797177e-08 2 
52.500 7.351133e-01 3.797177e-08 1 
52.500 7.372600e-01 4.380138e-08 2 
52.500 7.372600e-01 4.380138e-08 1 
52.500 7.495026e-01 5.004711e-08 2 
52.500 7.495026e-01 5.004711e-08 1 
52.500 7.246839e-01 5.591689e-08 1 
52.500 7.165987e-01 6.211206e-08 1 
52.500 7.144096e-01 6.863263e-08 1 
52.500 7.141863e-01 7.554412e-08 1 
52.500 7.101699e-01 8.368131e-08 1 
52.500 7.286052e-01 9.208988e-08 1 
52.500 7.165053e-01 1.010524e-07 1 
52.500 7.094838e-01 1.104311e-07 1 
52.500 7.088599e-01 1.202259e-07 1 
52.500 7.081048e-01 1.304369e-07 1 
52.500 6.894228e-01 1.422304e-07 1 
52.500 6.830366e-01 1.544406e-07 1 
52.500 6.952986e-01 1.659859e-07 1 
52.500 6.988315e-01 1.779473e-07 1 
52.500 7.205404e-01 1.903248e-07 1 
52.500 7.114629e-01 2.029036e-07 1 
52.500 7.050772e-01 2.176609e-07 1 
52.500 6.799308e-01 2.344345e-07 1 
52.500 6.920645e-01 2.501585e-07 1 
52.500 7.214991e-01 2.662697e-07 1 
52.500 7.030401e-01 2.831374e-07 1 
52.500 6.813580e-01 3.019624e-07 1 
52.500 6.895922e-01 3.199083e-07 1 
52.500 7.213171e-01 3.380948e-07 1 
52.500 7.034709e-01 3.589234e-07 1 
52.500 6.778233e-01 3.821411e-07 1 
52.500 7.119018e-01 4.042653e-07 1 
52.500 6.770294e-01 4.290398e-07 1 
52.500 6.898304e-01 4.524638e-07 1 
52.500 6.928534e-01 4.784873e-07 1 
52.500 6.676545e-01 5.054079e-07 1 
52.500 7.125263e-01 5.330652e-07 1 
52.500 6.704714e-01 5.639631e-07 1 
52.500 7.135240e-01 5.929743e-07 1 
52.500 6.761034e-01 6.253498e-07 1 
52.500 7.178984e-01 6.558799e-07 1 
52.500 6.713132e-01 6.928809e-07 1 
52.500 6.858744e-01 7.304895e-07 1 
52.500 7.181455e-01 7.663763e-07 1 
52.500 6.724807e-01 8.063317e-07 1 
52.500 6.575734e-01 8.499380e-07 1 
52.500 6.828630e-01 8.944670e-07 1 
52.500 7.154974e-01 9.371300e-07 1 
52.500 6.978570e-01 9.874094e-07 1 
52.500 6.662067e-01 1.038760e-06 1 
52.500 6.811790e-01 1.091660e-06 1 
52.500 6.894981e-01 1.145620e-06 1 
52.500 6.916586e-01 1.204280e-06 1 
52.500 6.604814e-01 1.268429e-06 1 
52.500 7.063196e-01 1.330390e-06 1 
52.500 6.660273e-01 1.401438e-06 1 
52.500 6.845321e-01 1.470284e-06 1 
52.500 6.859294e-01 1.540486e-06 1 
52.500 6.859396e-01 1.617172e-06 1 
52.500 6.594992e-01 1.703491e-06 1 
52.500 6.811930e-01 1.783765e-06 1 
52.500 6.859267e-01 1.874365e-06 1 
52.500 6.902342e-01 1.962864e-06 1 
52.500 6.928101e-01 2.061955e-06 1 
52.500 6.837041e-01 2.159980e-06 1 
52.500 6.612427e-01 2.269252e-06 1 
52.500 6.792573e-01 2.381219e-06 1 
52.500 6.603771e-01 2.495883e-06 1 
52.500 6.772264e-01 2.618641e-06 1 
52.500 6.589691e-01 2.754625e-06 1 
52.500 6.810719e-01 2.888376e-06 1 
52.500 7.120058e-01 3.031521e-06 1 
52.500 6.936551e-01 3.178127e-06 1 
52.500 6.900480e-01 3.333852e-06 1 
52.500 6.310050e-01 3.504897e-06 1 
52.500 7.083274e-01 3.667882e-06 1 
52.500 6.673458e-01 3.853268e-06 1 
52.500 6.507525e-01 4.050899e-06 1 
52.500 7.063605e-01 4.246100e-06 1 
52.500 6.687257e-01 4.458973e-06 1 
52.500 6.518529e-01 4.684790e-06 1 
52.500 6.810399e-01 4.915128e-06 1 
52.500 6.868192e-01 5.158572e-06 1 
52.500 6.617380e-01 5.430655e-06 1 
52.500 6.809400e-01 5.694359e-06 1 
52.500 6.855240e-01 5.971886e-06 1 
52.500 6.623897e-01 6.280490e-06 1 
52.500 6.818582e-01 6.596867e-06 1 
52.500 6.580794e-01 6.928548e-06 1 
52.500 6.883157e-01 7.268364e-06 1 
52.500 6.597127e-01 7.643315e-06 1 
52.500 6.548164e-01 8.027696e-06 1 
52.500 7.100143e-01 8.431195e-06 1 
52.500 6.387651e-01 8.872263e-06 1 
52.500 7.100576e-01 9.305656e-06 1 
52.500 6.685668e-01 9.788878e-06 1 
52.500 6.891453e-01 1.028357e-05 1 
52.500 6.841676e-01 1.080298e-05 1 
52.500 6.407269e-01 1.136572e-05 1 
52.500 6.537168e-01 1.194356e-05 1 
52.500 6.597602e-01 1.256952e-05 1 
52.500 6.874896e-01 1.321147e-05 1 
52.500 6.646590e-01 1.390317e-05 1 
52.500 6.886813e-01 1.461524e-05 1 
52.500 6.620327e-01 1.538155e-05 1 
52.500 6.667467e-01 1.619237e-05 1 
52.500 6.899049e-01 1.703877e-05 1 
52.500 6.663043e-01 1.793197e-05 1 
52.500 6.604911e-01 1.886454e-05 1 
52.500 6.359584e-01 1.986111e-05 1 
52.500 6.706843e-01 2.091058e-05 1 
52.500 6.654969e-01 2.203516e-05 1 
52.500 6.401138e-01 2.323399e-05 1 
52.500 6.907796e-01 2.448227e-05 1 
52.500 6.971351e-01 2.580921e-05 1 
52.500 6.439698e-01 2.723832e-05 1 
52.500 6.925181e-01 2.870721e-05 1 
52.500 6.735724e-01 3.028286e-05 1 
52.500 6.397032e-01 3.193833e-05 1 
52.500 6.706476e-01 3.365581e-05 1 
52.500 6.524538e-01 3.552904e-05 1 
52.500 6.685510e-01 3.747634e-05 1 
52.500 6.745619e-01 3.957601e-05 1 
52.500 6.732826e-01 4.177142e-05 1 
52.500 6.524221e-01 4.411156e-05 1 
52.500 6.512978e-01 4.660331e-05 1 
52.500 6.511713e-01 4.923041e-05 1 
52.500 6.571972e-01 5.204298e-05 1 
52.500 6.595759e-01 5.502914e-05 1 
52.500 6.514805e-01 5.822042e-05 1 
52.500 6.399699e-01 6.162322e-05 1 
52.500 6.646942e-01 6.525547e-05 1 
52.500 6.619430e-01 6.914627e-05 1 
52.500 6.401924e-01 7.328640e-05 1 
52.500 6.404225e-01 7.772124e-05 1 
52.500 6.753538e-01 8.245079e-05 1 
52.500 6.669960e-01 8.753177e-05 1 
52.500 6.406072e-01 9.291857e-05 1 
52.500 6.503528e-01 9.865790e-05 1 
52.500 6.590354e-01 1.048229e-04 1 
52.500 6.509372e-01 1.114136e-04 1 
52.500 6.568339e-01 1.184101e-04 1 
52.500 6.587858e-01 1.259432e-04 1 
52.500 6.409258e-01 1.339595e-04 1 
52.500 6.234397e-01 1.425729e-04 1 
52.500 6.364203e-01 1.518393e-04 1 
52.500 6.449606e-01 1.618429e-04 1 
52.500 6.568267e-01 1.727102e-04 1 
52.500 6.538904e-01 1.843544e-04 1 
52.500 6.214754e-01 1.968262e-04 1 
52.500 6.325361e-01 2.102139e-04 1 
52.500 6.301523e-01 2.248455e-04 1 
52.500 6.291098e-01 2.407047e-04 1 
52.500 6.513526e-01 2.578731e-04 1 
52.500 6.346727e-01 2.765198e-04 1 
52.500 6.334726e-01 2.966420e-04 1 
52.500 6.325534e-01 3.184227e-04 1 
52.500 6.232124e-01 3.422083e-04 1 
52.500 6.303217e-01 3.680016e-04 1 
52.500 6.265469e-01 3.962392e-04 1 
52.500 6.116393e-01 4.269472e-04 1 
52.500 6.227225e-01 4.605740e-04 1 
52.500 6.139167e-01 4.975833e-04 1 
52.500 6.070840e-01 5.381320e-04 1 
52.500 6.075197e-01 5.828602e-04 1 
52.500 6.039244e-01 6.323900e-04 1 
52.500 6.040424e-01 6.871517e-04 1 
52.500 6.016197e-01 7.481502e-04 1 
52.500 5.858890e-01 8.158602e-04 1 
52.500 5.837473e-01 8.914741e-04 1 
52.500 5.780132e-01 9.766216e-04 1 
52.500 5.763462e-01 1.072723e-03 1 
52.500 5.798814e-01 1.181636e-03 1 
52.500 5.831771e-01 1.305095e-03 1 
52.500 5.686234e-01 1.445112e-03 1 
52.500 5.533683e-01 1.604394e-03 1 
52.500 5.459673e-01 1.787553e-03 1 
52.500 5.417886e-01 1.999824e-03 1 
52.500 5.279765e-01 2.247579e-03 1 
52.500 5.239801e-01 2.538535e-03 1 
52.500 5.115601e-01 2.883621e-03 1 
52.500 5.016326e-01 3.295344e-03 1 
52.500 4.874369e-01 3.792787e-03 1 
52.500 4.633175e-01 4.399928e-03 1 
52.500 4.456264e-01 5.154043e-03 1 
52.500 4.174365e-01 6.110279e-03 1 
52.500 3.777910e-01 7.350843e-03 1 
52.500 3.293563e-01 9.018852e-03 1 
52.500 2.237915e-01 1.033724e-02 1 
52.750 9.576954e-02 1.180468e-02 1 
52.750 1.824380e-01 1.629381e-02 1 
52.750 6.256588e-01 2.567882e-02 1 
52.750 1.535998e-01 3.647614e-02 1 
53.000 4.245491e-01 4.809275e-02 1 
53.000 4.568558e-01 6.960166e-02 1 
53.000 9.908530e-02 8.540741e-02 1 
53.250 5.645769e-01 1.010896e-01 1 
53.250 1.032040e-01 1.315241e-01 1 
53.500 4.340864e-01 1.642384e-01 1 
53.500 4.894094e-02 1.999678e-01 1 
53.750 4.728178e-01 2.383160e-01 1 
53.750 2.122961e-02 2.783695e-01 1 
54.000 4.974519e-01 3.176553e-01 1 
54.000 8.523745e-03 3.603108e-01 1 
54.250 4.747932e-01 3.975125e-01 1 
54.500 3.992642e-01 4.738114e-01 1 
54.750 3.221236e-01 5.472564e-01 1 
55.000 2.642403e-01 6.162894e-01 1 
55.250 2.215062e-01 6.797916e-01 1 
55.500 1.893785e-01 7.370461e-01 1 
55.750 1.658199e-01 7.876876e-01 1 
56.000 1.480864e-01 8.316468e-01 1 
56.250 1.329542e-01 8.690935e-01 1 
56.500 1.183281e-01 9.003806e-01 1 
56.750 1.042301e-01 9.259938e-01 1 
57.000 9.122116e-02 9.465058e-01 1 
57.250 7.832131e-02 9.625380e-01 1 
57.500 6.609770e-02 9.747277e-01 1 
57.750 5.463966e-02 9.837027e-01 1 
58.000 4.380865e-02 9.900609e-01 1 
58.250 3.377936e-02 9.943553e-01 1 
58.500 2.517072e-02 9.970831e-01 1 
58.750 1.767599e-02 9.986787e-01 1 
59.000 1.143580e-02 9.995085e-01 1 
59.250 6.408204e-03 9.998683e-01 1 
59.500 2.893568e-03 9.999818e-01 1 
59.750 8.651539e-04 9.999997e-01 1 
60.000 1.981371e-04 9.999999e-01 1 
60.250 9.216082e-04 9.999871e-01 1 
60.500 3.108285e-03 9.998928e-01 1 
60.750 6.678282e-03 9.995756e-01 1 
61.000 1.176208e-02 9.988210e-01 1 
61.250 1.832782e-02 9.973426e-01 1 
61.500 2.638990e-02 9.947829e-01 1 
61.750 3.562439e-02 9.907160e-01 1 
62.000 4.601019e-02 9.846525e-01 1 
62.250 5.770296e-02 9.760457e-01 1 
62.500 6.997111e-02 9.643030e-01 1 
62.750 8.253073e-02 9.487993e-01 1 
63.000 9.506768e-02 9.288973e-01 1 
63.250 1.075877e-01 9.039718e-01 1 
63.500 1.195327e-01 8.734418e-01 1 
63.750 1.296711e-01 8.368082e-01 1 
64.000 1.393180e-01 7.936974e-01 1 
64.250 1.472078e-01 7.439146e-01 1 
64.500 1.584810e-01 6.874946e-01 1 
64.750 1.776573e-01 6.247616e-01 1 
65.000 2.094425e-01 5.563843e-01 1 
65.250 2.642828e-01 4.834276e-01 1 
65.500 3.472640e-01 4.073917e-01 1 
65.750 4.683485e-01 3.302360e-01 1 
66.000 6.487759e-01 2.543773e-01 1 
66.250 9.215186e-01 1.826560e-01 2 
66.250 9.215186e-01 1.826560e-01 1 
66.500 1.358499e+00 1.182643e-01 0 
66.500 8.190334e-01 1.231687e-01 2 
66.500 8.190334e-01 1.231687e-01 1 
66.500 1.402916e-01 9.213037e-02 1 
66.750 1.262356e+00 6.917319e-02 0 
66.750 7.918083e-01 7.195529e-02 2 
66.750 7.918083e-01 7.195529e-02 1 
66.750 3.412589e-02 4.832302e-02 1 
67.000 1.400934e+00 3.043251e-02 0 
67.000 6.955811e-01 3.228895e-02 1 
67.000 9.664786e-01 1.702689e-02 2 
67.000 9.664786e-01 1.702689e-02 1 
67.250 2.590175e+00 6.452487e-03 0 
67.250 1.935908e-01 7.761022e-03 1 
67.250 4.807000e-01 2.919271e-03 1 
67.250 1.742350e+00 3.831999e-04 0 
67.250 7.678453e+00 5.461792e-04 0 
67.250 1.328381e+01 8.694964e-04 0 
67.250 5.107790e+00 1.162604e-03 0 
67.250 4.371029e-01 1.194267e-03 1 
67.250 1.058900e-01 1.186211e-03 1 
67.250 1.040742e-01 1.174921e-03 1 
67.250 1.151454e-01 1.153587e-03 1 
67.250 2.751532e-01 1.114215e-03 1 
67.250 4.749997e-01 1.053463e-03 1 
67.250 6.377825e-01 9.788944e-04 1 
67.250 7.569009e-01 8.999974e-04 2 
67.250 7.569009e-01 8.999974e-04 1 
67.250 8.125800e-01 8.229208e-04 2 
67.250 8.125800e-01 8.229208e-04 1 
67.250 8.791353e-01 7.506555e-04 2 
67.250 8.791353e-01 7.506555e-04 1 
67.250 8.874522e-01 6.851539e-04 2 
67.250 8.874522e-01 6.851539e-04 1 
67.250 8.957875e-01 6.261123e-04 2 
67.250 8.957875e-01 6.261123e-04 1 
67.250 9.235908e-01 5.733357e-04 2 
67.250 9.235908e-01 5.733357e-04 1 
67.250 8.787911e-01 5.264956e-04 2 
67.250 8.787911e-01 5.264956e-04 1 
67.250 8.504791e-01 4.845737e-04 2 
67.250 8.504791e-01 4.845737e-04 1 
67.250 8.909846e-01 4.463820e-04 2 
67.250 8.909846e-01 4.463820e-04 1 
67.250 8.668820e-01 4.120667e-04 2 
67.250 8.668820e-01 4.120667e-04 1 
67.250 8.424799e-01 3.809588e-04 2 
67.250 8.424799e-01 3.809588e-04 1 
67.250 8.844737e-01 3.526271e-04 2 
67.250 8.844737e-01 3.526271e-04 1 
67.250 8.889341e-01 3.267543e-04 2 
67.250 8.889341e-01 3.267543e-04 1 
67.250 8.701147e-01 3.034094e-04 2 
67.250 8.701147e-01 3.034094e-04 1 
67.250 8.562329e-01 2.823097e-04 2 
67.250 8.562329e-01 2.823097e-04 1 
67.250 8.237654e-01 2.631017e-04 2 
67.250 8.237654e-01 2.631017e-04 1 
67.250 8.521262e-01 2.452717e-04 2 
67.250 8.521262e-01 2.452717e-04 1 
67.250 8.272576e-01 2.290112e-04 2 
67.250 8.272576e-01 2.290112e-04 1 
67.250 8.050085e-01 2.139669e-04 2 
67.250 8.050085e-01 2.139669e-04 1 
67.250 8.596373e-01 1.998781e-04 2 
67.250 8.596373e-01 1.998781e-04 1 
67.250 8.531522e-01 1.869562e-04 2 
67.250 8.531522e-01 1.869562e-04 1 
67.250 8.381810e-01 1.750585e-04 2 
67.250 8.381810e-01 1.750585e-04 1 
67.250 8.581966e-01 1.640369e-04 2 
67.250 8.581966e-01 1.640369e-04 1 
67.250 8.504835e-01 1.539233e-04 2 
67.250 8.504835e-01 1.539233e-04 1 
67.250 7.843438e-01 1.446671e-04 2 
67.250 7.843438e-01 1.446671e-04 1 
67.250 7.910055e-01 1.359980e-04 2 
67.250 7.910055e-01 1.359980e-04 1 
67.250 8.228070e-01 1.278068e-04 2 
67.250 8.228070e-01 1.278068e-04 1 
67.250 8.233681e-01 1.201494e-04 2 
67.250 8.233681e-01 1.201494e-04 1 
67.250 8.491084e-01 1.129311e-04 2 
67.250 8.491084e-01 1.129311e-04 1 
67.250 8.136835e-01 1.063270e-04 2 
67.250 8.136835e-01 1.063270e-04 1 
67.250 7.840143e-01 1.001793e-04 2 
67.250 7.840143e-01 1.001793e-04 1 
67.250 8.339584e-01 9.433728e-05 2 
67.250 8.339584e-01 9.433728e-05 1 
67.250 8.243106e-01 8.890891e-05 2 
67.250 8.243106e-01 8.890891e-05 1 
67.250 8.339851e-01 8.381589e-05 2 
67.250 8.339851e-01 8.381589e-05 1 
67.250 7.635391e-01 7.915916e-05 2 
67.250 7.635391e-01 7.915916e-05 1 
67.250 8.325920e-01 7.468907e-05 2 
67.250 8.325920e-01 7.468907e-05 1 
67.250 8.124304e-01 7.050493e-05 2 
67.250 8.124304e-01 7.050493e-05 1 
67.250 7.648335e-01 6.665338e-05 2 
67.250 7.648335e-01 6.665338e-05 1 
67.250 8.351038e-01 6.290811e-05 2 
67.250 8.351038e-01 6.290811e-05 1 
67.250 8.030237e-01 5.946584e-05 2 
67.250 8.030237e-01 5.946584e-05 1 
67.250 7.839763e-01 5.617043e-05 2 
67.250 7.839763e-01 5.617043e-05 1 
67.250 7.335930e-01 5.315130e-05 2 
67.250 7.335930e-01 5.315130e-05 1 
67.250 7.979077e-01 5.017501e-05 2 
67.250 7.979077e-01 5.017501e-05 1 
67.250 7.987468e-01 4.736812e-05 2 
67.250 7.987468e-01 4.736812e-05 1 
67.250 7.786834e-01 4.468663e-05 2 
67.250 7.786834e-01 4.468663e-05 1 
67.250 8.086407e-01 4.216527e-05 2 
67.250 8.086407e-01 4.216527e-05 1 
67.250 7.958677e-01 3.979680e-05 2 
67.250 7.958677e-01 3.979680e-05 1 
67.250 8.241694e-01 3.753620e-05 2 
67.250 8.241694e-01 3.753620e-05 1 
67.250 7.584412e-01 3.545518e-05 2 
67.250 7.584412e-01 3.545518e-05 1 
67.250 7.776278e-01 3.347073e-05 2 
67.250 7.776278e-01 3.347073e-05 1 
67.250 7.565486e-01 3.157825e-05 2 
67.250 7.565486e-01 3.157825e-05 1 
67.250 7.829573e-01 2.977595e-05 2 
67.250 7.829573e-01 2.977595e-05 1 
67.250 7.563515e-01 2.806196e-05 2 
67.250 7.563515e-01 2.806196e-05 1 
67.250 8.379438e-01 2.639632e-05 2 
67.250 8.379438e-01 2.639632e-05 1 
67.250 7.593502e-01 2.487787e-05 2 
67.250 7.593502e-01 2.487787e-05 1 
67.250 7.234431e-01 2.343554e-05 1 
67.250 8.018669e-01 2.200607e-05 2 
67.250 8.018669e-01 2.200607e-05 1 
67.250 7.771412e-01 2.068009e-05 2 
67.250 7.771412e-01 2.068009e-05 1 
67.250 7.977685e-01 1.939425e-05 2 
67.250 7.977685e-01 1.939425e-05 1 
67.250 8.266191e-01 1.820356e-05 2 
67.250 8.266191e-01 1.820356e-05 1 
67.250 7.849741e-01 1.707816e-05 2 
67.250 7.849741e-01 1.707816e-05 1 
67.250 8.061538e-01 1.601442e-05 2 
67.250 8.061538e-01 1.601442e-05 1 
67.250 7.681481e-01 1.503290e-05 2 
67.250 7.681481e-01 1.503290e-05 1 
67.250 7.280648e-01 1.410659e-05 1 
67.250 7.516439e-01 1.321147e-05 2 
67.250 7.516439e-01 1.321147e-05 1 
67.250 7.765910e-01 1.234317e-05 2 
67.250 7.765910e-01 1.234317e-05 1 
67.250 8.045929e-01 1.152785e-05 2 
67.250 8.045929e-01 1.152785e-05 1 
67.250 8.202116e-01 1.073960e-05 2 
67.250 8.202116e-01 1.073960e-05 1 
67.250 7.120452e-01 1.003961e-05 1 
67.250 8.009853e-01 9.344242e-06 2 
67.250 8.009853e-01 9.344242e-06 1 
67.250 8.239440e-01 8.692799e-06 2 
67.250 8.239440e-01 8.692799e-06 1 
67.250 7.704642e-01 8.081828e-06 2 
67.250 7.704642e-01 8.081828e-06 1 
67.250 7.905701e-01 7.511402e-06 2 
67.250 7.905701e-01 7.511402e-06 1 
67.250 7.444909e-01 6.995230e-06 2 
67.250 7.444909e-01 6.995230e-06 1 
67.250 7.641520e-01 6.481639e-06 2 
67.250 7.641520e-01 6.481639e-06 1 
67.250 7.854473e-01 6.003390e-06 2 
67.250 7.854473e-01 6.003390e-06 1 
67.250 8.042023e-01 5.542905e-06 2 
67.250 8.042023e-01 5.542905e-06 1 
67.250 8.243698e-01 5.115342e-06 2 
67.250 8.243698e-01 5.115342e-06 1 
67.250 7.609473e-01 4.718911e-06 2 
67.250 7.609473e-01 4.718911e-06 1 
67.250 7.014089e-01 4.365823e-06 1 
67.250 8.118684e-01 3.999717e-06 2 
67.250 8.118684e-01 3.999717e-06 1 
67.250 7.543887e-01 3.674277e-06 2 
67.250 7.543887e-01 3.674277e-06 1 
67.250 8.539599e-01 3.350852e-06 2 
67.250 8.539599e-01 3.350852e-06 1 
67.250 7.759522e-01 3.065656e-06 2 
67.250 7.759522e-01 3.065656e-06 1 
67.250 7.222803e-01 2.813101e-06 1 
67.250 7.427878e-01 2.561852e-06 2 
67.250 7.427878e-01 2.561852e-06 1 
67.250 7.636802e-01 2.322718e-06 2 
67.250 7.636802e-01 2.322718e-06 1 
67.250 7.882506e-01 2.094607e-06 2 
67.250 7.882506e-01 2.094607e-06 1 
67.250 8.049625e-01 1.887772e-06 2 
67.250 8.049625e-01 1.887772e-06 1 
67.250 8.241295e-01 1.690756e-06 2 
67.250 8.241295e-01 1.690756e-06 1 
67.250 7.359777e-01 1.521017e-06 2 
67.250 7.359777e-01 1.521017e-06 1 
67.250 7.657652e-01 1.359977e-06 2 
67.250 7.657652e-01 1.359977e-06 1 
67.250 7.800401e-01 1.208208e-06 2 
67.250 7.800401e-01 1.208208e-06 1 
67.250 7.935956e-01 1.065169e-06 2 
67.250 7.935956e-01 1.065169e-06 1 
67.250 7.092579e-01 9.371300e-07 1 
67.250 7.304146e-01 8.177184e-07 2 
67.250 7.304146e-01 8.177184e-07 1 
67.250 7.482043e-01 7.064418e-07 2 
67.250 7.482043e-01 7.064418e-07 1 
67.250 7.763883e-01 6.027446e-07 2 
67.250 7.763883e-01 6.027446e-07 1 
67.250 8.820021e-01 5.077836e-07 2 
67.250 8.820021e-01 5.077836e-07 1 
67.250 7.577113e-01 4.249891e-07 2 
67.250 7.577113e-01 4.249891e-07 1 
67.250 7.688197e-01 3.530909e-07 2 
67.250 7.688197e-01 3.530909e-07 1 
67.250 7.630020e-01 2.881067e-07 2 
67.250 7.630020e-01 2.881067e-07 1 
67.250 6.517721e-01 2.328212e-07 1 
67.250 7.500346e-01 1.806731e-07 2 
67.250 7.500346e-01 1.806731e-07 1 
67.250 7.131727e-01 1.327721e-07 1 
67.250 6.911128e-01 9.603828e-08 1 
67.250 5.489904e-01 6.366657e-08 1 
67.250 5.757125e-01 3.672774e-08 1 
67.250 5.594369e-01 1.474538e-08 1 
67.250 3.110810e-01 2.610911e-09 1 
67.250 2.507920e-04 1.008021e-11 1 
67.500 2.533407e-02 0.000000e+00 1 
67.500 4.364559e-02 0.000000e+00 1 
67.500 5.955092e-03 0.000000e+00 1 
67.500 5.485558e-03 0.000000e+00 1 
67.500 3.590143e-01 0.000000e+00 1 
67.500 5.997853e-01 0.000000e+00 1 
67.500 6.866547e-01 0.000000e+00 1 
67.500 6.688492e-01 0.000000e+00 1 
67.750 7.146098e-01 0.000000e+00 1 
67.750 7.226541e-01 0.000000e+00 1 
67.750 7.217782e-01 0.000000e+00 1 
67.750 3.874318e-01 0.000000e+00 1 
68.000 6.838731e-01 0.000000e+00 1 
68.000 6.268100e-01 0.000000e+00 1 
68.000 5.013703e-01 0.000000e+00 1 
68.000 8.276553e-02 0.000000e+00 1 
68.250 1.951044e-01 0.000000e+00 1 
68.250 1.239327e-01 0.000000e+00 1 
68.250 1.380865e-03 0.000000e+00 1 
68.500 1.403024e-02 0.000000e+00 1 
68.500 8.372344e-06 0.000000e+00 1 
68.750 6.796948e-04 0.000000e+00 1 
69.000 5.262190e-05 0.000000e+00 1 
69.250 4.073560e-06 0.000000e+00 1 
69.500 3.153412e-07 0.000000e+00 1 
69.750 2.441112e-08 0.000000e+00 1 
70.000 1.889699e-09 0.000000e+00 1 
70.250 1.462847e-10 0.000000e+00 1 
70.500 1.132412e-11 0.000000e+00 1 
70.750 8.766162e-13 0.000000e+00 1 
71.000 6.786020e-14 0.000000e+00 1 
71.250 5.253165e-15 0.000000e+00 1 
71.500 4.066553e-16 0.000000e+00 1 
71.750 3.147970e-17 0.000000e+00 1 
72.000 2.436892e-18 0.000000e+00 1 
72.250 1.886436e-19 0.000000e+00 1 
72.500 1.460321e-20 0.000000e+00 1 
72.750 1.130480e-21 0.000000e+00 1 
73.000 8.370479e-23 0.000000e+00 1 
73.250 0.000000e+00 0.000000e+00 1 
73.500 0.000000e+00 0.000000e+00 1 
73.750 0.000000e+00 0.000000e+00 1 
74.000 0.000000e+00 0.000000e+00 1 
74.250 0.000000e+00 0.000000e+00 1 
74.500 0.000000e+00 0.000000e+00 1 
74.750 0.000000e+00 0.000000e+00 1 
75.000 0.000000e+00 0.000000e+00 1 
75.250 0.000000e+00 0.000000e+00 1 
75.500 0.000000e+00 0.000000e+00 1 
75.750 0.000000e+00 0.000000e+00 1 
76.000 0.000000e+00 0.000000e+00 1 
76.250 0.000000e+00 0.000000e+00 1 
76.500 2.577494e+01 2.051935e-03 0 
76.500 1.104632e+01 1.925651e-04 0 
76.500 1.346471e+02 3.154208e-05 0 
76.500 6.694643e+01 3.162777e-07 0 
76.500 2.878994e+01 2.950198e-09 0 
76.500 1.041820e+00 3.936784e-11 0 
76.500 1.110283e-02 1.887379e-15 1 
76.500 1.110071e-02 1.887379e-15 1 
76.500 1.773231e-01 1.008021e-11 1 
76.500 4.463481e-01 3.936784e-11 1 
76.500 6.090513e-01 2.537755e-10 1 
76.500 6.798900e-01 6.546580e-10 1 
76.500 7.060658e-01 1.233627e-09 1 
76.500 7.161197e-01 2.292343e-09 1 
76.500 7.206365e-01 3.296501e-09 1 
76.500 7.173576e-01 4.923908e-09 1 
76.500 7.283090e-01 6.391319e-09 1 
76.500 7.276461e-01 8.007111e-09 1 
76.500 7.275867e-01 1.045258e-08 1 
76.500 7.285605e-01 1.249356e-08 1 
76.500 7.293849e-01 1.553742e-08 2 
76.500 7.293849e-01 1.553742e-08 1 
76.500 7.305380e-01 1.800587e-08 2 
76.500 7.305380e-01 1.800587e-08 1 
76.500 7.184751e-01 2.159176e-08 1 
76.500 7.405014e-01 2.448539e-08 2 
76.500 7.405014e-01 2.448539e-08 1 
76.500 7.364179e-01 2.756092e-08 2 
76.500 7.364179e-01 2.756092e-08 1 
76.500 7.346522e-01 3.204409e-08 2 
76.500 7.346522e-01 3.204409e-08 1 
76.500 7.354605e-01 3.554936e-08 2 
76.500 7.354605e-01 3.554936e-08 1 
76.500 7.184728e-01 4.052200e-08 1 
76.500 7.498825e-01 4.445246e-08 2 
76.500 7.498825e-01 4.445246e-08 1 
76.500 7.436339e-01 4.861737e-08 2 
76.500 7.436339e-01 4.861737e-08 1 
76.500 7.407017e-01 5.440504e-08 2 
76.500 7.407017e-01 5.440504e-08 1 
76.500 7.408100e-01 5.894485e-08 2 
76.500 7.408100e-01 5.894485e-08 1 
76.500 7.237635e-01 6.530120e-08 1 
76.500 7.175938e-01 7.039267e-08 1 
76.500 7.175079e-01 7.554412e-08 1 
76.500 7.151713e-01 8.271854e-08 1 
76.500 7.144710e-01 8.829517e-08 1 
76.500 7.136541e-01 9.603828e-08 1 
76.500 7.141255e-01 1.021163e-07 1 
76.500 6.842377e-01 1.104311e-07 1 
76.500 7.313389e-01 1.168604e-07 2 
76.500 7.313389e-01 1.168604e-07 1 
76.500 7.182112e-01 1.234716e-07 1 
76.500 7.121473e-01 1.327721e-07 1 
76.500 7.110928e-01 1.398130e-07 1 
76.500 6.785266e-01 1.495146e-07 1 
76.500 7.313337e-01 1.569807e-07 2 
76.500 7.313337e-01 1.569807e-07 1 
76.500 7.172838e-01 1.646288e-07 1 
76.500 7.126035e-01 1.752421e-07 1 
76.500 7.101867e-01 1.833176e-07 1 
76.500 7.089434e-01 1.944029e-07 1 
76.500 7.084925e-01 2.029036e-07 1 
76.500 7.074913e-01 2.118055e-07 1 
76.500 7.072632e-01 2.237089e-07 1 
76.500 6.704086e-01 2.359376e-07 1 
76.500 6.951788e-01 2.483730e-07 1 
76.500 6.999316e-01 2.614933e-07 1 
76.500 7.033426e-01 2.779598e-07 1 
76.500 6.645617e-01 2.949291e-07 1 
76.500 7.267461e-01 3.090786e-07 1 
76.500 6.700073e-01 3.270953e-07 1 
76.500 7.304528e-01 3.418482e-07 2 
76.500 7.304528e-01 3.418482e-07 1 
76.500 6.668663e-01 3.609259e-07 1 
76.500 7.331828e-01 3.764147e-07 2 
76.500 7.331828e-01 3.764147e-07 1 
76.500 7.117760e-01 3.961208e-07 1 
76.500 7.039878e-01 4.123395e-07 1 
76.500 7.010822e-01 4.332666e-07 1 
76.500 7.005680e-01 4.502213e-07 1 
76.500 7.000558e-01 4.717494e-07 1 
76.500 6.531972e-01 4.942830e-07 1 
76.500 7.326944e-01 5.122105e-07 2 
76.500 7.326944e-01 5.122105e-07 1 
76.500 6.661120e-01 5.353305e-07 1 
76.500 7.307065e-01 5.543360e-07 2 
76.500 7.307065e-01 5.543360e-07 1 
76.500 7.121000e-01 5.831017e-07 1 
76.500 6.578916e-01 6.127815e-07 1 
76.500 7.288829e-01 6.382362e-07 1 
76.500 7.085948e-01 6.690755e-07 1 
76.500 6.551884e-01 7.006424e-07 1 
76.500 7.298285e-01 7.278429e-07 2 
76.500 7.298285e-01 7.278429e-07 1 
76.500 7.051792e-01 7.609592e-07 1 
76.500 6.533894e-01 7.948123e-07 1 
76.500 7.298884e-01 8.235499e-07 2 
76.500 7.298884e-01 8.235499e-07 1 
76.500 7.087636e-01 8.585319e-07 1 
76.500 7.004771e-01 8.944670e-07 1 
76.500 6.514986e-01 9.309088e-07 1 
76.500 7.287877e-01 9.619886e-07 1 
76.500 7.083709e-01 1.006453e-06 1 
76.500 6.997179e-01 1.051678e-06 1 
76.500 6.501089e-01 1.098397e-06 1 
76.500 6.334147e-01 1.152264e-06 1 
76.500 7.234408e-01 1.194097e-06 1 
76.500 7.023587e-01 1.243314e-06 1 
76.500 6.946022e-01 1.294066e-06 1 
76.500 6.943638e-01 1.345281e-06 1 
76.500 6.466759e-01 1.397771e-06 1 
76.500 6.824090e-01 1.450979e-06 1 
76.500 6.886110e-01 1.513088e-06 1 
76.500 6.937482e-01 1.576500e-06 1 
76.500 7.419087e-01 1.633281e-06 2 
76.500 7.419087e-01 1.633281e-06 1 
76.500 7.105787e-01 1.699137e-06 1 
76.500 6.995978e-01 1.766612e-06 1 
76.500 6.963967e-01 1.835077e-06 1 
76.500 6.954360e-01 1.905173e-06 1 
76.500 6.953224e-01 1.976248e-06 1 
76.500 6.954384e-01 2.048966e-06 1 
76.500 6.952445e-01 2.131343e-06 1 
76.500 6.947849e-01 2.216408e-06 1 
76.500 6.441561e-01 2.312917e-06 1 
76.500 6.337364e-01 2.410743e-06 1 
76.500 6.750033e-01 2.501159e-06 1 
76.500 7.337043e-01 2.603616e-06 2 
76.500 7.337043e-01 2.603616e-06 1 
76.500 7.078023e-01 2.706953e-06 1 
76.500 6.496905e-01 2.823908e-06 1 
76.500 6.779026e-01 2.932711e-06 1 
76.500 7.404204e-01 3.042739e-06 2 
76.500 7.404204e-01 3.042739e-06 1 
76.500 6.572683e-01 3.178127e-06 1 
76.500 6.852630e-01 3.304316e-06 1 
76.500 7.342365e-01 3.433845e-06 2 
76.500 7.342365e-01 3.433845e-06 1 
76.500 6.613390e-01 3.576677e-06 1 
76.500 6.355358e-01 3.723340e-06 1 
76.500 6.794941e-01 3.872481e-06 1 
76.500 6.858849e-01 4.025028e-06 1 
76.500 6.883208e-01 4.193695e-06 1 
76.500 6.921391e-01 4.352383e-06 1 
76.500 6.956905e-01 4.539889e-06 1 
76.500 7.411991e-01 4.718911e-06 2 
76.500 7.411991e-01 4.718911e-06 1 
76.500 6.596619e-01 4.915128e-06 1 
76.500 6.838780e-01 5.115342e-06 1 
76.500 7.380575e-01 5.305265e-06 2 
76.500 7.380575e-01 5.305265e-06 1 
76.500 6.582205e-01 5.528321e-06 1 
76.500 6.370057e-01 5.755398e-06 1 
76.500 6.796494e-01 5.987627e-06 1 
76.500 6.911594e-01 6.239926e-06 1 
76.500 6.901816e-01 6.498038e-06 1 
76.500 6.938014e-01 6.760761e-06 1 
76.500 7.405443e-01 7.012266e-06 2 
76.500 7.405443e-01 7.012266e-06 1 
76.500 6.602385e-01 7.319877e-06 1 
76.500 6.333387e-01 7.634749e-06 1 
76.500 6.813529e-01 7.937432e-06 1 
76.500 6.885861e-01 8.264496e-06 1 
76.500 6.957535e-01 8.598162e-06 1 
76.500 6.929561e-01 8.938430e-06 1 
76.500 6.898096e-01 9.325303e-06 1 
76.500 6.479977e-01 9.718141e-06 1 
76.500 6.378345e-01 1.012060e-05 1 
76.500 7.303951e-01 1.053123e-05 2 
76.500 7.303951e-01 1.053123e-05 1 
76.500 7.032291e-01 1.099187e-05 1 
76.500 6.917583e-01 1.144220e-05 1 
76.500 6.935534e-01 1.192133e-05 1 
76.500 6.019036e-01 1.243380e-05 1 
76.500 7.251507e-01 1.293390e-05 1 
76.500 7.006042e-01 1.349111e-05 1 
76.500 6.987841e-01 1.405917e-05 1 
76.500 6.917345e-01 1.463986e-05 1 
76.500 6.478799e-01 1.528259e-05 1 
76.500 6.889514e-01 1.591154e-05 1 
76.500 6.904387e-01 1.658131e-05 1 
76.500 6.495098e-01 1.729065e-05 1 
76.500 6.894680e-01 1.804117e-05 1 
76.500 6.473414e-01 1.883659e-05 1 
76.500 6.892961e-01 1.961854e-05 1 
76.500 6.484041e-01 2.050590e-05 1 
76.500 7.319573e-01 2.138311e-05 2 
76.500 7.319573e-01 2.138311e-05 1 
76.500 7.038423e-01 2.233724e-05 1 
76.500 6.512017e-01 2.331220e-05 1 
76.500 6.418040e-01 2.434091e-05 1 
76.500 6.922545e-01 2.538943e-05 1 
76.500 6.944368e-01 2.649440e-05 1 
76.500 6.534935e-01 2.772450e-05 1 
76.500 6.888426e-01 2.891196e-05 1 
76.500 6.966510e-01 3.016228e-05 1 
76.500 6.535856e-01 3.154208e-05 1 
76.500 6.460797e-01 3.291991e-05 1 
76.500 6.497712e-01 3.443762e-05 1 
76.500 7.382547e-01 3.595093e-05 2 
76.500 7.382547e-01 3.595093e-05 1 
76.500 7.070535e-01 3.765315e-05 1 
76.500 6.932114e-01 3.931547e-05 1 
76.500 6.561985e-01 4.109465e-05 1 
76.500 6.887498e-01 4.287261e-05 1 
76.500 6.616675e-01 4.485732e-05 1 
76.500 6.523956e-01 4.688694e-05 1 
76.500 6.537440e-01 4.904991e-05 1 
76.500 6.503223e-01 5.131117e-05 1 
76.500 6.993715e-01 5.366528e-05 1 
76.500 6.617883e-01 5.626696e-05 1 
76.500 6.970756e-01 5.882777e-05 1 
76.500 6.604897e-01 6.164942e-05 1 
76.500 6.960504e-01 6.453526e-05 1 
76.500 6.605946e-01 6.759290e-05 1 
76.500 6.583266e-01 7.077344e-05 1 
76.500 6.613159e-01 7.413790e-05 1 
76.500 6.639341e-01 7.774436e-05 1 
76.500 6.618556e-01 8.155914e-05 1 
76.500 6.628411e-01 8.557552e-05 1 
76.500 6.643221e-01 8.981264e-05 1 
76.500 6.628928e-01 9.421459e-05 1 
76.500 7.072510e-01 9.884507e-05 1 
76.500 6.710505e-01 1.039120e-04 1 
76.500 6.565367e-01 1.090383e-04 1 
76.500 6.685646e-01 1.144946e-04 1 
76.500 6.727679e-01 1.202880e-04 1 
76.500 6.671256e-01 1.263716e-04 1 
76.500 7.074871e-01 1.327481e-04 1 
76.500 6.719483e-01 1.395095e-04 1 
76.500 6.294258e-01 1.465918e-04 1 
76.500 6.416404e-01 1.540032e-04 1 
76.500 6.824742e-01 1.619248e-04 1 
76.500 6.467303e-01 1.704587e-04 1 
76.500 6.396126e-01 1.794639e-04 1 
76.500 6.529342e-01 1.890482e-04 1 
76.500 6.858251e-01 1.992450e-04 1 
76.500 6.495361e-01 2.101655e-04 1 
76.500 6.761423e-01 2.215653e-04 1 
76.500 6.565608e-01 2.337543e-04 1 
76.500 6.493641e-01 2.466625e-04 1 
76.500 6.589839e-01 2.603250e-04 1 
76.500 6.306533e-01 2.748891e-04 1 
76.500 6.651449e-01 2.904909e-04 1 
76.500 6.694790e-01 3.071914e-04 1 
76.500 6.618177e-01 3.249169e-04 1 
76.500 6.324544e-01 3.437401e-04 1 
76.500 6.418290e-01 3.636885e-04 1 
76.500 6.591755e-01 3.851950e-04 1 
76.500 6.464159e-01 4.082048e-04 1 
76.500 6.520090e-01 4.328036e-04 1 
76.500 6.291667e-01 4.592143e-04 1 
76.500 6.088178e-01 4.875060e-04 1 
76.500 6.354019e-01 5.182369e-04 1 
76.500 6.612828e-01 5.516799e-04 1 
76.500 6.417696e-01 5.876981e-04 1 
76.500 6.439150e-01 6.262673e-04 1 
76.500 6.352957e-01 6.676863e-04 1 
76.500 6.153021e-01 7.124521e-04 1 
76.500 6.350733e-01 7.609291e-04 1 
76.500 6.417738e-01 8.136901e-04 1 
76.500 6.291508e-01 8.708111e-04 1 
76.500 6.238281e-01 9.325512e-04 1 
76.500 6.400226e-01 9.997764e-04 1 
76.500 6.347969e-01 1.073043e-03 1 
76.500 5.960065e-01 1.152503e-03 1 
76.500 5.968425e-01 1.239221e-03 1 
76.500 6.151276e-01 1.335247e-03 1 
76.500 6.022227e-01 1.441518e-03 1 
76.500 6.155697e-01 1.558513e-03 1 
76.500 6.353464e-01 1.687758e-03 1 
76.500 5.892068e-01 1.829888e-03 1 
76.500 5.856343e-01 1.985779e-03 1 
76.500 5.954838e-01 2.160774e-03 1 
76.500 5.742528e-01 2.356739e-03 1 
76.500 5.742710e-01 2.576334e-03 1 
76.500 5.856047e-01 2.824808e-03 1 
76.500 5.750976e-01 3.106446e-03 1 
76.500 5.541943e-01 3.424572e-03 1 
76.500 5.439223e-01 3.787791e-03 1 
76.500 5.334039e-01 4.207627e-03 1 
76.500 5.316043e-01 4.696726e-03 1 
76.500 5.324195e-01 5.270491e-03 1 
76.500 5.256560e-01 5.944602e-03 1 
76.500 5.074994e-01 6.742183e-03 1 
76.500 4.920346e-01 7.693027e-03 1 
76.500 4.806207e-01 8.843958e-03 1 
76.500 3.930106e-01 1.000381e-02 1 
76.750 3.658710e-01 1.127407e-02 1 
76.750 3.996442e-01 1.317963e-02 1 
76.750 3.785324e-01 1.573728e-02 1 
76.750 3.398851e-01 1.918184e-02 1 
76.750 2.684264e-01 2.399668e-02 1 
76.750 1.319673e-01 3.122773e-02 1 
76.750 2.880359e-01 3.822707e-02 1 
77.000 3.693209e-01 4.865251e-02 1 
77.000 2.907506e-01 7.120129e-02 1 
77.250 3.328435e-01 1.004790e-01 1 
77.250 8.644033e-02 1.306585e-01 1 
77.500 5.079640e-01 1.670440e-01 1 
77.500 8.602595e-02 2.038054e-01 1 
77.750 5.276595e-01 2.405022e-01 1 
77.750 5.777856e-02 2.812778e-01 1 
78.000 5.297064e-01 3.190965e-01 1 
78.000 2.400570e-02 3.621883e-01 1 
78.250 4.722129e-01 3.975138e-01 1 
78.500 3.902242e-01 4.738125e-01 1 
78.750 3.181742e-01 5.472575e-01 1 
79.000 2.604133e-01 6.162904e-01 1 
79.250 2.146381e-01 6.797924e-01 1 
79.500 1.810621e-01 7.370469e-01 1 
79.750 1.553680e-01 7.876882e-01 1 
80.000 1.345397e-01 8.316475e-01 1 
80.250 1.185438e-01 8.690940e-01 1 
80.500 1.042930e-01 9.003810e-01 1 
80.750 9.160081e-02 9.259942e-01 1 
81.000 7.947784e-02 9.465061e-01 1 
81.250 6.754541e-02 9.625382e-01 1 
81.500 5.683615e-02 9.747279e-01 1 
81.750 4.666569e-02 9.837028e-01 1 
82.000 3.707068e-02 9.900610e-01 1 
82.250 2.855056e-02 9.943553e-01 1 
82.500 2.106792e-02 9.970831e-01 1 
82.750 1.459964e-02 9.986787e-01 1 
83.000 9.317467e-03 9.995086e-01 1 
83.250 5.230186e-03 9.998683e-01 1 
83.500 2.318362e-03 9.999818e-01 1 
83.750 5.925898e-04 9.999997e-01 1 
84.000 1.286731e-04 9.999999e-01 1 
