    0.45635465374097E-01
    0.61656427426812E+12
    0.15901441049913E+12
    0.35948093332558E-03
    0.87933027317594E+00
    0.47481200935794E+08
    0.10226819100483E-33
    0.69915145176350E+07
    0.46767202474157E+09
    0.10759096789498E+10
    0.22566476282738E-04
    0.12915704011346E+13
    0.36950053008084E+02
    0.91292229312475E-01
    0.45225248497969E-03
    0.53084839592757E+13
    0.10982795192578E-03
    0.34802970771556E+09
    0.43623130841526E-01
    0.48891120609323E+10
    0.28373851542843E+11
    0.87456654722883-173
    0.26161651028947E-47
    0.10457739961662E+09
    0.26341737607356E+13
    0.21086084749304E+11
    0.30187208468274E+08
    0.84944691758530E+09
    0.14058240918226E+05
    0.30300396963281E+08
    0.35959657674078E+10
    0.31309969668687E+08
