  12.0   6.6240000000000000e+08   5.3259999641600000e+11   8.7249996800000000e+08   2.2400000000000000e+08   1.6969999902048256e+16 
  12.2   2.5066275200000000e+08   5.3981924556800000e+11   9.0616192000000000e+08   1.9033796800000000e+08   1.6969999902048256e+16 
  12.5   2.5369486400000000e+08   5.4657161625600000e+11   9.0452166400000000e+08   1.9197827200000000e+08   1.6969999902048256e+16 
  12.8   2.5666692800000000e+08   5.5329226752000000e+11   9.0287846400000000e+08   1.9362142400000000e+08   1.6969999902048256e+16 
  13.0   2.5953235200000000e+08   5.5997621862400000e+11   9.0120076800000000e+08   1.9529913600000000e+08   1.6969999902048256e+16 
  13.2   2.6220988800000000e+08   5.6661278720000000e+11   8.9945504000000000e+08   1.9704488000000000e+08   1.6969999902048256e+16 
  13.5   2.6459401600000000e+08   5.7318408192000000e+11   8.9758400000000000e+08   1.9891588800000000e+08   1.6969999902048256e+16 
  13.8   2.6655996800000000e+08   5.7966519910400000e+11   8.9552665600000000e+08   2.0097328000000000e+08   1.6969999902048256e+16 
  14.0   2.6794848000000000e+08   5.8602120806400000e+11   8.9320544000000000e+08   2.0329446400000000e+08   1.6969999902048256e+16 
  14.2   2.6857065600000000e+08   5.9220702003200000e+11   8.9052793600000000e+08   2.0597196800000000e+08   1.6969999902048256e+16 
  14.5   2.6823387200000000e+08   5.9816824012800000e+11   8.8738656000000000e+08   2.0911332800000000e+08   1.6969999902048256e+16 
  14.8   2.6670726400000000e+08   6.0384051200000000e+11   8.8365376000000000e+08   2.1284612800000000e+08   1.6969999902048256e+16 
  15.0   2.6376264000000000e+08   6.0915207372800000e+11   8.7917516800000000e+08   2.1732465600000000e+08   1.6969999902048256e+16 
  15.2   2.5917115200000000e+08   6.1402749337600000e+11   8.7376793600000000e+08   2.2273185600000000e+08   1.6969999902048256e+16 
  15.5   2.5271467200000000e+08   6.1839133900800000e+11   8.6720352000000000e+08   2.2929627200000000e+08   1.6969999902048256e+16 
  15.8   2.4421316800000000e+08   6.2217538764800000e+11   8.5920249600000000e+08   2.3729724800000000e+08   1.6969999902048256e+16 
  16.0   2.3353849600000000e+08   6.2532485120000000e+11   8.4940864000000000e+08   2.4709112000000000e+08   1.6969999902048256e+16 
  16.2   2.2061865600000000e+08   6.2780565094400000e+11   8.3736614400000000e+08   2.5913358400000000e+08   1.6969999902048256e+16 
  16.5   2.0548118400000000e+08   6.2961077452800000e+11   8.2248672000000000e+08   2.7401299200000000e+08   1.6969999902048256e+16 
  16.8   1.8823939200000000e+08   6.3076558438400000e+11   8.0399296000000000e+08   2.9250675200000000e+08   1.6969999902048256e+16 
  17.0   1.6912488000000000e+08   6.3132807987200000e+11   7.8086310400000000e+08   3.1563654400000000e+08   1.6969999902048256e+16 
  17.2   1.4847867200000000e+08   6.3138732441600000e+11   7.5173414400000000e+08   3.4476550400000000e+08   1.6969999902048256e+16 
  17.5   1.2674875200000000e+08   6.3105466368000000e+11   7.1479955200000000e+08   3.8170012800000000e+08   1.6969999902048256e+16 
  17.8   1.0449971200000000e+08   6.3045428838400000e+11   6.6769728000000000e+08   4.2880236800000000e+08   1.6969999902048256e+16 
  18.0   8.2388592000000000e+07   6.2970947174400000e+11   6.0745388800000000e+08   4.8904576000000000e+08   1.6969999902048256e+16 
  18.2   6.1173320000000000e+07   6.2893090406400000e+11   5.3066208000000000e+08   5.6583756800000000e+08   1.6969999902048256e+16 
  18.5   4.1695372000000000e+07   6.2820902502400000e+11   4.3431372800000000e+08   6.6218598400000000e+08   1.6969999902048256e+16 
  18.8   2.4872648000000000e+07   6.2761074688000000e+11   3.1815388800000000e+08   7.7834585600000000e+08   1.6969999902048256e+16 
  19.0   1.1659592000000000e+07   6.2717971660800000e+11   1.9083846400000000e+08   9.0566137600000000e+08   1.6969999902048256e+16 
  19.2   3.0477537500000000e+06   6.2693231820800000e+11   7.4242904000000000e+07   1.0222569600000000e+09   1.6969999902048256e+16 
  19.5   3.9590320587158203e+00   6.2684620390400000e+11   7.8397390000000000e+06   1.0886599680000000e+09   1.6969999902048256e+16 
  19.8  -9.1679615288331462e-13   6.2683853619200000e+11   2.4660065625000000e+05   1.0962530560000000e+09   1.6969999902048256e+16 
  20.0  -8.2671346553326262e-21   6.2683833958400000e+11   7.6203085937500000e+03   1.0964920320000000e+09   1.6969999902048256e+16 
  20.2  -1.2928129752377436e-29   6.2683833958400000e+11   2.3501187133789062e+02   1.0964992000000000e+09   1.6969999902048256e+16 
  20.5   3.3587917303559583e-30   6.2683833958400000e+11   7.0343217849731445e+00   1.0964993280000000e+09   1.6969999902048256e+16 
  20.8   2.9554083366113976e-30   6.2683833958400000e+11   1.5890169143676758e-01   1.0964993280000000e+09   1.6969999902048256e+16 
  21.0   2.6062536005753552e-30   6.2683833958400000e+11  -1.2620398774743080e-04   1.0964993280000000e+09   1.6969999902048256e+16 
  21.2   2.4450602231567004e-30   6.2683833958400000e+11   5.9439917095005512e-06   1.0964993280000000e+09   1.6969999902048256e+16 
  21.5   2.2930437890755931e-30   6.2683833958400000e+11  -2.7995110940537415e-07   1.0964993280000000e+09   1.6969999902048256e+16 
  21.8   2.1496833192357489e-30   6.2683833958400000e+11   1.3185136538140796e-08   1.0964993280000000e+09   1.6969999902048256e+16 
  22.0   2.0187494233564134e-30   6.2683833958400000e+11  -6.2099392295067446e-10   1.0964993280000000e+09   1.6969999902048256e+16 
  22.2   1.8952753086669442e-30   6.2683833958400000e+11   2.9247632093998277e-11   1.0964993280000000e+09   1.6969999902048256e+16 
  22.5   1.7788321548281613e-30   6.2683833958400000e+11  -1.3775100851654010e-12   1.0964993280000000e+09   1.6969999902048256e+16 
  22.8   1.6690138990715167e-30   6.2683833958400000e+11   6.4878007480229094e-14   1.0964993280000000e+09   1.6969999902048256e+16 
  23.0   1.5654510600126599e-30   6.2683833958400000e+11  -3.0556408640337873e-15   1.0964993280000000e+09   1.6969999902048256e+16 
  23.2   1.4677829019452106e-30   6.2683833958400000e+11   1.4391470938676827e-16   1.0964993280000000e+09   1.6969999902048256e+16 
  23.5   1.3756773712249485e-30   6.2683833958400000e+11  -6.7780899928269198e-18   1.0964993280000000e+09   1.6969999902048256e+16 
  23.8   1.2888176486144400e-30   6.2683833958400000e+11   3.1923484777835566e-19   1.0964993280000000e+09   1.6969999902048256e+16 
  24.0   1.2111701341720036e-30   6.2683833958400000e+11  -1.5035338876949606e-20   1.0964993280000000e+09   1.6969999902048256e+16 
  24.2   1.1379413500140823e-30   6.2683833958400000e+11   7.0813486290179865e-22   1.0964993280000000e+09   1.6969999902048256e+16 
  24.5   1.0688833138524264e-30   6.2683833958400000e+11  -3.3351802138844993e-23   1.0964993280000000e+09   1.6969999902048256e+16 
  24.8   1.0037553784835358e-30   6.2683833958400000e+11   1.5708129666340980e-24   1.0964993280000000e+09   1.6969999902048256e+16 
  25.0   9.4233833772086908e-31   6.2683833958400000e+11  -7.3979424995433063e-26   1.0964993280000000e+09   1.6969999902048256e+16 
  25.2   8.8441420789200972e-31   6.2683833958400000e+11   3.4872274242635251e-27   1.0964993280000000e+09   1.6969999902048256e+16 
  25.5   8.2978766885562509e-31   6.2683833958400000e+11  -1.6148633694195315e-28   1.0964993280000000e+09   1.6969999902048256e+16 
  25.8   7.7827694216530406e-31   6.2683833958400000e+11   1.0189541630893854e-29   1.0964993280000000e+09   1.6969999902048256e+16 
  26.0   7.2969526527858797e-31   6.2683833958400000e+11   1.9438027247344263e-30   1.0964993280000000e+09   1.6969999902048256e+16 
  26.2   6.8388258288466886e-31   6.2683833958400000e+11   2.1792546193623228e-30   1.0964993280000000e+09   1.6969999902048256e+16 
  26.5   6.4067564232810453e-31   6.2683833958400000e+11   2.0260794299699489e-30   1.0964993280000000e+09   1.6969999902048256e+16 
  26.8   5.9993051608058030e-31   6.2683833958400000e+11   1.8983921554480365e-30   1.0964993280000000e+09   1.6969999902048256e+16 
  27.0   5.6150322959400746e-31   6.2683833958400000e+11   1.7766878650531653e-30   1.0964993280000000e+09   1.6969999902048256e+16 
  27.2   5.2526598312256461e-31   6.2683833958400000e+11   1.6618388696331936e-30   1.0964993280000000e+09   1.6969999902048256e+16 
  27.5   4.9109210539500713e-31   6.2683833958400000e+11   1.5545957928607824e-30   1.0964993280000000e+09   1.6969999902048256e+16 
  27.8   4.5886127280958486e-31   6.2683833958400000e+11   1.4537127047636082e-30   1.0964993280000000e+09   1.6969999902048256e+16 
  28.0   4.2846712663743540e-31   6.2683833958400000e+11   1.3576142548324729e-30   1.0964993280000000e+09   1.6969999902048256e+16 
  28.2   4.0406927118837850e-31   6.2683833958400000e+11   1.2744884665174644e-30   1.0964993280000000e+09   1.6969999902048256e+16 
  28.5   3.8106451760436810e-31   6.2683833958400000e+11   1.2023229875295228e-30   1.0964993280000000e+09   1.6969999902048256e+16 
  28.8   3.0578575000000000e+06   6.2683997798400000e+11   2.7961692000000000e+07   1.0685368320000000e+09   1.6969999902048256e+16 
  29.0   1.1642181000000000e+07   6.2678401024000000e+11   1.2775806400000000e+08   9.6874048000000000e+08   1.6969999902048256e+16 
  29.2   2.4845504000000000e+07   6.2656800358400000e+11   2.6267403200000000e+08   8.3382457600000000e+08   1.6969999902048256e+16 
  29.5   4.1600228000000000e+07   6.2615322624000000e+11   3.9347174400000000e+08   7.0302681600000000e+08   1.6969999902048256e+16 
  29.8   6.0900204000000000e+07   6.2556864512000000e+11   5.0318233600000000e+08   5.9331622400000000e+08   1.6969999902048256e+16 
  30.0   8.1824784000000000e+07   6.2488687411200000e+11   5.8955372800000000e+08   5.0694480000000000e+08   1.6969999902048256e+16 
  30.2   1.0360977600000000e+08   6.2420995276800000e+11   6.5607904000000000e+08   4.4041952000000000e+08   1.6969999902048256e+16 
  30.5   1.2539424000000000e+08   6.2365964697600000e+11   7.0765510400000000e+08   3.8884342400000000e+08   1.6969999902048256e+16 
  30.8   1.4670833600000000e+08   6.2336565248000000e+11   7.4746067200000000e+08   3.4903785600000000e+08   1.6969999902048256e+16 
  31.0   1.6711993600000000e+08   6.2345537126400000e+11   7.7832454400000000e+08   3.1817401600000000e+08   1.6969999902048256e+16 
  31.2   1.8632236800000000e+08   6.2404132864000000e+11   8.0234016000000000e+08   2.9415840000000000e+08   1.6969999902048256e+16 
  31.5   2.0411196800000000e+08   6.2521016320000000e+11   8.2105632000000000e+08   2.7544224000000000e+08   1.6969999902048256e+16 
  31.8   2.2037796800000000e+08   6.2701659750400000e+11   8.3562540800000000e+08   2.6087310400000000e+08   1.6969999902048256e+16 
  32.0   2.3507878400000000e+08   6.2948062003200000e+11   8.4691270400000000e+08   2.4958579200000000e+08   1.6969999902048256e+16 
  32.2   2.4822507200000000e+08   6.3258977894400000e+11   8.5557568000000000e+08   2.4092281600000000e+08   1.6969999902048256e+16 
  32.5   2.5987064000000000e+08   6.3630370406400000e+11   8.6212563200000000e+08   2.3437283200000000e+08   1.6969999902048256e+16 
  32.8   2.7009452800000000e+08   6.4056157798400000e+11   8.6696556800000000e+08   2.2953286400000000e+08   1.6969999902048256e+16 
  33.0   2.7900675200000000e+08   6.4528960716800000e+11   8.7041894400000000e+08   2.2607953600000000e+08   1.6969999902048256e+16 
  33.2   2.8672457600000000e+08   6.5040783769600000e+11   8.7274816000000000e+08   2.2375028800000000e+08   1.6969999902048256e+16 
  33.5   2.9338092800000000e+08   6.5583683993600000e+11   8.7417088000000000e+08   2.2232756800000000e+08   1.6969999902048256e+16 
  33.8   2.9911446400000000e+08   6.6150203392000000e+11   8.7487001600000000e+08   2.2162843200000000e+08   1.6969999902048256e+16 
  34.0   3.0406038400000000e+08   6.6733690060800000e+11   8.7499840000000000e+08   2.2150004800000000e+08   1.6969999902048256e+16 
  34.2   3.0835776000000000e+08   6.7328481689600000e+11   8.7468614400000000e+08   2.2181238400000000e+08   1.6969999902048256e+16 
  34.5   3.1213667200000000e+08   6.7929997312000000e+11   8.7404428800000000e+08   2.2245424000000000e+08   1.6969999902048256e+16 
  34.8   3.1551779200000000e+08   6.8534711091200000e+11   8.7316486400000000e+08   2.2333364800000000e+08   1.6969999902048256e+16 
  35.0   3.1860892800000000e+08   6.9140034355200000e+11   8.7212512000000000e+08   2.2437337600000000e+08   1.6969999902048256e+16 
  35.2   3.2150377600000000e+08   6.9744217292800000e+11   8.7098796800000000e+08   2.2551054400000000e+08   1.6969999902048256e+16 
  35.5   3.2427923200000000e+08   7.0346185113600000e+11   8.6980051200000000e+08   2.2669801600000000e+08   1.6969999902048256e+16 
  35.8   3.2699168000000000e+08   7.0945387315200000e+11   8.6859801600000000e+08   2.2790048000000000e+08   1.6969999902048256e+16 
  36.0   3.2967520000000000e+08   7.1541607628800000e+11   8.6740044800000000e+08   2.2909806400000000e+08   1.6969999902048256e+16 
  36.2   3.3234320000000000e+08   7.2134793625600000e+11   8.6621555200000000e+08   2.3028294400000000e+08   1.6969999902048256e+16 
  36.5   3.3498272000000000e+08   7.2724912537600000e+11   8.6503680000000000e+08   2.3146168000000000e+08   1.6969999902048256e+16 
  36.8   3.3755324800000000e+08   7.3311754649600000e+11   8.6384524800000000e+08   2.3265315200000000e+08   1.6969999902048256e+16 
  37.0   3.3998848000000000e+08   7.3894782566400000e+11   8.6260793600000000e+08   2.3389048000000000e+08   1.6969999902048256e+16 
  37.2   3.4218867200000000e+08   7.4472954265600000e+11   8.6127891200000000e+08   2.3521953600000000e+08   1.6969999902048256e+16 
  37.5   3.4402521600000000e+08   7.5044578918400000e+11   8.5979878400000000e+08   2.3669971200000000e+08   1.6969999902048256e+16 
  37.8   3.4534022400000000e+08   7.5607192371200000e+11   8.5809529600000000e+08   2.3840316800000000e+08   1.6969999902048256e+16 
  38.0   3.4594128000000000e+08   7.6157419520000000e+11   8.5608038400000000e+08   2.4041803200000000e+08   1.6969999902048256e+16 
  38.2   3.4560531200000000e+08   7.6690882560000000e+11   8.5364947200000000e+08   2.4284897600000000e+08   1.6969999902048256e+16 
  38.5   3.4408816000000000e+08   7.7202259968000000e+11   8.5068147200000000e+08   2.4581699200000000e+08   1.6969999902048256e+16 
  38.8   3.4112489600000000e+08   7.7685312716800000e+11   8.4703180800000000e+08   2.4946664000000000e+08   1.6969999902048256e+16 
  39.0   3.3643756800000000e+08   7.8133113651200000e+11   8.4253126400000000e+08   2.5396726400000000e+08   1.6969999902048256e+16 
  39.2   3.2975244800000000e+08   7.8538335846400000e+11   8.3697382400000000e+08   2.5952470400000000e+08   1.6969999902048256e+16 
  39.5   3.2081852800000000e+08   7.8893796556800000e+11   8.3011296000000000e+08   2.6638553600000000e+08   1.6969999902048256e+16 
  39.8   3.0941558400000000e+08   7.9192994611200000e+11   8.2164230400000000e+08   2.7485622400000000e+08   1.6969999902048256e+16 
  40.0   2.9538649600000000e+08   7.9430811648000000e+11   8.1118252800000000e+08   2.8531600000000000e+08   1.6969999902048256e+16 
  40.2   2.7864944000000000e+08   7.9604252672000000e+11   7.9825049600000000e+08   2.9824803200000000e+08   1.6969999902048256e+16 
  40.5   2.5922832000000000e+08   7.9713101414400000e+11   7.8223225600000000e+08   3.1426617600000000e+08   1.6969999902048256e+16 
  40.8   2.3726092800000000e+08   7.9760372531200000e+11   7.6233062400000000e+08   3.3416780800000000e+08   1.6969999902048256e+16 
  41.0   2.1301760000000000e+08   7.9752409907200000e+11   7.3751481600000000e+08   3.5898361600000000e+08   1.6969999902048256e+16 
  41.2   1.8690828800000000e+08   7.9698690048000000e+11   7.0644243200000000e+08   3.9005603200000000e+08   1.6969999902048256e+16 
  41.5   1.5947913600000000e+08   7.9610996326400000e+11   6.6738726400000000e+08   4.2911120000000000e+08   1.6969999902048256e+16 
  41.8   1.3142068000000000e+08   7.9502409728000000e+11   6.1817868800000000e+08   4.7831984000000000e+08   1.6969999902048256e+16 
  42.0   1.0355282400000000e+08   7.9385991577600000e+11   5.5624083200000000e+08   5.4025772800000000e+08   1.6969999902048256e+16 
  42.2   7.6823616000000000e+07   7.9273610444800000e+11   4.7890883200000000e+08   6.1758976000000000e+08   1.6969999902048256e+16 
  42.5   5.2292776000000000e+07   7.9175057408000000e+11   3.8440844800000000e+08   7.1209011200000000e+08   1.6969999902048256e+16 
  42.8   3.1117016000000000e+07   7.9097508659200000e+11   2.7417875200000000e+08   8.2231987200000000e+08   1.6969999902048256e+16 
  43.0   1.4580246000000000e+07   7.9045079859200000e+11   1.5852193600000000e+08   9.3797670400000000e+08   1.6969999902048256e+16 
  43.2   3.8016482500000000e+06   7.9017771008000000e+11   5.7432328000000000e+07   1.0390662400000000e+09   1.6969999902048256e+16 
  43.5   5.0285205841064453e+00   7.9009926348800000e+11   4.2490300000000000e+06   1.0922492160000000e+09   1.6969999902048256e+16 
  43.8   5.4884807636212951e-14   7.9009513472000000e+11   5.3881835937500000e+04   1.0964441600000000e+09   1.6969999902048256e+16 
  44.0  -1.7753683858902514e-23   7.9009506918400000e+11   6.6987792968750000e+02   1.0964974080000000e+09   1.6969999902048256e+16 
  44.2  -5.1135986614442733e-30   7.9009506918400000e+11   8.1737079620361328e+00   1.0964980480000000e+09   1.6969999902048256e+16 
  44.5  -4.2273917776474856e-30   7.9009506918400000e+11   1.5589426271617413e-02   1.0964980480000000e+09   1.6969999902048256e+16 
  44.8  -3.9598518965076788e-30   7.9009506918400000e+11  -1.3656574301421642e-03   1.0964980480000000e+09   1.6969999902048256e+16 
  45.0  -3.7129232273547381e-30   7.9009506918400000e+11   1.1963368160650134e-04   1.0964980480000000e+09   1.6969999902048256e+16 
  45.2  -3.4800459474737866e-30   7.9009506918400000e+11  -1.0480118362465873e-05   1.0964980480000000e+09   1.6969999902048256e+16 
  45.5  -3.2604305008192642e-30   7.9009506918400000e+11   9.1807305580005050e-07   1.0964980480000000e+09   1.6969999902048256e+16 
  45.8  -3.0533159193682224e-30   7.9009506918400000e+11  -8.0424484849572764e-08   1.0964980480000000e+09   1.6969999902048256e+16 
  46.0  -2.8633663766256279e-30   7.9009506918400000e+11   7.0453047840146610e-09   1.0964980480000000e+09   1.6969999902048256e+16 
  46.2  -2.6842319461478869e-30   7.9009506918400000e+11  -6.1717897459345750e-10   1.0964980480000000e+09   1.6969999902048256e+16 
  46.5  -2.5152961046578801e-30   7.9009506918400000e+11   5.4065821264437375e-11   1.0964980480000000e+09   1.6969999902048256e+16 
  46.8  -2.3559791923813300e-30   7.9009506918400000e+11  -4.7362357091795815e-12   1.0964980480000000e+09   1.6969999902048256e+16 
  47.0  -2.2057312660411478e-30   7.9009506918400000e+11   4.1490183684544935e-13   1.0964980480000000e+09   1.6969999902048256e+16 
  47.2  -2.0694113490858927e-30   7.9009506918400000e+11  -3.6345994031301843e-14   1.0964980480000000e+09   1.6969999902048256e+16 
  47.5  -1.9408513875579298e-30   7.9009506918400000e+11   3.1839578852133413e-15   1.0964980480000000e+09   1.6969999902048256e+16 
  47.8  -1.8196078909485809e-30   7.9009506918400000e+11  -2.7891937332225015e-16   1.0964980480000000e+09   1.6969999902048256e+16 
  48.0  -1.7052661448508760e-30   7.9009506918400000e+11   2.4433717537289461e-17   1.0964980480000000e+09   1.6969999902048256e+16 
  48.2  -1.5974343805075730e-30   7.9009506918400000e+11  -2.1404290966544655e-18   1.0964980480000000e+09   1.6969999902048256e+16 
  48.5  -1.4957440569298021e-30   7.9009506918400000e+11   1.8750452577169604e-19   1.0964980480000000e+09   1.6969999902048256e+16 
  48.8  -1.3998420556145763e-30   7.9009506918400000e+11  -1.6425687314983462e-20   1.0964980480000000e+09   1.6969999902048256e+16 
  49.0  -1.3093964169572233e-30   7.9009506918400000e+11   1.4389150067625869e-21   1.0964980480000000e+09   1.6969999902048256e+16 
  49.2  -1.2294770010730657e-30   7.9009506918400000e+11  -1.2605133936057095e-22   1.0964980480000000e+09   1.6969999902048256e+16 
  49.5  -1.1541106979876091e-30   7.9009506918400000e+11   1.1042298246440954e-23   1.0964980480000000e+09   1.6969999902048256e+16 
  49.8  -1.0830346671640097e-30   7.9009506918400000e+11  -9.6732609110051914e-25   1.0964980480000000e+09   1.6969999902048256e+16 
  50.0  -1.0160007382349218e-30   7.9009506918400000e+11   8.4736529514253086e-26   1.0964980480000000e+09   1.6969999902048256e+16 
  50.2  -9.5278227588950688e-31   7.9009506918400000e+11  -7.4256432269706257e-27   1.0964980480000000e+09   1.6969999902048256e+16 
  50.5  -8.9316891365874185e-31   7.9009506918400000e+11   6.4805770773081650e-28   1.0964980480000000e+09   1.6969999902048256e+16 
  50.8  -8.3694887448038253e-31   7.9009506918400000e+11  -5.9056619518192981e-29   1.0964980480000000e+09   1.6969999902048256e+16 
  51.0  -7.8392810774699519e-31   7.9009506918400000e+11   3.0318305157425368e-30   1.0964980480000000e+09   1.6969999902048256e+16 
  51.2  -7.3392596348674545e-31   7.9009506918400000e+11  -2.2713821553368323e-30   1.0964980480000000e+09   1.6969999902048256e+16 
  51.5  -6.8676856257525967e-31   7.9009506918400000e+11  -1.6782077695277160e-30   1.0964980480000000e+09   1.6969999902048256e+16 
  51.8  -6.4229801261133542e-31   7.9009506918400000e+11  -1.6088319737331459e-30   1.0964980480000000e+09   1.6969999902048256e+16 
  52.0  -6.0035651523331830e-31   7.9009506918400000e+11  -1.5008356401807278e-30   1.0964980480000000e+09   1.6969999902048256e+16 
  52.2  -5.6080113032814833e-31   7.9009506918400000e+11  -1.4027953676215822e-30   1.0964980480000000e+09   1.6969999902048256e+16 
  52.5  -5.2349662902570690e-31   7.9009506918400000e+11  -1.3101104592456868e-30   1.0964980480000000e+09   1.6969999902048256e+16 
  52.8   3.8167017500000000e+06   7.9008740147200000e+11   2.5719564000000000e+07   1.0707786880000000e+09   1.6969999902048256e+16 
  53.0   1.4565307000000000e+07   7.8997454848000000e+11   1.1331800000000000e+08   9.8318016000000000e+08   1.6969999902048256e+16 
  53.2   3.1093380000000000e+07   7.8963284377600000e+11   2.3234142400000000e+08   8.6415673600000000e+08   1.6969999902048256e+16 
  53.5   5.2155936000000000e+07   7.8901647769600000e+11   3.5184230400000000e+08   7.4465593600000000e+08   1.6969999902048256e+16 
  53.8   7.6442680000000000e+07   7.8815186124800000e+11   4.5594777600000000e+08   6.4055046400000000e+08   1.6969999902048256e+16 
  54.0   1.0274453600000000e+08   7.8711488512000000e+11   5.4055852800000000e+08   5.5593977600000000e+08   1.6969999902048256e+16 
  54.2   1.3006180000000000e+08   7.8601466675200000e+11   6.0801478400000000e+08   4.8848361600000000e+08   1.6969999902048256e+16 
  54.5   1.5737142400000000e+08   7.8498031206400000e+11   6.6130003200000000e+08   4.3519843200000000e+08   1.6969999902048256e+16 
  54.8   1.8401236800000000e+08   7.8414957772800000e+11   7.0316953600000000e+08   3.9332896000000000e+08   1.6969999902048256e+16 
  55.0   2.0942638400000000e+08   7.8365759897600000e+11   7.3610758400000000e+08   3.6039094400000000e+08   1.6969999902048256e+16 
  55.2   2.3321116800000000e+08   7.8362338918400000e+11   7.6205580800000000e+08   3.3444275200000000e+08   1.6969999902048256e+16 
  55.5   2.5510614400000000e+08   7.8413974732800000e+11   7.8250873600000000e+08   3.1398988800000000e+08   1.6969999902048256e+16 
  55.8   2.7496659200000000e+08   7.8526631116800000e+11   7.9860569600000000e+08   2.9789286400000000e+08   1.6969999902048256e+16 
  56.0   2.9274419200000000e+08   7.8702739456000000e+11   8.1122297600000000e+08   2.8527561600000000e+08   1.6969999902048256e+16 
  56.2   3.0846176000000000e+08   7.8941447782400000e+11   8.2103872000000000e+08   2.7545987200000000e+08   1.6969999902048256e+16 
  56.5   3.2219945600000000e+08   7.9239066419200000e+11   8.2858515200000000e+08   2.6791344000000000e+08   1.6969999902048256e+16 
  56.8   3.3407644800000000e+08   7.9589782323200000e+11   8.3428723200000000e+08   2.6221134400000000e+08   1.6969999902048256e+16 
  57.0   3.4424265600000000e+08   7.9986471731200000e+11   8.3848780800000000e+08   2.5801075200000000e+08   1.6969999902048256e+16 
  57.2   3.5286684800000000e+08   8.0421368627200000e+11   8.4146796800000000e+08   2.5503051200000000e+08   1.6969999902048256e+16 
  57.5   3.6013065600000000e+08   8.0886693888000000e+11   8.4346240000000000e+08   2.5303612800000000e+08   1.6969999902048256e+16 
  57.8   3.6621993600000000e+08   8.1375153356800000e+11   8.4466668800000000e+08   2.5183192000000000e+08   1.6969999902048256e+16 
  58.0   3.7131923200000000e+08   8.1880226201600000e+11   8.4524742400000000e+08   2.5125121600000000e+08   1.6969999902048256e+16 
  58.2   3.7560720000000000e+08   8.2396361523200000e+11   8.4534489600000000e+08   2.5115374400000000e+08   1.6969999902048256e+16 
  58.5   3.7925305600000000e+08   8.2919083212800000e+11   8.4507942400000000e+08   2.5141924800000000e+08   1.6969999902048256e+16 
  58.8   3.8241152000000000e+08   8.3444911308800000e+11   8.4455174400000000e+08   2.5194694400000000e+08   1.6969999902048256e+16 
  59.0   3.8521651200000000e+08   8.3971316121600000e+11   8.4384499200000000e+08   2.5265361600000000e+08   1.6969999902048256e+16 
  59.2   3.8778707200000000e+08   8.4496587161600000e+11   8.4302739200000000e+08   2.5347128000000000e+08   1.6969999902048256e+16 
  59.5   3.9021641600000000e+08   8.5019688960000000e+11   8.4215072000000000e+08   2.5434793600000000e+08   1.6969999902048256e+16 
  59.8   3.9257299200000000e+08   8.5540057907200000e+11   8.4125292800000000e+08   2.5524574400000000e+08   1.6969999902048256e+16 
  60.0   3.9490067200000000e+08   8.6057517056000000e+11   8.4035596800000000e+08   2.5614273600000000e+08   1.6969999902048256e+16 
  60.2   3.9721148800000000e+08   8.6572007424000000e+11   8.3946745600000000e+08   2.5703129600000000e+08   1.6969999902048256e+16 
  60.5   3.9949254400000000e+08   8.7083496243200000e+11   8.3858124800000000e+08   2.5791747200000000e+08   1.6969999902048256e+16 
  60.8   4.0169737600000000e+08   8.7591800012800000e+11   8.3767616000000000e+08   2.5882248000000000e+08   1.6969999902048256e+16 
  61.0   4.0374486400000000e+08   8.8096394444800000e+11   8.3671692800000000e+08   2.5978169600000000e+08   1.6969999902048256e+16 
  61.2   4.0552224000000000e+08   8.8596263731200000e+11   8.3565446400000000e+08   2.6084419200000000e+08   1.6969999902048256e+16 
  61.5   4.0688160000000000e+08   8.9089782579200000e+11   8.3442412800000000e+08   2.6207446400000000e+08   1.6969999902048256e+16 
  61.8   4.0764102400000000e+08   8.9574532710400000e+11   8.3294809600000000e+08   2.6355048000000000e+08   1.6969999902048256e+16 
  62.0   4.0757779200000000e+08   9.0047224217600000e+11   8.3113126400000000e+08   2.6536734400000000e+08   1.6969999902048256e+16 
  62.2   4.0644240000000000e+08   9.0503590707200000e+11   8.2886272000000000e+08   2.6763588800000000e+08   1.6969999902048256e+16 
  62.5   4.0395667200000000e+08   9.0938428620800000e+11   8.2601171200000000e+08   2.7048691200000000e+08   1.6969999902048256e+16 
  62.8   3.9982057600000000e+08   9.1345682432000000e+11   8.2242489600000000e+08   2.7407376000000000e+08   1.6969999902048256e+16 
  63.0   3.9372499200000000e+08   9.1718621593600000e+11   8.1792115200000000e+08   2.7857747200000000e+08   1.6969999902048256e+16 
  63.2   3.8536048000000000e+08   9.2050168217600000e+11   8.1228467200000000e+08   2.8421398400000000e+08   1.6969999902048256e+16 
  63.5   3.7444278400000000e+08   9.2333395148800000e+11   8.0525510400000000e+08   2.9124352000000000e+08   1.6969999902048256e+16 
  63.8   3.6072643200000000e+08   9.2562089574400000e+11   7.9651392000000000e+08   2.9998467200000000e+08   1.6969999902048256e+16 
  64.0   3.4403212800000000e+08   9.2731480473600000e+11   7.8566707200000000e+08   3.1083145600000000e+08   1.6969999902048256e+16 
  64.2   3.2426985600000000e+08   9.2838959513600000e+11   7.7222054400000000e+08   3.2427788800000000e+08   1.6969999902048256e+16 
  64.5   3.0146140800000000e+08   9.2884703641600000e+11   7.5554752000000000e+08   3.4095088000000000e+08   1.6969999902048256e+16 
  64.8   2.7576176000000000e+08   9.2872160051200000e+11   7.3484870400000000e+08   3.6164969600000000e+08   1.6969999902048256e+16 
  65.0   2.4747396800000000e+08   9.2808170700800000e+11   7.0909881600000000e+08   3.8739961600000000e+08   1.6969999902048256e+16 
  65.2   2.1706016000000000e+08   9.2702683955200000e+11   6.7698764800000000e+08   4.1951081600000000e+08   1.6969999902048256e+16 
  65.5   1.8514577600000000e+08   9.2568040243200000e+11   6.3686348800000000e+08   4.5963500800000000e+08   1.6969999902048256e+16 
  65.8   1.5251852800000000e+08   9.2417884160000000e+11   5.8670700800000000e+08   5.0979145600000000e+08   1.6969999902048256e+16 
  66.0   1.2012523200000000e+08   9.2265879961600000e+11   5.2422704000000000e+08   5.7227148800000000e+08   1.6969999902048256e+16 
  66.2   8.9061976000000000e+07   9.2124505702400000e+11   4.4723952000000000e+08   6.4925907200000000e+08   1.6969999902048256e+16 
  66.5   6.0559280000000000e+07   9.2004030873600000e+11   3.5470352000000000e+08   7.4179507200000000e+08   1.6969999902048256e+16 
  66.8   3.5960156000000000e+07   9.1911834828800000e+11   2.4893233600000000e+08   8.4756614400000000e+08   1.6969999902048256e+16 
  67.0   1.6862410000000000e+07   9.1851626905600000e+11   1.4087934400000000e+08   9.5561913600000000e+08   1.6969999902048256e+16 
  67.2   4.2534755000000000e+06   9.1821899776000000e+11   4.8599096000000000e+07   1.0478993920000000e+09   1.6969999902048256e+16 
  67.5   5.8243408203125000e+00   9.1814350028800000e+11   2.8404467500000000e+06   1.0936579840000000e+09   1.6969999902048256e+16 
  67.8  -5.7244502513860082e-15   9.1814061670400000e+11   1.7583302734375000e+04   1.0964810240000000e+09   1.6969999902048256e+16 
  68.0   1.0282772317271943e-24   9.1814061670400000e+11   1.0725814819335938e+02   1.0964985600000000e+09   1.6969999902048256e+16 
  68.2   3.3963394649494719e-30   9.1814061670400000e+11   5.6784731149673462e-01   1.0964986880000000e+09   1.6969999902048256e+16 
  68.5   2.9735301336818662e-30   9.1814061670400000e+11   2.3531363694928586e-05   1.0964986880000000e+09   1.6969999902048256e+16 
  68.8   2.7855396228045782e-30   9.1814061670400000e+11  -2.4966084311017767e-06   1.0964986880000000e+09   1.6969999902048256e+16 
  69.0   2.6082432893333310e-30   9.1814061670400000e+11   2.6488226012588711e-07   1.0964986880000000e+09   1.6969999902048256e+16 
  69.2   2.4410390920814075e-30   9.1814061670400000e+11  -2.8103158911108039e-08   1.0964986880000000e+09   1.6969999902048256e+16 
  69.5   2.2833535778847026e-30   9.1814061670400000e+11   2.9816602520327251e-09   1.0964986880000000e+09   1.6969999902048256e+16 
  69.8   2.1346454551045495e-30   9.1814061670400000e+11  -3.1634483921294532e-10   1.0964986880000000e+09   1.6969999902048256e+16 
  70.0   2.0006518884893457e-30   9.1814061670400000e+11   3.3563186951912627e-11   1.0964986880000000e+09   1.6969999902048256e+16 
  70.2   1.8742819199567388e-30   9.1814061670400000e+11  -3.5609510132261768e-12   1.0964986880000000e+09   1.6969999902048256e+16 
  70.5   1.7551059768511642e-30   9.1814061670400000e+11   3.7780553425320607e-13   1.0964986880000000e+09   1.6969999902048256e+16 
  70.8   1.6427106613193249e-30   9.1814061670400000e+11  -4.0083970756325804e-14   1.0964986880000000e+09   1.6969999902048256e+16 
  71.0   1.5367113516096318e-30   9.1814061670400000e+11   4.2527830215743911e-15   1.0964986880000000e+09   1.6969999902048256e+16 
  71.2   1.4367475000948006e-30   9.1814061670400000e+11  -4.5120682770584050e-16   1.0964986880000000e+09   1.6969999902048256e+16 
  71.5   1.3424734173961415e-30   9.1814061670400000e+11   4.7871641965963085e-17   1.0964986880000000e+09   1.6969999902048256e+16 
  71.8   1.2589292471317883e-30   9.1814061670400000e+11  -5.0790246186960486e-18   1.0964986880000000e+09   1.6969999902048256e+16 
  72.0   1.1810244404858439e-30   9.1814061670400000e+11   5.3886949838466068e-19   1.0964986880000000e+09   1.6969999902048256e+16 
  72.2   1.1075520938984322e-30   9.1814061670400000e+11  -5.7172319946010041e-20   1.0964986880000000e+09   1.6969999902048256e+16 
  72.5   1.0382640370022075e-30   9.1814061670400000e+11   6.0657945956209127e-21   1.0964986880000000e+09   1.6969999902048256e+16 
  72.8   9.7291877623773686e-31   9.1814061670400000e+11  -6.4356166269563577e-22   1.0964986880000000e+09   1.6969999902048256e+16 
  73.0   9.1129183920378729e-31   9.1814061670400000e+11   6.8279887205840886e-23   1.0964986880000000e+09   1.6969999902048256e+16 
  73.2   8.5317163691721076e-31   9.1814061670400000e+11  -7.2442737757128374e-24   1.0964986880000000e+09   1.6969999902048256e+16 
  73.5   7.9836172076209786e-31   9.1814061670400000e+11   7.6859743514859968e-25   1.0964986880000000e+09   1.6969999902048256e+16 
  73.8   7.4667532819598995e-31   9.1814061670400000e+11  -8.1543836867500634e-26   1.0964986880000000e+09   1.6969999902048256e+16 
  74.0   6.9793091587134602e-31   9.1814061670400000e+11   8.6532186475714058e-27   1.0964986880000000e+09   1.6969999902048256e+16 
  74.2   6.5195676757339796e-31   9.1814061670400000e+11  -9.1651963084076422e-28   1.0964986880000000e+09   1.6969999902048256e+16 
  74.5   6.0860035115518307e-31   9.1814061670400000e+11   9.8694833704982913e-29   1.0964986880000000e+09   1.6969999902048256e+16 
  74.8   5.6771237883414692e-31   9.1814061670400000e+11  -9.1135305894957811e-30   1.0964986880000000e+09   1.6969999902048256e+16 
  75.0   5.2915009857632564e-31   9.1814061670400000e+11   2.2330766500650046e-30   1.0964986880000000e+09   1.6969999902048256e+16 
  75.2   4.9278467620086913e-31   9.1814061670400000e+11   9.4217461486768655e-31   1.0964986880000000e+09   1.6969999902048256e+16 
  75.5   4.5848944043653276e-31   9.1814061670400000e+11   9.9789473980852817e-31   1.0964986880000000e+09   1.6969999902048256e+16 
  75.8   4.2614298622676361e-31   9.1814061670400000e+11   9.1491330219980059e-31   1.0964986880000000e+09   1.6969999902048256e+16 
  76.0   4.0188854108850702e-31   9.1814061670400000e+11   8.5988878779600157e-31   1.0964986880000000e+09   1.6969999902048256e+16 
  76.2   3.7901170479975311e-31   9.1814061670400000e+11   8.1166765853656970e-31   1.0964986880000000e+09   1.6969999902048256e+16 
  76.5   3.5743731625171028e-31   9.1814061670400000e+11   7.6575261409458098e-31   1.0964986880000000e+09   1.6969999902048256e+16 
  76.8   4.4093940000000000e+06   9.1812554342400000e+11   2.4276140000000000e+07   1.0722227200000000e+09   1.6969999902048256e+16 
  77.0   1.6777632000000000e+07   9.1796950220800000e+11   1.0460811200000000e+08   9.9189075200000000e+08   1.6969999902048256e+16 
  77.2   3.5966888000000000e+07   9.1752942796800000e+11   2.1455659200000000e+08   8.8194227200000000e+08   1.6969999902048256e+16 
  77.5   6.0417812000000000e+07   9.1674968064000000e+11   3.2699683200000000e+08   7.6950195200000000e+08   1.6969999902048256e+16 
  77.8   8.8618672000000000e+07   9.1565352550400000e+11   4.2702793600000000e+08   6.6947072000000000e+08   1.6969999902048256e+16 
  78.0   1.1913982400000000e+08   9.1431868825600000e+11   5.0995481600000000e+08   5.8654380800000000e+08   1.6969999902048256e+16 
  78.2   1.5074836800000000e+08   9.1285979136000000e+11   5.7754995200000000e+08   5.1894870400000000e+08   1.6969999902048256e+16 
  78.5   1.8238977600000000e+08   9.1141177344000000e+11   6.3151417600000000e+08   4.6498457600000000e+08   1.6969999902048256e+16 
  78.8   2.1320278400000000e+08   9.1011960012800000e+11   6.7439712000000000e+08   4.2210163200000000e+08   1.6969999902048256e+16 
  79.0   2.4252726400000000e+08   9.0912489472000000e+11   7.0843865600000000e+08   3.8806006400000000e+08   1.6969999902048256e+16 
  79.2   2.6988953600000000e+08   9.0855283097600000e+11   7.3546553600000000e+08   3.6103321600000000e+08   1.6969999902048256e+16 
  79.5   2.9498182400000000e+08   9.0850158182400000e+11   7.5691712000000000e+08   3.3958163200000000e+08   1.6969999902048256e+16 
  79.8   3.1763523200000000e+08   9.0903556915200000e+11   7.7391296000000000e+08   3.2258582400000000e+08   1.6969999902048256e+16 
  80.0   3.3779600000000000e+08   9.1018349772800000e+11   7.8732633600000000e+08   3.0917248000000000e+08   1.6969999902048256e+16 
  80.2   3.5549750400000000e+08   9.1194045235200000e+11   7.9784044800000000e+08   2.9865843200000000e+08   1.6969999902048256e+16 
  80.5   3.7084166400000000e+08   9.1427268198400000e+11   8.0599769600000000e+08   2.9050124800000000e+08   1.6969999902048256e+16 
  80.8   3.8397760000000000e+08   9.1712507084800000e+11   8.1223244800000000e+08   2.8426652800000000e+08   1.6969999902048256e+16 
  81.0   3.9509145600000000e+08   9.2042867507200000e+11   8.1689862400000000e+08   2.7960038400000000e+08   1.6969999902048256e+16 
  81.2   4.0439011200000000e+08   9.2410786611200000e+11   8.2028716800000000e+08   2.7621180800000000e+08   1.6969999902048256e+16 
  81.5   4.1209404800000000e+08   9.2808668774400000e+11   8.2264166400000000e+08   2.7385731200000000e+08   1.6969999902048256e+16 
  81.8   4.1842896000000000e+08   9.3229370572800000e+11   8.2416672000000000e+08   2.7233216000000000e+08   1.6969999902048256e+16 
  82.0   4.2361376000000000e+08   9.3666495692800000e+11   8.2503494400000000e+08   2.7146390400000000e+08   1.6969999902048256e+16 
  82.2   4.2786361600000000e+08   9.4114617753600000e+11   8.2539507200000000e+08   2.7110377600000000e+08   1.6969999902048256e+16 
  82.5   4.3137331200000000e+08   9.4569286860800000e+11   8.2537139200000000e+08   2.7112748800000000e+08   1.6969999902048256e+16 
  82.8   4.3432595200000000e+08   9.5027121356800000e+11   8.2507001600000000e+08   2.7142892800000000e+08   1.6969999902048256e+16 
  83.0   4.3688076800000000e+08   9.5485643980800000e+11   8.2457862400000000e+08   2.7192025600000000e+08   1.6969999902048256e+16 
  83.2   4.3916902400000000e+08   9.5943150796800000e+11   8.2396806400000000e+08   2.7253078400000000e+08   1.6969999902048256e+16 
  83.5   4.4130041600000000e+08   9.6398639104000000e+11   8.2329344000000000e+08   2.7320537600000000e+08   1.6969999902048256e+16 
  83.8   4.4335340800000000e+08   9.6851571507200000e+11   8.2259366400000000e+08   2.7390518400000000e+08   1.6969999902048256e+16 
  84.0   4.4537523200000000e+08   9.7301738291200000e+11   8.2189196800000000e+08   2.7460688000000000e+08   1.6969999902048256e+16 
