  12.0   4.5131443721091458e-11   6.5941773024098398e-17   7.3312097865733684e-17   1.0834218433828464e-15   0.0000000000000000e+00 1 
  12.0   1.6225304761974257e-06   2.4481742588039479e-12   2.8209979924948003e-12   4.2771074876268855e-11   0.0000000000000000e+00 1 
  12.0   2.7354052290320396e-02   3.7379582096264130e-08   4.2692782642461680e-08   6.4924114440145786e-07   0.0000000000000000e+00 1 
  12.0   4.8217034339904785e-01   3.8583587524954055e-07   4.3690010897989850e-07   6.6848351707449183e-06   0.0000000000000000e+00 1 
  12.0   3.4471416473388672e-01   1.3119550601459196e-07   1.4851831053874776e-07   2.2912363419891335e-06   0.0000000000000000e+00 1 
  12.0   1.0454804450273514e-01   2.6500597272161031e-08   3.0229017511373968e-08   4.7015811333039892e-07   0.0000000000000000e+00 1 
  12.0   1.1681858450174332e-02   2.5755100274693632e-09   3.8295566717749807e-09   6.0217196562462050e-08   0.0000000000000000e+00 1 
  12.0   6.7355977080296725e-06   1.1472502635390125e-12   1.2400945159640742e-08   1.9829228392609366e-07   0.0000000000000000e+00 1 
  12.0   1.0002157750932383e-06   2.4228177797347428e-10   1.5918179997242987e-04   2.6876097545027733e-03   0.0000000000000000e+00 1 
  12.0   3.3866544981719926e-06   7.2541781470647493e-09   4.8412801697850227e-03   9.4638034701347351e-02   0.0000000000000000e+00 1 
  12.0   4.2652180809454876e-07   8.1001960694493391e-10   5.4005836136639118e-04   1.2138087302446365e-02   0.0000000000000000e+00 1 
  12.0   5.2684892004606354e-09   2.7747591483068094e-14   1.6236127464708261e-07   3.7073593830427853e-06   0.0000000000000000e+00 1 
  12.0   3.8638892085884891e-09   8.9958719116998813e-15   2.5600663255964662e-10   5.8071822905958470e-09   0.0000000000000000e+00 1 
  12.2   6.5702357687769108e-07   4.2324344029509575e-09   1.9196486178429950e-08   4.2688111534516793e-07   0.0000000000000000e+00 1 
  12.5   1.6132957171066664e-05   9.3779783938430228e-09   2.9785345745381164e-08   6.5070668142652721e-07   0.0000000000000000e+00 1 
  12.8   8.1029160355683416e-05   1.0769425351497830e-08   1.1010964726665406e-06   2.3540133042843081e-05   0.0000000000000000e+00 1 
  13.0   2.4891080101951957e-04   2.7975639582678014e-08   4.1402095121156890e-06   8.6600404756609350e-05   0.0000000000000000e+00 1 
  13.2   6.4970814855769277e-04   1.0064109545737665e-07   1.1188589269295335e-05   2.2877258015796542e-04   0.0000000000000000e+00 1 
  13.5   1.3477478642016649e-03   1.4617069155065110e-07   2.5208752049366012e-05   5.0280743744224310e-04   0.0000000000000000e+00 1 
  13.8   2.4294152390211821e-03   2.1975245090288809e-07   4.8641883040545508e-05   9.4384787371382117e-04   0.0000000000000000e+00 1 
  14.0   4.2980592697858810e-03   4.2151680190727348e-07   8.7846245151013136e-05   1.6520468052476645e-03   0.0000000000000000e+00 1 
  14.2   6.8687987513840199e-03   4.9473504759589559e-07   1.5082367463037372e-04   2.7352990582585335e-03   0.0000000000000000e+00 1 
  14.5   1.0252547450363636e-02   6.0838243598482222e-07   2.4623636272735894e-04   4.2800297960639000e-03   0.0000000000000000e+00 1 
  14.8   1.4729361049830914e-02   7.5999986393071595e-07   3.9310977444984019e-04   6.4991787075996399e-03   0.0000000000000000e+00 1 
  15.0   2.0109830424189568e-02   7.7387210239976412e-07   6.1195541638880968e-04   9.5347343012690544e-03   0.0000000000000000e+00 1 
  15.2   2.6569580659270287e-02   7.2806858497642679e-07   9.4670371618121862e-04   1.3747563585639000e-02   0.0000000000000000e+00 1 
  15.5   3.3932354301214218e-02   5.4402778459916590e-07   1.4565211022272706e-03   1.9452366977930069e-02   0.0000000000000000e+00 1 
  15.8   4.1019037365913391e-02   2.4061748149506457e-07   2.2459267638623714e-03   2.7156461030244827e-02   0.0000000000000000e+00 1 
  16.0   4.7644466161727905e-02   2.9691841874068814e-08   3.5091515164822340e-03   3.7704259157180786e-02   0.0000000000000000e+00 1 
  16.2   5.2560139447450638e-02   1.7403284147121667e-08   5.5532245896756649e-03   5.1861625164747238e-02   0.0000000000000000e+00 1 
  16.5   5.4800610989332199e-02   2.6062156166517525e-07   9.0044299140572548e-03   7.1194961667060852e-02   0.0000000000000000e+00 1 
  16.8   5.2958954125642776e-02   6.5474449684188585e-07   1.4949821867048740e-02   9.6998490393161774e-02   0.0000000000000000e+00 1 
  17.0   4.4779952615499496e-02   1.2039654393447563e-06   2.5481903925538063e-02   1.3071693480014801e-01   0.0000000000000000e+00 1 
  17.2   2.9881419613957405e-02   1.4193025208442123e-06   4.4628832489252090e-02   1.7310266196727753e-01   0.0000000000000000e+00 1 
  17.5   1.0021968744695187e-02   1.4341825362862437e-06   8.0026060342788696e-02   2.2237436473369598e-01   0.0000000000000000e+00 1 
  17.8   8.4439211059361696e-04   1.0763947102532256e-06   1.4538352191448212e-01   2.7100080251693726e-01   0.0000000000000000e+00 1 
  18.0   6.7000731825828552e-02   5.2447938969635288e-07   2.6092559099197388e-01   3.0071589350700378e-01   0.0000000000000000e+00 1 
  18.2   4.7099384665489197e-01   1.3683551003396133e-07   4.3506929278373718e-01   2.7940654754638672e-01   0.0000000000000000e+00 1 
  18.5   2.4101507663726807e+00   3.1682261258936251e-09   5.6590861082077026e-01   1.7620137333869934e-01   0.0000000000000000e+00 2 
  18.8   1.2811266899108887e+01   1.5762271488029000e-08   2.3203739523887634e-01   2.8565622866153717e-02   0.0000000000000000e+00 0 
  18.8   3.5020012855529785e+00   9.2902343595824277e-09   7.2889178991317749e-02   9.6936970949172974e-03   0.0000000000000000e+00 2 
  18.8   1.5647891163825989e-01   1.0691498381065756e-10   1.6378306099795736e-05   1.0038428399639088e-06   0.0000000000000000e+00 1 
  19.0   1.7996648788452148e+01   7.6897993528390884e-10   2.2121277451515198e-01   8.2438010722398758e-03   0.0000000000000000e+00 0 
  19.0   3.7804732322692871e+00   2.3774140989196724e-10   2.4596944451332092e-02   9.6317310817539692e-04   0.0000000000000000e+00 2 
  19.0   8.5411186218261719e+00   8.6410816002580049e-11   1.7235815525054932e-01   2.9331187251955271e-03   0.0000000000000000e+00 0 
  19.0   2.9598743915557861e+00   1.3470819945626822e-11   4.2682860046625137e-02   7.4034987483173609e-04   0.0000000000000000e+00 2 
  19.0   3.8843533396720886e-01   6.0223358418209916e-12   4.9510649405419827e-03   4.1455517930444330e-05   0.0000000000000000e+00 1 
  19.2   1.3538412094116211e+01   3.5612426896314275e-10   3.1114464998245239e-01   1.5518625732511282e-03   0.0000000000000000e+00 0 
  19.2   2.8612961769104004e+00   5.8509509737181276e-11   4.8434615135192871e-02   2.4493940873071551e-04   0.0000000000000000e+00 2 
  19.2   2.5126239776611328e+01   2.0315402138315619e-11   2.1500602364540100e-01   5.2562408382073045e-04   0.0000000000000000e+00 0 
  19.2   5.1860513687133789e+00   4.8950484643353956e-14   2.3643705993890762e-02   5.8410412748344243e-05   0.0000000000000000e+00 0 
  19.2   2.8827812671661377e+00   4.6600451362316386e-13   1.0594296269118786e-02   2.6251638701069169e-05   0.0000000000000000e+00 2 
  19.2   6.6232600212097168e+00   4.0104022533404837e-12   2.5008501484990120e-02   3.9249182009370998e-05   0.0000000000000000e+00 0 
  19.2   4.0607976913452148e+00   5.0145755603470121e-12   9.7092315554618835e-03   1.5280611478374340e-05   0.0000000000000000e+00 0 
  19.2   3.1587114334106445e+00   5.1459873688652902e-12   5.6810528039932251e-03   8.9530076365917921e-06   0.0000000000000000e+00 2 
  19.2   8.0754721164703369e-01   1.2945569095867970e-13   3.8477190537378192e-04   4.2491163299018808e-07   0.0000000000000000e+00 1 
  19.2   4.7884540557861328e+00   1.4676087222668249e-13   5.5466271005570889e-03   4.2490783016546629e-06   0.0000000000000000e+00 0 
  19.2   2.7105379104614258e+00   2.3831915716039653e-13   2.4237646721303463e-03   1.8588765442473232e-06   0.0000000000000000e+00 2 
  19.2   3.1852495670318604e+00   4.4139300233499851e-14   7.3366862488910556e-04   3.7458286783476069e-07   0.0000000000000000e+00 2 
  19.2   6.5399136543273926e+00   8.4110188703235417e-14   3.4320966806262732e-03   1.1426834589656210e-06   0.0000000000000000e+00 0 
  19.2   2.4312305450439453e+00   1.7711414881374163e-14   1.0695708915591240e-03   3.5649770779855317e-07   0.0000000000000000e+00 2 
  19.2   1.2858176231384277e+01   4.9861637984715407e-14   2.4639759212732315e-03   5.7393737051825156e-07   0.0000000000000000e+00 0 
  19.2   4.0309972763061523e+00   5.7598863829541602e-14   4.4367800001055002e-04   1.0346689549578514e-07   0.0000000000000000e+00 0 
  19.2   2.6895370483398438e+00   5.0670839052413541e-14   2.4091606610454619e-04   5.6203337095439565e-08   0.0000000000000000e+00 2 
  19.2   3.8235249519348145e+00   1.5174480053579964e-14   5.1003636326640844e-04   9.2985374067211524e-08   0.0000000000000000e+00 2 
  19.2   8.1745834350585938e+00   2.2696542589144622e-14   3.1421335734194145e-05   4.4737720195087149e-09   0.0000000000000000e+00 0 
  19.2   3.3355348110198975e+00   1.4120092593804864e-14   3.9945830394572113e-06   5.6905530287920669e-10   0.0000000000000000e+00 2 
  19.2   6.4349884986877441e+00   1.4043240447467534e-14   2.5095621822401881e-05   2.9730542472350407e-09   0.0000000000000000e+00 0 
  19.2   3.2811789512634277e+00   9.0011023401491766e-15   7.8929742812761106e-06   9.3507646070634109e-10   0.0000000000000000e+00 2 
  19.2   3.4645445346832275e+00   3.4049955797223240e-15   5.6697722357057501e-06   5.8080545928262950e-10   0.0000000000000000e+00 2 
  19.2   6.2149581909179688e+00   6.7858621553926884e-15   2.6444618924870156e-05   2.3597293008492670e-09   0.0000000000000000e+00 0 
  19.2   2.8849515914916992e+00   3.5037426807132304e-15   1.1072147572122049e-05   9.8824826100241125e-10   0.0000000000000000e+00 2 
  19.2   6.4010186195373535e+00   1.5091388027278448e-15   3.1840822884987574e-06   2.5519730773027050e-10   0.0000000000000000e+00 0 
  19.2   2.9977531433105469e+00   7.9027771638176276e-16   1.1774168342526536e-06   9.4420186946830853e-11   0.0000000000000000e+00 2 
  19.2   5.4373083114624023e+00   1.3244079049534968e-15   1.4528258134305361e-06   1.0685850121427976e-10   0.0000000000000000e+00 0 
  19.2   2.8203032016754150e+00   7.2847146922607017e-16   6.5823485329019604e-07   4.8399326213477423e-11   0.0000000000000000e+00 2 
  19.2   5.0194759368896484e+00   3.2200370418434014e-16   4.4995260850555496e-07   3.0853437860134392e-11   0.0000000000000000e+00 0 
  19.2   2.7011208534240723e+00   1.8245460260772053e-16   2.1737716338066093e-07   1.4886689103654760e-11   0.0000000000000000e+00 2 
  19.2   5.1838669776916504e+00   1.7743930729213802e-16   6.6322854763711803e-08   4.3035856996109789e-12   0.0000000000000000e+00 0 
  19.2   2.6693911552429199e+00   9.5913775782340699e-17   2.8384061323549759e-08   1.8380835048459332e-12   0.0000000000000000e+00 2 
  19.2   5.4653873443603516e+00   2.7010292501163536e-17   1.7214458747361050e-09   1.0671583110461250e-13   0.0000000000000000e+00 0 
  19.2   2.6607644557952881e+00   1.3435295810935340e-17   1.9970980424943718e-09   1.2326679390758932e-13   0.0000000000000000e+00 2 
  19.2   6.0527076721191406e+00   2.4309162335012451e-17   1.2477531230459249e-09   7.4025482195861497e-14   0.0000000000000000e+00 0 
  19.2   2.7092800140380859e+00   1.1302651311025611e-17   1.1164225099946634e-09   6.6237048127176096e-14   0.0000000000000000e+00 2 
  19.2   5.8210730552673340e+00   3.8629669614374476e-18   5.3376392195048084e-09   3.0549496851488278e-13   0.0000000000000000e+00 0 
  19.2   2.6562016010284424e+00   1.7255949175318250e-18   2.2824417911238015e-09   1.3114762910642480e-13   0.0000000000000000e+00 2 
  19.2   5.6511826515197754e+00   4.8773654299811335e-18   3.3924599240897635e-10   1.8892748015987212e-14   0.0000000000000000e+00 0 
  19.2   2.5993063449859619e+00   2.3290318597856905e-18   1.1647087461152950e-10   6.5784945138612060e-15   0.0000000000000000e+00 2 
  19.2   5.5710015296936035e+00   1.0973202230248298e-18   1.7745733771334926e-09   9.7248672602159164e-14   0.0000000000000000e+00 0 
  19.2   2.5598320960998535e+00   5.0732987710983800e-19   8.5162304985786363e-10   4.6670963128230339e-14   0.0000000000000000e+00 2 
  19.2   5.2350387573242188e+00   2.9731319152781089e-19   4.4229602619294539e-11   2.3467543317954535e-15   0.0000000000000000e+00 0 
  19.2   2.5020143985748291e+00   1.3678532612754774e-19   1.7481047859257970e-11   9.4132550197559631e-16   0.0000000000000000e+00 2 
  19.2   4.6310110092163086e+00   3.3478183663826053e-19   2.1330952282294646e-10   1.1319110491297187e-14   0.0000000000000000e+00 0 
  19.2   2.4275183677673340e+00   1.7956260961420957e-19   1.2120371373214311e-10   6.4029181364225456e-15   0.0000000000000000e+00 2 
  19.2   1.7346879243850708e+00   8.9843821566837896e-20   7.1640033315334417e-12   3.7542488102758678e-16   0.0000000000000000e+00 1 
  19.5   4.9940563738346100e-02   6.3695406277930871e-22   8.4966793800420048e-13   4.1710221737239347e-17   0.0000000000000000e+00 1 
  19.5   1.3325122417882085e-03   4.6987619072066107e-21   3.8640129290667957e-11   1.8534878713354639e-15   0.0000000000000000e+00 1 
  19.5   5.0168961024610326e-05   8.1172829968410833e-18   5.3457490878372482e-08   2.6796874181417296e-12   0.0000000000000000e+00 1 
  19.5   1.3964740901428740e-06   1.9814554998946049e-13   1.4177856501191854e-03   6.5458571896215290e-08   0.0000000000000000e+00 1 
  19.5   1.5382282114728696e-09   5.7760522059746577e-11   6.5432411432266235e-01   1.8969887605635449e-05   0.0000000000000000e+00 1 
  19.5   1.5180058273757402e-13   2.8417771608113540e-11   1.5426329374313354e+00   9.3046601250534877e-06   0.0000000000000000e+00 1 
  19.5   1.0179394633099028e-17   5.2239484439609019e-12   1.9322251081466675e+00   1.7084074670492555e-06   0.0000000000000000e+00 1 
  19.5   5.8380018584518450e-22   1.1452512251259109e-14   3.2218594104051590e-02   3.7444736200598072e-09   0.0000000000000000e+00 1 
  19.8   2.0240085276952985e-25   3.1962984776284786e-13   2.0635602474212646e+00   1.0447518405953815e-07   0.0000000000000000e+00 1 
  19.8   1.1888015487267034e-29   4.1442645485039592e-14   2.1034159660339355e+00   1.3544677379684344e-08   0.0000000000000000e+00 1 
  19.8   6.9168681955149860e-34   5.2458016737714965e-15   2.1101372241973877e+00   1.7144093922283332e-09   0.0000000000000000e+00 1 
  19.8   3.7578388302253541e-38   5.4459846858914169e-18   1.7298152670264244e-02   1.7798216242828624e-12   0.0000000000000000e+00 1 
  20.0   1.6462454358887951e-41   3.1546079818327430e-16   2.0796351432800293e+00   1.0309592068935558e-10   0.0000000000000000e+00 1 
  20.0   1.4012984643248171e-45   3.9983948738400382e-17   2.0147879123687744e+00   1.3067135914979211e-11   0.0000000000000000e+00 1 
  20.0   0.0000000000000000e+00   5.1383243696293626e-18   1.8400290012359619e+00   1.6792520065450622e-12   0.0000000000000000e+00 1 
  20.0   0.0000000000000000e+00   3.1888210452250938e-21   6.7713204771280289e-03   1.0421361869842509e-15   0.0000000000000000e+00 1 
  20.2   0.0000000000000000e+00   3.4905414017422118e-19   1.2220370769500732e+00   1.1407410118510070e-13   0.0000000000000000e+00 1 
  20.2   0.0000000000000000e+00   5.8302591167229862e-20   7.0942455530166626e-01   1.9053821495302985e-14   0.0000000000000000e+00 1 
  20.2   0.0000000000000000e+00   6.0753083843556229e-21   1.5482413768768311e-01   1.9854666159459982e-15   0.0000000000000000e+00 1 
  20.5   0.0000000000000000e+00   9.1983322201722384e-22   3.1548120081424713e-02   3.0060995480752186e-16   0.0000000000000000e+00 1 
  20.5   0.0000000000000000e+00   1.8074102119207736e-22   6.8750730715692043e-03   5.9067829341888833e-17   0.0000000000000000e+00 1 
  20.8   0.0000000000000000e+00   4.4883282498944358e-24   1.7579887935426086e-04   1.4668228366280329e-18   0.0000000000000000e+00 1 
  20.8   0.0000000000000000e+00   2.8524963217548171e-32   1.1208310755211892e-12   9.3222204582614446e-27   0.0000000000000000e+00 1 
  21.0   0.0000000000000000e+00   4.6572875530991364e-30   1.8299647908115446e-10   1.5220444021819772e-24   0.0000000000000000e+00 1 
  21.2   0.0000000000000000e+00   1.0331034874977191e-32   4.0593323515948632e-13   3.3762749853533653e-27   0.0000000000000000e+00 1 
  21.5   0.0000000000000000e+00   2.2916685673520598e-35   9.0045806809470764e-16   7.4893976289759477e-30   0.0000000000000000e+00 1 
  21.8   0.0000000000000000e+00   5.0834231767048513e-38   1.9974141182374160e-18   1.6613094152226397e-32   0.0000000000000000e+00 1 
  22.0   0.0000000000000000e+00   1.1276248742421803e-40   4.4307093445061138e-21   3.6851595795738202e-35   0.0000000000000000e+00 1 
  22.2   0.0000000000000000e+00   2.4943112664981744e-43   9.8283288768662961e-24   8.1745272804610790e-38   0.0000000000000000e+00 1 
  22.5   0.0000000000000000e+00   0.0000000000000000e+00   2.1801607089149196e-26   1.8133082388055998e-40   0.0000000000000000e+00 1 
  22.8   0.0000000000000000e+00   0.0000000000000000e+00   4.8360693728874499e-29   4.0217265926122250e-43   0.0000000000000000e+00 1 
  23.0   0.0000000000000000e+00   0.0000000000000000e+00   1.0727628448782193e-31   1.4012984643248171e-45   0.0000000000000000e+00 1 
  23.2   0.0000000000000000e+00   0.0000000000000000e+00   2.3796317337187717e-34   0.0000000000000000e+00   0.0000000000000000e+00 1 
  23.5   0.0000000000000000e+00   0.0000000000000000e+00   5.2785348180990901e-37   0.0000000000000000e+00   0.0000000000000000e+00 1 
  23.8   0.0000000000000000e+00   0.0000000000000000e+00   1.1708983721189950e-39   0.0000000000000000e+00   0.0000000000000000e+00 1 
  24.0   0.0000000000000000e+00   0.0000000000000000e+00   2.5980073528582108e-42   0.0000000000000000e+00   0.0000000000000000e+00 1 
  24.2   0.0000000000000000e+00   0.0000000000000000e+00   5.6051938572992683e-45   0.0000000000000000e+00   0.0000000000000000e+00 1 
  24.5   0.0000000000000000e+00   0.0000000000000000e+00   0.0000000000000000e+00   0.0000000000000000e+00   0.0000000000000000e+00 1 
  24.8   0.0000000000000000e+00   0.0000000000000000e+00   0.0000000000000000e+00   0.0000000000000000e+00   0.0000000000000000e+00 1 
  25.0   0.0000000000000000e+00   0.0000000000000000e+00   0.0000000000000000e+00   0.0000000000000000e+00   0.0000000000000000e+00 1 
  25.2   0.0000000000000000e+00   0.0000000000000000e+00   0.0000000000000000e+00   0.0000000000000000e+00   0.0000000000000000e+00 1 
  25.5   0.0000000000000000e+00   0.0000000000000000e+00   0.0000000000000000e+00   0.0000000000000000e+00   0.0000000000000000e+00 1 
  25.8   0.0000000000000000e+00   0.0000000000000000e+00   0.0000000000000000e+00   0.0000000000000000e+00   0.0000000000000000e+00 1 
  26.0   0.0000000000000000e+00   0.0000000000000000e+00   0.0000000000000000e+00   0.0000000000000000e+00   0.0000000000000000e+00 1 
  26.2   0.0000000000000000e+00   0.0000000000000000e+00   0.0000000000000000e+00   0.0000000000000000e+00   0.0000000000000000e+00 1 
  26.5   0.0000000000000000e+00   0.0000000000000000e+00   0.0000000000000000e+00   0.0000000000000000e+00   0.0000000000000000e+00 1 
  26.8   0.0000000000000000e+00   0.0000000000000000e+00   0.0000000000000000e+00   0.0000000000000000e+00   0.0000000000000000e+00 1 
  27.0   0.0000000000000000e+00   0.0000000000000000e+00   0.0000000000000000e+00   0.0000000000000000e+00   0.0000000000000000e+00 1 
  27.2   0.0000000000000000e+00   0.0000000000000000e+00   0.0000000000000000e+00   0.0000000000000000e+00   0.0000000000000000e+00 1 
  27.5   0.0000000000000000e+00   0.0000000000000000e+00   0.0000000000000000e+00   0.0000000000000000e+00   0.0000000000000000e+00 1 
  27.8   0.0000000000000000e+00   0.0000000000000000e+00   0.0000000000000000e+00   0.0000000000000000e+00   0.0000000000000000e+00 1 
  28.0   0.0000000000000000e+00   0.0000000000000000e+00   0.0000000000000000e+00   0.0000000000000000e+00   0.0000000000000000e+00 1 
  28.2   0.0000000000000000e+00   0.0000000000000000e+00   0.0000000000000000e+00   0.0000000000000000e+00   0.0000000000000000e+00 1 
  28.5   2.1851364746093750e+03   2.5811612403003892e-08   2.1157180175781250e+03   1.4402683973312378e+00   0.0000000000000000e+00 0 
  28.5   2.1829057617187500e+03   2.3282277494818260e-10   2.0494130859375000e+03   1.7427740385755897e-03   0.0000000000000000e+00 0 
  28.5   2.1613911132812500e+03   2.4557965253371727e-13   1.9852550048828125e+03   1.1817205631814431e-06   0.0000000000000000e+00 0 
  28.5   8.4011645507812500e+02   1.2154705740906476e-16   8.9386871337890625e+01   1.2013399173019246e-12   0.0000000000000000e+00 0 
  28.5   5.3362451493740082e-02   1.2601589741782118e-21   1.1452435865066946e-04   9.5299767885448712e-19   0.0000000000000000e+00 1 
  28.5   6.6653020679950714e-02   1.6790804150739837e-21   1.0822869080584496e-04   9.0378663626217612e-19   0.0000000000000000e+00 1 
  28.5   1.1752395629882812e+00   3.7540965252911211e-20   3.6279037594795227e-03   3.1026793696867870e-17   0.0000000000000000e+00 1 
  28.5   1.2674536705017090e+00   6.3174038740313638e-20   6.2083229422569275e-03   5.6961006939161172e-17   0.0000000000000000e+00 1 
  28.5   1.0883719921112061e+00   9.6802730501533128e-20   9.0979626402258873e-03   9.6941729673172597e-17   0.0000000000000000e+00 1 
  28.5   9.7692698240280151e-01   1.6757902436030365e-19   1.3862069696187973e-02   1.9321230484965437e-16   0.0000000000000000e+00 1 
  28.5   9.1242057085037231e-01   3.1410071866199802e-19   2.0010253414511681e-02   4.2551761543481806e-16   0.0000000000000000e+00 1 
  28.5   8.5961860418319702e-01   6.0215336473833633e-19   2.5915261358022690e-02   9.9299906456020012e-16   0.0000000000000000e+00 1 
  28.5   8.4454363584518433e-01   1.2096479380895041e-18   3.0730891972780228e-02   2.4673576356825993e-15   0.0000000000000000e+00 1 
  28.5   8.3924430608749390e-01   2.4469973277127966e-18   3.2867409288883209e-02   6.1845022206435517e-15   0.0000000000000000e+00 1 
  28.5   8.3187681436538696e-01   4.8623525154536023e-18   3.2911848276853561e-02   1.5562719299019867e-14   0.0000000000000000e+00 1 
  28.5   8.1279265880584717e-01   9.5023365483764118e-18   3.0677080154418945e-02   3.7830273581698076e-14   0.0000000000000000e+00 1 
  28.5   8.4230101108551025e-01   1.9297395771923089e-17   3.0356029048562050e-02   9.9485273263779511e-14   0.0000000000000000e+00 1 
  28.5   8.4297382831573486e-01   3.7134725118461478e-17   2.8876002877950668e-02   2.5147131555922075e-13   0.0000000000000000e+00 1 
  28.5   8.4949833154678345e-01   7.1851647628544759e-17   2.8992131352424622e-02   6.6650705137297206e-13   0.0000000000000000e+00 1 
  28.5   8.0099368095397949e-01   1.2523392713066671e-16   2.6474017649888992e-02   1.5886030555259389e-12   0.0000000000000000e+00 1 
  28.5   7.9233896732330322e-01   2.2611671581895636e-16   2.7323655784130096e-02   4.2657132166834533e-12   0.0000000000000000e+00 1 
  28.5   8.4492838382720947e-01   4.4786115344330442e-16   2.7268415316939354e-02   1.1035707070394807e-11   0.0000000000000000e+00 1 
  28.5   8.5861873626708984e-01   8.3150958618820759e-16   2.6039348915219307e-02   2.6948634296308782e-11   0.0000000000000000e+00 1 
  28.5   9.2061519622802734e-01   1.6262929884537712e-15   2.5627279654145241e-02   6.6818682531444296e-11   0.0000000000000000e+00 1 
  28.5   8.7393963336944580e-01   2.5658612147011700e-15   2.6356713846325874e-02   1.6921655743296071e-10   0.0000000000000000e+00 1 
  28.5   8.5418272018432617e-01   4.3620502717701959e-15   2.4514645338058472e-02   3.8208144981233261e-10   0.0000000000000000e+00 1 
  28.5   9.9653279781341553e-01   8.9454531225475163e-15   2.6495160534977913e-02   9.9304364731267469e-10   0.0000000000000000e+00 1 
  28.5   8.4777057170867920e-01   1.1912676452382163e-14   2.0346494391560555e-02   1.7793049256198401e-09   0.0000000000000000e+00 1 
  28.5   8.9010453224182129e-01   1.9969918120944612e-14   2.5004057213664055e-02   5.0767510195726118e-09   0.0000000000000000e+00 1 
  28.5   8.9575004577636719e-01   3.1205354462547283e-14   2.4936936795711517e-02   1.1604990746150179e-08   0.0000000000000000e+00 1 
  28.5   8.6400747299194336e-01   2.9934554319913445e-14   3.1792216002941132e-02   3.3468971594174945e-08   0.0000000000000000e+00 1 
  28.5   7.6120579242706299e-01   2.5384859145272110e-14   3.1643670052289963e-02   7.4596094634671317e-08   0.0000000000000000e+00 1 
  28.5   9.0733909606933594e-01   1.5003702964820446e-14   4.5366235077381134e-02   2.4068410198196943e-07   0.0000000000000000e+00 1 
  28.5   8.7865132093429565e-01   7.1345876526563573e-14   3.1092658638954163e-02   3.6319627838565793e-07   0.0000000000000000e+00 1 
  28.5   1.1329219341278076e+00   5.3569700894174135e-14   4.5261252671480179e-02   1.1479312433948508e-06   0.0000000000000000e+00 1 
  28.5   1.3022862672805786e+00   6.4928607195618993e-13   3.0046783387660980e-02   1.5821666465853923e-06   0.0000000000000000e+00 1 
  28.5   1.5189689397811890e+00   7.5808163999685485e-13   3.6832265555858612e-02   3.8279431464616209e-06   0.0000000000000000e+00 1 
  28.5   3.3559727668762207e-01   1.8945018419162275e-14   7.9018846154212952e-03   1.5266294894900057e-06   0.0000000000000000e+00 1 
  28.5   1.5823978185653687e+00   1.7264658669705057e-12   9.0424545109272003e-02   3.6000332329422235e-05   0.0000000000000000e+00 1 
  28.5   7.1388566493988037e-01   2.4942021104729095e-12   8.5115451365709305e-03   5.7592833400121890e-06   0.0000000000000000e+00 1 
  28.8   4.6333651989698410e-02   2.0544646713027692e-12   2.9048598371446133e-03   3.4764054817060241e-06   0.0000000000000000e+00 1 
  28.8   4.7945076227188110e-01   1.2012509043035635e-10   7.5969658792018890e-02   2.1963035396765918e-04   0.0000000000000000e+00 1 
  28.8   6.8022674322128296e-01   1.9524327987685552e-10   7.6618857681751251e-02   5.3806218784302473e-04   0.0000000000000000e+00 1 
  28.8   6.5930646657943726e-01   7.6616983590849230e-11   3.5580620169639587e-02   5.7003193069249392e-04   0.0000000000000000e+00 1 
  29.0   3.4488013386726379e-01   1.4167516118601675e-11   3.1721198465675116e-03   1.0172494512517005e-04   0.0000000000000000e+00 1 
  29.0   6.5082448720932007e-01   8.2391393707581528e-10   6.7318440414965153e-04   4.4930515286978334e-05   0.0000000000000000e+00 1 
  29.0   1.1992976069450378e-03   2.4506134968516058e-11   2.6947775040753186e-04   2.5253419153159484e-05   0.0000000000000000e+00 1 
  29.2   4.7884047031402588e-01   5.1286015434470755e-09   5.0687741488218307e-02   8.4379222244024277e-03   0.0000000000000000e+00 1 
  29.2   6.2308955937623978e-02   1.9017181163150099e-09   1.7645522952079773e-02   4.7761020250618458e-03   0.0000000000000000e+00 1 
  29.5   2.4749915301799774e-01   2.1066293154348159e-09   1.8852029740810394e-01   8.6196027696132660e-02   0.0000000000000000e+00 1 
  29.5   3.7486599758267403e-03   2.6032012656607151e-10   1.6687222523614764e-03   1.0951857548207045e-03   0.0000000000000000e+00 1 
  29.8   1.1871809512376785e-01   7.9459859136932209e-08   3.5768416523933411e-01   3.4531444311141968e-01   0.0000000000000000e+00 1 
  29.8   1.4128671027719975e-03   3.7429687821388669e-11   2.9987536436237860e-06   3.9517658478871454e-06   0.0000000000000000e+00 1 
  30.0   1.9599776715040207e-02   5.8117342405239469e-07   3.0737984180450439e-01   5.1483976840972900e-01   0.0000000000000000e+00 1 
  30.2   2.8143002418801188e-04   1.0309527169738431e-06   1.8022902309894562e-01   4.6530067920684814e-01   0.0000000000000000e+00 1 
  30.5   6.5810200758278370e-03   1.3244488172858837e-06   9.6741393208503723e-02   3.5746735334396362e-01   0.0000000000000000e+00 1 
  30.8   1.8723374232649803e-02   1.2688836932284175e-06   5.2420850843191147e-02   2.6066064834594727e-01   0.0000000000000000e+00 1 
  31.0   2.7545260265469551e-02   9.4495788971471484e-07   2.8824262320995331e-02   1.8329292535781860e-01   0.0000000000000000e+00 1 
  31.2   3.1995486468076706e-02   4.6165439471224090e-07   1.6201172024011612e-02   1.2622016668319702e-01   0.0000000000000000e+00 1 
  31.5   3.2865256071090698e-02   1.2455939213396050e-07   9.3339709565043449e-03   8.5906550288200378e-02   0.0000000000000000e+00 1 
  31.8   3.1115515157580376e-02   2.9175197414216258e-12   5.4991710931062698e-03   5.7958118617534637e-02   0.0000000000000000e+00 1 
  32.0   2.7837954461574554e-02   6.3390743321178888e-08   3.3177307341247797e-03   3.8987401872873306e-02   0.0000000000000000e+00 1 
  32.2   2.3779578506946564e-02   2.5422983185308112e-07   2.0472174510359764e-03   2.6214776560664177e-02   0.0000000000000000e+00 1 
  32.5   1.9729800522327423e-02   4.6392761987590347e-07   1.2862033909186721e-03   1.7599143087863922e-02   0.0000000000000000e+00 1 
  32.8   1.5755908563733101e-02   5.6721285091043683e-07   8.1655540270730853e-04   1.1742276139557362e-02   0.0000000000000000e+00 1 
  33.0   1.2142014689743519e-02   5.9885212522203801e-07   5.2160903578624129e-04   7.7731660567224026e-03   0.0000000000000000e+00 1 
  33.2   9.0548498556017876e-03   5.4940488780630403e-07   3.3450397313572466e-04   5.1057399250566959e-03   0.0000000000000000e+00 1 
  33.5   6.4264577813446522e-03   4.2104480257876276e-07   2.1163927158340812e-04   3.2771392725408077e-03   0.0000000000000000e+00 1 
  33.8   4.3747127056121826e-03   2.9373182997005642e-07   1.3082845543976873e-04   2.0391964353621006e-03   0.0000000000000000e+00 1 
  34.0   2.8393436223268509e-03   2.0469310868520552e-07   7.8534540079999715e-05   1.2220910284668207e-03   0.0000000000000000e+00 1 
  34.2   1.7133930232375860e-03   1.4040793416825181e-07   4.4349260861054063e-05   6.8565848050639033e-04   0.0000000000000000e+00 1 
  34.5   9.4108469784259796e-04   6.9132255475778948e-08   2.3099511963664554e-05   3.5380054032430053e-04   0.0000000000000000e+00 1 
  34.8   4.6310990001074970e-04   3.0685033181043764e-08   1.0851127626665402e-05   1.6432856500614434e-04   0.0000000000000000e+00 1 
  35.0   1.9716619863174856e-04   1.2880789768132672e-08   4.1441139728704002e-06   6.1984450439922512e-05   0.0000000000000000e+00 1 
  35.2   6.5363565227016807e-05   3.8589211825978964e-09   1.1512332775964751e-06   1.6992717064567842e-05   0.0000000000000000e+00 1 
  35.5   1.3404502169578336e-05   9.2530894058029389e-10   1.4178044693835545e-07   2.0652919374697376e-06   0.0000000000000000e+00 1 
  35.8   1.1814399840659462e-06   1.9058215075529183e-11   1.0151670615243802e-09   1.4651958757383454e-08   0.0000000000000000e+00 1 
  36.0   7.5613570515997708e-08   5.3212911507727334e-12   2.7550838055390159e-08   3.9041111676851870e-07   0.0000000000000000e+00 1 
  36.2   1.0414203188702231e-06   7.5388089867955976e-12   1.1021330376115301e-10   1.5584620260966631e-09   0.0000000000000000e+00 1 
  36.5   1.3301806575327646e-05   1.8961190395572203e-09   2.1414871298475191e-07   2.9592156352009624e-06   0.0000000000000000e+00 1 
  36.8   6.2197119405027479e-05   3.6756024890394201e-09   1.4919752402420272e-06   2.0350118575152010e-05   0.0000000000000000e+00 1 
  37.0   1.9624920969363302e-04   1.6185305540261652e-08   5.3614053285855334e-06   7.2110182372853160e-05   0.0000000000000000e+00 1 
  37.2   4.9597403267398477e-04   4.1322639532381800e-08   1.4275372450356372e-05   1.8900763825513422e-04   0.0000000000000000e+00 1 
  37.5   1.0273902444168925e-03   6.6567722001309448e-08   3.0785846320213750e-05   4.0042222826741636e-04   0.0000000000000000e+00 1 
  37.8   1.8761936808004975e-03   1.0971868391607131e-07   5.8372403145767748e-05   7.4359850259497762e-04   0.0000000000000000e+00 1 
  38.0   3.2023284584283829e-03   1.7416121522728645e-07   1.0422604827908799e-04   1.2951575918123126e-03   0.0000000000000000e+00 1 
  38.2   5.1006223075091839e-03   2.2819531864115561e-07   1.7570782802067697e-04   2.1191365085542202e-03   0.0000000000000000e+00 1 
  38.5   7.6193031854927540e-03   3.0674857498524943e-07   2.8542202198877931e-04   3.3189915120601654e-03   0.0000000000000000e+00 1 
  38.8   1.0871153324842453e-02   3.4517788094490243e-07   4.4901081128045917e-04   4.9944659695029259e-03   0.0000000000000000e+00 1 
  39.0   1.4996429905295372e-02   3.8218010445234540e-07   6.9714785786345601e-04   7.3477099649608135e-03   0.0000000000000000e+00 1 
  39.2   1.9761914387345314e-02   3.3360632301082660e-07   1.0737978154793382e-03   1.0600596666336060e-02   0.0000000000000000e+00 1 
  39.5   2.4975236505270004e-02   2.1629523416777374e-07   1.6570170409977436e-03   1.5114612877368927e-02   0.0000000000000000e+00 1 
  39.8   3.0276810750365257e-02   9.1806441560038365e-08   2.5675760116428137e-03   2.1292978897690773e-02   0.0000000000000000e+00 1 
  40.0   3.5244364291429520e-02   9.9179002788218895e-09   4.0319766849279404e-03   2.9825406149029732e-02   0.0000000000000000e+00 1 
  40.2   3.9058174937963486e-02   1.6990460594001888e-08   6.4238845370709896e-03   4.1446074843406677e-02   0.0000000000000000e+00 1 
  40.5   4.0728539228439331e-02   1.6802648872271675e-07   1.0458812117576599e-02   5.7308785617351532e-02   0.0000000000000000e+00 1 
  40.8   3.9143800735473633e-02   4.0547269009039155e-07   1.7414079979062080e-02   7.8531347215175629e-02   0.0000000000000000e+00 1 
  41.0   3.2820329070091248e-02   7.2545429929959937e-07   2.9715929180383682e-02   1.0623805969953537e-01   0.0000000000000000e+00 1 
  41.2   2.1381627768278122e-02   8.7617371491433005e-07   5.1882773637771606e-02   1.4061811566352844e-01   0.0000000000000000e+00 1 
  41.5   6.6500632092356682e-03   8.7514700908286613e-07   9.2181868851184845e-02   1.7945939302444458e-01   0.0000000000000000e+00 1 
  41.8   1.1035187635570765e-03   6.6967709244636353e-07   1.6463118791580200e-01   2.1554373204708099e-01   0.0000000000000000e+00 1 
  42.0   5.6645404547452927e-02   3.6706396144836617e-07   2.8725066781044006e-01   2.3301707208156586e-01   0.0000000000000000e+00 1 
  42.2   3.8325163722038269e-01   1.1729647297897827e-07   4.5832979679107666e-01   2.0731106400489807e-01   0.0000000000000000e+00 1 
  42.5   1.9323500394821167e+00   8.7279250493565996e-09   5.5060899257659912e-01   1.2032578140497208e-01   0.0000000000000000e+00 2 
  42.8   1.0197854995727539e+01   1.2026889706362454e-08   1.5984497964382172e-01   1.3618322089314461e-02   0.0000000000000000e+00 0 
  42.8   2.8933556079864502e+00   6.1704419351826800e-09   7.6805919408798218e-02   6.9449660368263721e-03   0.0000000000000000e+00 2 
  42.8   3.6109930370002985e-03   3.0595742953054561e-12   4.9733713967725635e-04   1.9285973394289613e-05   0.0000000000000000e+00 1 
  43.0   1.8384300231933594e+01   5.5138573706869920e-09   4.4793882966041565e-01   1.0913323611021042e-02   0.0000000000000000e+00 0 
  43.0   3.0958299636840820e+00   6.7833610950529533e-10   3.7064284086227417e-02   9.4463309505954385e-04   0.0000000000000000e+00 2 
  43.0   7.2652249336242676e+00   6.6934811859820087e-11   3.5358887910842896e-01   3.5208188928663731e-03   0.0000000000000000e+00 0 
  43.0   1.9382671117782593e+00   3.6064508584371380e-12   8.6467675864696503e-02   8.7443186203017831e-04   0.0000000000000000e+00 1 
  43.0   7.2812843322753906e-01   2.5690794977495379e-11   4.5557182602351531e-05   1.8939765311642986e-07   0.0000000000000000e+00 1 
  43.2   1.6275514602661133e+01   5.3090688095780436e-11   8.6910367012023926e-01   2.5169376749545336e-03   0.0000000000000000e+00 0 
  43.2   1.7007817029953003e+00   2.3851877070657501e-11   8.6431562900543213e-02   2.5389491929672658e-04   0.0000000000000000e+00 1 
  43.2   2.9245145797729492e+01   1.5628918298427052e-11   1.0025373697280884e+00   1.1748872930184007e-03   0.0000000000000000e+00 0 
  43.2   1.8815031051635742e+00   6.0625142059289594e-12   8.7953560054302216e-02   1.0410805407445878e-04   0.0000000000000000e+00 1 
  43.2   3.6767826080322266e+01   5.3757085588523879e-12   2.5116842985153198e-01   1.4451036986429244e-04   0.0000000000000000e+00 0 
  43.2   8.1181573867797852e+00   5.8338958663917140e-12   1.8302911892533302e-02   1.0593956176307984e-05   0.0000000000000000e+00 0 
  43.2   4.3442578315734863e+00   4.6839624193162344e-12   5.2369837649166584e-03   3.0375288133654976e-06   0.0000000000000000e+00 0 
  43.2   1.2328318506479263e-01   2.9076513332476628e-13   4.0122571931533457e-10   2.3315187671138493e-13   0.0000000000000000e+00 1 
  43.2   1.2050240766257048e-03   2.2047380350017189e-15   1.8478965913004686e-08   1.0365322315741832e-11   0.0000000000000000e+00 1 
  43.2   2.3090310394763947e-02   1.0229145953671512e-14   2.5481693228357472e-05   1.3727996517332031e-08   0.0000000000000000e+00 1 
  43.2   1.1580498218536377e+00   6.1496836269159250e-13   1.5377869131043553e-03   7.1658712386124535e-07   0.0000000000000000e+00 1 
  43.2   2.2032811641693115e+00   3.3747584262701358e-13   3.1488442327827215e-03   1.0667356491467217e-06   0.0000000000000000e+00 2 
  43.2   3.4575014114379883e+00   2.4696374502711227e-13   5.2776127122342587e-03   1.2200358696645708e-06   0.0000000000000000e+00 2 
  43.2   6.4163317680358887e+00   2.7811271081229494e-13   4.2710094712674618e-03   6.5193381715289433e-07   0.0000000000000000e+00 0 
  43.2   3.3791840076446533e+00   2.1886584612804821e-13   1.4802593505010009e-03   2.2611300209973706e-07   0.0000000000000000e+00 2 
  43.2   3.9133019447326660e+00   8.7726328209126320e-14   9.6960389055311680e-04   1.0483379497827627e-07   0.0000000000000000e+00 2 
  43.2   5.9114379882812500e+00   6.4123382439388449e-14   1.2138565070927143e-03   9.3168424086798041e-08   0.0000000000000000e+00 0 
  43.2   3.0294578075408936e+00   4.2573485291600918e-14   4.5802418026141822e-04   3.5159224864855787e-08   0.0000000000000000e+00 2 
  43.2   5.6632699966430664e+00   3.8861827574314042e-14   5.9430336114019156e-04   3.4596268960740417e-08   0.0000000000000000e+00 0 
  43.2   3.0361092090606689e+00   2.4991976465215358e-14   2.4393096100538969e-04   1.4205047804694004e-08   0.0000000000000000e+00 2 
  43.2   4.9786276817321777e+00   1.8014783119565080e-14   1.0766834020614624e-04   4.9764610210445426e-09   0.0000000000000000e+00 0 
  43.2   2.8731634616851807e+00   1.1823497435563442e-14   4.5175474951975048e-05   2.0877297668420169e-09   0.0000000000000000e+00 2 
  43.2   4.8885111808776855e+00   8.7482850282503966e-15   3.9588368963450193e-05   1.5040512169051112e-09   0.0000000000000000e+00 0 
  43.2   2.8190040588378906e+00   5.5906783380261366e-15   1.6657893866067752e-05   6.3305333197760660e-10   0.0000000000000000e+00 2 
  43.2   4.9214420318603516e+00   4.2793667271074937e-15   1.7708725863485597e-05   5.6992949248879654e-10   0.0000000000000000e+00 0 
  43.2   2.7917253971099854e+00   2.6388777840950957e-15   7.5332723099563736e-06   2.4247440166824674e-10   0.0000000000000000e+00 2 
  43.2   5.0668592453002930e+00   2.1040880744948058e-15   5.9962508203170728e-06   1.6769900745838839e-10   0.0000000000000000e+00 0 
  43.2   2.7807748317718506e+00   1.2375941217608643e-15   2.4108496745611774e-06   6.7454652974419105e-11   0.0000000000000000e+00 2 
  43.2   5.3139243125915527e+00   1.0268805942086089e-15   1.4717940075570368e-06   3.6607095826868274e-11   0.0000000000000000e+00 0 
  43.2   2.7979326248168945e+00   5.7372950825146461e-16   5.1510988896552590e-07   1.2817201293369163e-11   0.0000000000000000e+00 2 
  43.2   5.3214311599731445e+00   5.4105081832771609e-16   1.0195304867011146e-06   2.2988501727216892e-11   0.0000000000000000e+00 0 
  43.2   2.7691001892089844e+00   2.9526729449271536e-16   4.1073977286032459e-07   9.2576198443272695e-12   0.0000000000000000e+00 2 
  43.2   5.2679767608642578e+00   2.1569711207187499e-16   2.8125310791438096e-07   5.8540620267999444e-12   0.0000000000000000e+00 0 
  43.2   2.7173306941986084e+00   1.1558852473226558e-16   1.1054162030177395e-07   2.3039289660103934e-12   0.0000000000000000e+00 2 
  43.2   5.4802436828613281e+00   6.6256260475546159e-17   1.2138704619246710e-07   2.3623039288600545e-12   0.0000000000000000e+00 0 
  43.2   2.7070214748382568e+00   3.3574645641151654e-17   4.7806125280658307e-08   9.3038836183889639e-13   0.0000000000000000e+00 2 
  43.2   5.6793169975280762e+00   3.2771658407154577e-17   1.6176167960679777e-08   2.9801408194495005e-13   0.0000000000000000e+00 0 
  43.2   2.6994459629058838e+00   1.5934329209827469e-17   5.0188528888384099e-09   9.2683273436675734e-14   0.0000000000000000e+00 2 
  43.2   5.6865868568420410e+00   1.9339639885806172e-17   6.1613278923289272e-09   1.0877437866445641e-13   0.0000000000000000e+00 0 
  43.2   2.6616992950439453e+00   9.3474999182350607e-18   2.0020440860690769e-09   3.5269147492930294e-14   0.0000000000000000e+00 2 
  43.2   5.7589077949523926e+00   6.7628247882125599e-18   3.1659200261380249e-10   5.3767728726912718e-15   0.0000000000000000e+00 0 
  43.2   2.6309359073638916e+00   3.1660687429275938e-18   3.6913760242951454e-11   6.3591877311799374e-16   0.0000000000000000e+00 2 
  43.2   5.7262024879455566e+00   2.3429262193298969e-18   8.2229334452676994e-10   1.3554239009655206e-14   0.0000000000000000e+00 0 
  43.2   2.5884838104248047e+00   1.0748641305503933e-18   2.8610619429159101e-10   4.7406977161153913e-15   0.0000000000000000e+00 2 
  43.2   5.6839213371276855e+00   8.3611374957829410e-19   4.6381654073002210e-10   7.5535747023013598e-15   0.0000000000000000e+00 0 
  43.2   2.5525519847869873e+00   3.7644389971344189e-19   1.7893467263441210e-10   2.8782501420221082e-15   0.0000000000000000e+00 2 
  43.2   5.3293924331665039e+00   2.7645960639383107e-19   1.2881087863014784e-10   2.0307377741196619e-15   0.0000000000000000e+00 0 
  43.2   2.4949791431427002e+00   1.2794807742985211e-19   5.3233070729241661e-11   8.3924257348016573e-16   0.0000000000000000e+00 2 
  43.2   4.6501197814941406e+00   2.1254670795840004e-19   8.7140355695125571e-12   1.3510039189341142e-16   0.0000000000000000e+00 0 
  43.2   2.4158265590667725e+00   1.1377419546208820e-19   2.4548828681664192e-12   3.8060224418622559e-17   0.0000000000000000e+00 2 
  43.2   6.2923467159271240e-01   1.1911273189380021e-20   4.0502956891175224e-12   6.4750262365107614e-17   0.0000000000000000e+00 1 
  43.5   5.8523342013359070e-02   5.8090621490450138e-22   1.8386711424234203e-12   2.7825118344087472e-17   0.0000000000000000e+00 1 
  43.5   3.4192234743386507e-03   1.3933195027730855e-21   6.9416632164642778e-11   1.0473887441692933e-15   0.0000000000000000e+00 1 
  43.5   7.1051792474463582e-05   1.1298837388016282e-18   4.0633199915873774e-08   5.8987320236680851e-13   0.0000000000000000e+00 1 
  43.5   2.9161267320887418e-06   2.0515871513031476e-14   7.9468596959486604e-04   1.0715869969146752e-08   0.0000000000000000e+00 1 
  43.5   6.1362257497421524e-09   1.0704364478142381e-11   6.2676763534545898e-01   5.5731238717271481e-06   0.0000000000000000e+00 1 
  43.5   9.7206357546619770e-13   5.5258731618268442e-12   1.5268298387527466e+00   2.8720817226712825e-06   0.0000000000000000e+00 1 
  43.5   1.0309773352324534e-16   1.0282322953150680e-12   1.9263736009597778e+00   5.3407296718432917e-07   0.0000000000000000e+00 1 
  43.5   9.8185458215056414e-21   1.4493569918446608e-13   2.0616905689239502e+00   7.5262690302224655e-08   0.0000000000000000e+00 1 
  43.5   8.2072245484101613e-25   8.2254800407603669e-17   9.1922348365187645e-03   4.2711709169473977e-11   0.0000000000000000e+00 1 
  43.8   7.1853870293787152e-28   9.8033535025150893e-15   2.1001172065734863e+00   5.0902277948239316e-09   0.0000000000000000e+00 1 
  43.8   6.5648309085584373e-32   1.2423710699460233e-15   2.1036262512207031e+00   6.4505939478820551e-10   0.0000000000000000e+00 1 
  43.8   5.9747000745418627e-36   1.5656444500485180e-16   2.0791382789611816e+00   8.1290169040570959e-11   0.0000000000000000e+00 1 
  43.8   5.4192415510833651e-40   1.9815164513266981e-17   2.0027730464935303e+00   1.0288245082257230e-11   0.0000000000000000e+00 1 
  43.8   4.2038953929744512e-44   1.4175159493290037e-21   1.0042130015790462e-03   7.3598899251207050e-16   0.0000000000000000e+00 1 
  44.0   0.0000000000000000e+00   1.6285378871530687e-18   1.7151768207550049e+00   8.4555301128885763e-13   0.0000000000000000e+00 1 
  44.0   0.0000000000000000e+00   2.2815210352436940e-19   1.2846839427947998e+00   1.1845883161106657e-13   0.0000000000000000e+00 1 
  44.0   0.0000000000000000e+00   3.5680348480769619e-20   7.0468825101852417e-01   1.8525588032472680e-14   0.0000000000000000e+00 1 
  44.0   0.0000000000000000e+00   1.9712069426308106e-21   8.0763749778270721e-02   1.0234701219256079e-15   0.0000000000000000e+00 1 
  44.2   0.0000000000000000e+00   8.0021227285923111e-22   4.2689580470323563e-02   4.1547942797690734e-16   0.0000000000000000e+00 1 
  44.2   0.0000000000000000e+00   3.5090744399120121e-22   2.1103976294398308e-02   1.8219460319758286e-16   0.0000000000000000e+00 1 
  44.2   0.0000000000000000e+00   5.8686019439378729e-31   3.6617788662374195e-11   3.0470358900982470e-25   0.0000000000000000e+00 1 
  44.5   0.0000000000000000e+00   7.5210571860522715e-26   4.6935501814004965e-06   3.9049933329489732e-20   0.0000000000000000e+00 1 
  44.8   0.0000000000000000e+00   5.7716644129735840e-28   3.6028662719900240e-08   2.9967048643498957e-22   0.0000000000000000e+00 1 
  45.0   0.0000000000000000e+00   4.4291882345763112e-30   2.7649144085373223e-10   2.2996811972282782e-24   0.0000000000000000e+00 1 
  45.2   0.0000000000000000e+00   3.3990050982240010e-32   2.1218248512366866e-12   1.7647960141065067e-26   0.0000000000000000e+00 1 
  45.5   0.0000000000000000e+00   2.6083909699947027e-34   1.6282895509895680e-14   1.3543016590897088e-28   0.0000000000000000e+00 1 
  45.8   0.0000000000000000e+00   2.0016789395423979e-36   1.2495484300943622e-16   1.0392914190648262e-30   0.0000000000000000e+00 1 
  46.0   0.0000000000000000e+00   1.5360973510094679e-38   9.5890685035541281e-19   7.9755763560636138e-33   0.0000000000000000e+00 1 
  46.2   0.0000000000000000e+00   1.1788002941593226e-40   7.3586633527570899e-21   6.1204426482121879e-35   0.0000000000000000e+00 1 
  46.5   0.0000000000000000e+00   9.0523880795383183e-43   5.6470715185329240e-23   4.6968542561035785e-37   0.0000000000000000e+00 1 
  46.8   0.0000000000000000e+00   7.0064923216240854e-45   4.3335423018069476e-25   3.6043526476100069e-39   0.0000000000000000e+00 1 
  47.0   0.0000000000000000e+00   0.0000000000000000e+00   3.3255821981011600e-27   2.7660230387307564e-41   0.0000000000000000e+00 1 
  47.2   0.0000000000000000e+00   0.0000000000000000e+00   2.5520572924713715e-29   2.1159606811304738e-43   0.0000000000000000e+00 1 
  47.5   0.0000000000000000e+00   0.0000000000000000e+00   1.9584454111747662e-31   1.4012984643248171e-45   0.0000000000000000e+00 1 
  47.8   0.0000000000000000e+00   0.0000000000000000e+00   1.5029159962873505e-33   0.0000000000000000e+00   0.0000000000000000e+00 1 
  48.0   0.0000000000000000e+00   0.0000000000000000e+00   1.1533365979938054e-35   0.0000000000000000e+00   0.0000000000000000e+00 1 
  48.2   0.0000000000000000e+00   0.0000000000000000e+00   8.8507238544210195e-38   0.0000000000000000e+00   0.0000000000000000e+00 1 
  48.5   0.0000000000000000e+00   0.0000000000000000e+00   6.7920376046438154e-40   0.0000000000000000e+00   0.0000000000000000e+00 1 
  48.8   0.0000000000000000e+00   0.0000000000000000e+00   5.2128302872883195e-42   0.0000000000000000e+00   0.0000000000000000e+00 1 
  49.0   0.0000000000000000e+00   0.0000000000000000e+00   4.0637655465419695e-44   0.0000000000000000e+00   0.0000000000000000e+00 1 
  49.2   0.0000000000000000e+00   0.0000000000000000e+00   0.0000000000000000e+00   0.0000000000000000e+00   0.0000000000000000e+00 1 
  49.5   0.0000000000000000e+00   0.0000000000000000e+00   0.0000000000000000e+00   0.0000000000000000e+00   0.0000000000000000e+00 1 
  49.8   0.0000000000000000e+00   0.0000000000000000e+00   0.0000000000000000e+00   0.0000000000000000e+00   0.0000000000000000e+00 1 
  50.0   0.0000000000000000e+00   0.0000000000000000e+00   0.0000000000000000e+00   0.0000000000000000e+00   0.0000000000000000e+00 1 
  50.2   0.0000000000000000e+00   0.0000000000000000e+00   0.0000000000000000e+00   0.0000000000000000e+00   0.0000000000000000e+00 1 
  50.5   0.0000000000000000e+00   0.0000000000000000e+00   0.0000000000000000e+00   0.0000000000000000e+00   0.0000000000000000e+00 1 
  50.8   0.0000000000000000e+00   0.0000000000000000e+00   0.0000000000000000e+00   0.0000000000000000e+00   0.0000000000000000e+00 1 
  51.0   0.0000000000000000e+00   0.0000000000000000e+00   0.0000000000000000e+00   0.0000000000000000e+00   0.0000000000000000e+00 1 
  51.2   0.0000000000000000e+00   0.0000000000000000e+00   0.0000000000000000e+00   0.0000000000000000e+00   0.0000000000000000e+00 1 
  51.5   0.0000000000000000e+00   0.0000000000000000e+00   0.0000000000000000e+00   0.0000000000000000e+00   0.0000000000000000e+00 1 
  51.8   0.0000000000000000e+00   0.0000000000000000e+00   0.0000000000000000e+00   0.0000000000000000e+00   0.0000000000000000e+00 1 
  52.0   0.0000000000000000e+00   0.0000000000000000e+00   0.0000000000000000e+00   0.0000000000000000e+00   0.0000000000000000e+00 1 
  52.2   0.0000000000000000e+00   0.0000000000000000e+00   0.0000000000000000e+00   0.0000000000000000e+00   0.0000000000000000e+00 1 
  52.5   2.1851562500000000e+03   1.7263620577523398e-07   2.1261228027343750e+03   1.2351729869842529e+00   0.0000000000000000e+00 0 
  52.5   2.1832075195312500e+03   2.0645234111681121e-13   2.0611633300781250e+03   1.7208937788382173e-03   0.0000000000000000e+00 0 
  52.5   2.1653818359375000e+03   7.0454292356789128e-13   1.9917833251953125e+03   1.2493892427301034e-06   0.0000000000000000e+00 0 
  52.5   9.8083599853515625e+02   1.2669615746053385e-16   9.4014320373535156e+01   1.2816113188068856e-12   0.0000000000000000e+00 0 
  52.5   8.2263439893722534e-02   1.2488551148991485e-21   1.1546492169145495e-04   9.6083045886990488e-19   0.0000000000000000e+00 1 
  52.5   1.0144881159067154e-01   1.6613636846153254e-21   1.0775317059597000e-04   8.9987582972360198e-19   0.0000000000000000e+00 1 
  52.5   1.2175669670104980e+00   2.6121303919264780e-20   2.3957600351423025e-03   2.0448116500547658e-17   0.0000000000000000e+00 1 
  52.5   1.2434375286102295e+00   4.2936063390180802e-20   4.0067867375910282e-03   3.6380703668005091e-17   0.0000000000000000e+00 1 
  52.5   1.0652223825454712e+00   6.7463099463371798e-20   6.1378218233585358e-03   6.3524367462414226e-17   0.0000000000000000e+00 1 
  52.5   9.5058399438858032e-01   1.1896922575104506e-19   9.9066821858286858e-03   1.2998812454025809e-16   0.0000000000000000e+00 1 
  52.5   8.9299136400222778e-01   2.2905657382540785e-19   1.5569142997264862e-02   2.9906208150575343e-16   0.0000000000000000e+00 1 
  52.5   8.5708332061767578e-01   4.5718603328050861e-19   2.1844729781150818e-02   7.2372289664464416e-16   0.0000000000000000e+00 1 
  52.5   8.3579444885253906e-01   9.2620622939208368e-19   2.7354093268513680e-02   1.8259637474726722e-15   0.0000000000000000e+00 1 
  52.5   8.2468563318252563e-01   1.8873949608648006e-18   3.0502727255225182e-02   4.6374727754488251e-15   0.0000000000000000e+00 1 
  52.5   8.2755631208419800e-01   3.8630352038379833e-18   3.2290160655975342e-02   1.2133057484598787e-14   0.0000000000000000e+00 1 
  52.5   8.3635145425796509e-01   7.8403917314144703e-18   3.2151091843843460e-02   3.1228922307271686e-14   0.0000000000000000e+00 1 
  52.5   8.2782560586929321e-01   1.5415177422499388e-17   3.0286215245723724e-02   7.7472167678456494e-14   0.0000000000000000e+00 1 
  52.5   8.3134305477142334e-01   3.0254422071702606e-17   2.9278108850121498e-02   1.9826157317444359e-13   0.0000000000000000e+00 1 
  52.5   8.6496913433074951e-01   6.0845837524959315e-17   2.8853636234998703e-02   5.1545540839109671e-13   0.0000000000000000e+00 1 
  52.5   8.3652049303054810e-01   1.1103406827954861e-16   2.7647392824292183e-02   1.2855952196896836e-12   0.0000000000000000e+00 1 
  52.5   8.4283852577209473e-01   2.1011738841095570e-16   2.6762414723634720e-02   3.2081691903745879e-12   0.0000000000000000e+00 1 
  52.5   8.7101542949676514e-01   4.0569074466152222e-16   2.5832051411271095e-02   7.8927290050878618e-12   0.0000000000000000e+00 1 
  52.5   8.3573174476623535e-01   6.9454287630952953e-16   2.6749603450298309e-02   2.0512347029266742e-11   0.0000000000000000e+00 1 
  52.5   8.4027588367462158e-01   1.2630802843525621e-15   2.6468785479664803e-02   5.0461093636933185e-11   0.0000000000000000e+00 1 
  52.5   9.2225033044815063e-01   2.5219203217711691e-15   2.7206011116504669e-02   1.2767494006471480e-10   0.0000000000000000e+00 1 
  52.5   9.9736386537551880e-01   4.9159412096057807e-15   2.4659143760800362e-02   2.7852975481579278e-10   0.0000000000000000e+00 1 
  52.5   8.2344192266464233e-01   6.7389090015440144e-15   2.3274533450603485e-02   6.1417271268737750e-10   0.0000000000000000e+00 1 
  52.5   8.4550684690475464e-01   1.1198709840042672e-14   2.7589457109570503e-02   1.6972904193224281e-09   0.0000000000000000e+00 1 
  52.5   8.6864542961120605e-01   1.7383294646398581e-14   3.2986320555210114e-02   4.6963379851661102e-09   0.0000000000000000e+00 1 
  52.5   7.4401479959487915e-01   2.0724483869478949e-14   3.3421482890844345e-02   1.0875560008116736e-08   0.0000000000000000e+00 1 
  52.5   7.4838691949844360e-01   3.0293303266261742e-14   3.7419691681861877e-02   2.8004398799907904e-08   0.0000000000000000e+00 1 
  52.5   9.6029740571975708e-01   7.7716838227468582e-14   4.1138980537652969e-02   7.0907454130519909e-08   0.0000000000000000e+00 1 
  52.5   7.9754918813705444e-01   5.1043401412065662e-14   4.5778237283229828e-02   1.7612661906696303e-07   0.0000000000000000e+00 1 
  52.5   8.6968499422073364e-01   5.4140868763034866e-14   5.7015314698219299e-02   4.8582523959339596e-07   0.0000000000000000e+00 1 
  52.5   1.0452039241790771e+00   1.1126526539310608e-13   6.2254119664430618e-02   1.1509069963722141e-06   0.0000000000000000e+00 1 
  52.5   1.1394122838973999e+00   6.0579785545605835e-13   4.4054698199033737e-02   1.6962586641966482e-06   0.0000000000000000e+00 1 
  52.5   8.1317877769470215e-01   1.2927583537079151e-13   4.3253645300865173e-02   3.3261189855693374e-06   0.0000000000000000e+00 1 
  52.5   3.2830038666725159e-01   4.7151101382689187e-13   3.5633198916912079e-02   5.4515357987838797e-06   0.0000000000000000e+00 1 
  52.5   1.0225765705108643e+00   3.6544135366455358e-15   9.0115897357463837e-02   2.9998915124451742e-05   0.0000000000000000e+00 1 
  52.5   2.2746682167053223e-01   1.4239003314105159e-13   1.3655805028975010e-02   7.7916283771628514e-06   0.0000000000000000e+00 1 
  52.8   1.8955636769533157e-02   7.0457858297734433e-12   2.0342049538157880e-04   2.1957112039672211e-07   0.0000000000000000e+00 1 
  52.8   6.0050529241561890e-01   1.1678563671679854e-10   1.9056470692157745e-01   6.1857246328145266e-04   0.0000000000000000e+00 1 
  52.8   5.0232976675033569e-01   4.6440198908648256e-11   8.9227505028247833e-02   7.8693963587284088e-04   0.0000000000000000e+00 1 
  52.8   1.0024473816156387e-01   2.8694090506431458e-11   3.4560993663035333e-04   4.4448615881265141e-06   0.0000000000000000e+00 1 
  53.0   7.2530597448348999e-01   2.3096254075927192e-10   8.1836655735969543e-03   2.3810779384803027e-04   0.0000000000000000e+00 1 
  53.0   4.2053261399269104e-01   9.6744401378856537e-10   9.1869458556175232e-03   5.7491526240482926e-04   0.0000000000000000e+00 1 
  53.2   2.4023477733135223e-01   1.5398181618664353e-09   4.9816697835922241e-02   6.0415375046432018e-03   0.0000000000000000e+00 1 
  53.2   2.2087449207901955e-02   5.7378501949756355e-10   2.3940514773130417e-02   4.6826461330056190e-03   0.0000000000000000e+00 1 
  53.5   2.3080180585384369e-01   6.4705307778467613e-10   2.5390407443046570e-01   8.6516194045543671e-02   0.0000000000000000e+00 1 
  53.5   4.9529426178196445e-06   4.9954613362546141e-11   7.7754806261509657e-04   3.6905644810758531e-04   0.0000000000000000e+00 1 
  53.8   1.1618784070014954e-01   1.3955957456346368e-07   4.6661669015884399e-01   3.2972118258476257e-01   0.0000000000000000e+00 1 
  53.8   4.4025442912243307e-04   8.2500247952643768e-12   2.0814425738535647e-08   1.9536221529392606e-08   0.0000000000000000e+00 1 
  54.0   1.4693350531160831e-02   4.3252276782368426e-07   3.4123876690864563e-01   4.0816339850425720e-01   0.0000000000000000e+00 1 
  54.2   7.5181201282248367e-06   6.9590191742463503e-07   2.0002841949462891e-01   3.6660179495811462e-01   0.0000000000000000e+00 1 
  54.5   6.5992553718388081e-03   8.3598490618896903e-07   1.0987647622823715e-01   2.8684836626052856e-01   0.0000000000000000e+00 1 
  54.8   1.6417767852544785e-02   7.9647094253232353e-07   6.0179885476827621e-02   2.1077615022659302e-01   0.0000000000000000e+00 1 
  55.0   2.3159807547926903e-02   5.8901315469483961e-07   3.3262774348258972e-02   1.4872528612613678e-01   0.0000000000000000e+00 1 
  55.2   2.6239667087793350e-02   3.1511720521848474e-07   1.8688619136810303e-02   1.0230910032987595e-01   0.0000000000000000e+00 1 
  55.5   2.6466701179742813e-02   9.8314046681480249e-08   1.0720415972173214e-02   6.9349929690361023e-02   0.0000000000000000e+00 1 
  55.8   2.4752989411354065e-02   2.3972732687838061e-09   6.2853260897099972e-03   4.6610794961452484e-02   0.0000000000000000e+00 1 
  56.0   2.1924922242760658e-02   2.7632934163079881e-08   3.7625851109623909e-03   3.1165352091193199e-02   0.0000000000000000e+00 1 
  56.2   1.8583487719297409e-02   1.1559037460528998e-07   2.2977518383413553e-03   2.0790677517652512e-02   0.0000000000000000e+00 1 
  56.5   1.5203158371150494e-02   2.1870778255106416e-07   1.4263911871239543e-03   1.3831796124577522e-02   0.0000000000000000e+00 1 
  56.8   1.2022601440548897e-02   2.7744354724745790e-07   8.9632131857797503e-04   9.1654183343052864e-03   0.0000000000000000e+00 1 
  57.0   9.2049157246947289e-03   2.9550184876825369e-07   5.6845130166038871e-04   6.0464073903858662e-03   0.0000000000000000e+00 1 
  57.2   6.8006785586476326e-03   2.7217672027290973e-07   3.5999747342430055e-04   3.9377403445541859e-03   0.0000000000000000e+00 1 
  57.5   4.8153009265661240e-03   2.2104879349171824e-07   2.2620822710450739e-04   2.5206550490111113e-03   0.0000000000000000e+00 1 
  57.8   3.2535449136048555e-03   1.5484505411222926e-07   1.3882703206036240e-04   1.5639304183423519e-03   0.0000000000000000e+00 1 
  58.0   2.0891218446195126e-03   1.1441430558534194e-07   8.2526312326081097e-05   9.3420874327421188e-04   0.0000000000000000e+00 1 
  58.2   1.2550394749268889e-03   6.9662910107126663e-08   4.6680528612341732e-05   5.2772340131923556e-04   0.0000000000000000e+00 1 
  58.5   6.8206270225346088e-04   3.5159843037035898e-08   2.4204484361689538e-05   2.7231572312302887e-04   0.0000000000000000e+00 1 
  58.8   3.3705247915349901e-04   1.8133132329012369e-08   1.1259183338552248e-05   1.2580933980643749e-04   0.0000000000000000e+00 1 
  59.0   1.4442527026403695e-04   7.6983690533438676e-09   4.4014045670337509e-06   4.8781916120788082e-05   0.0000000000000000e+00 1 
  59.2   4.7598281526006758e-05   1.4462641084733718e-09   1.3108103757986100e-06   1.4398458915820811e-05   0.0000000000000000e+00 1 
  59.5   1.0383000699221157e-05   8.0662798662700652e-10   1.9058205680266838e-07   2.0753884655277943e-06   0.0000000000000000e+00 1 
  59.8   7.3009357492992422e-07   1.5653291163264527e-11   8.4118011167699791e-11   9.2285684649695554e-10   0.0000000000000000e+00 1 
  60.0   2.6974339206731202e-08   2.9415825244377691e-12   1.0945520045879675e-08   1.1685992973298198e-07   0.0000000000000000e+00 1 
  60.2   1.0509203320907545e-06   1.0952374424055833e-10   5.8021432103316783e-09   6.1363820691440196e-08   0.0000000000000000e+00 1 
  60.5   9.8947275546379387e-06   9.5073160455427796e-10   2.9361638098635012e-07   3.0822816370346118e-06   0.0000000000000000e+00 1 
  60.8   4.7462410293519497e-05   3.6078182663601410e-09   1.7667372276264359e-06   1.8368669771007262e-05   0.0000000000000000e+00 1 
  61.0   1.5302309475373477e-04   1.1634964991458219e-08   5.7697088777786121e-06   5.9367459471104667e-05   0.0000000000000000e+00 1 
  61.2   3.7712874473072588e-04   2.2206963379289846e-08   1.4553795153915416e-05   1.4797567564528435e-04   0.0000000000000000e+00 1 
  61.5   7.5740698957815766e-04   3.8437846683336829e-08   3.0607454391429201e-05   3.0681333737447858e-04   0.0000000000000000e+00 1 
  61.8   1.3874566648155451e-03   6.0502358678604651e-08   5.8175897720502689e-05   5.7317153550684452e-04   0.0000000000000000e+00 1 
  62.0   2.3692266549915075e-03   9.4886416945882956e-08   1.0282150469720364e-04   9.9159497767686844e-04   0.0000000000000000e+00 1 
  62.2   3.7720371037721634e-03   1.4614519727729203e-07   1.7205590847879648e-04   1.6156046185642481e-03   0.0000000000000000e+00 1 
  62.5   5.6521645747125149e-03   1.8430468173846748e-07   2.7828037855215371e-04   2.5276534724980593e-03   0.0000000000000000e+00 1 
  62.8   8.0302413552999496e-03   2.0256499055903987e-07   4.3934053974226117e-04   3.8292428944259882e-03   0.0000000000000000e+00 1 
  63.0   1.0951939970254898e-02   2.0852138504778850e-07   6.8459060275927186e-04   5.6697884574532509e-03   0.0000000000000000e+00 1 
  63.2   1.4351855963468552e-02   1.7410309283150127e-07   1.0609681485220790e-03   8.2529056817293167e-03   0.0000000000000000e+00 1 
  63.5   1.8078278750181198e-02   1.1518846321223464e-07   1.6479050973430276e-03   1.1873922310769558e-02   0.0000000000000000e+00 1 
  63.8   2.1907426416873932e-02   4.7693688998151629e-08   2.5824566837400198e-03   1.6957052052021027e-02   0.0000000000000000e+00 1 
  64.0   2.5416759774088860e-02   2.7855011630606441e-09   4.0966356173157692e-03   2.4047246202826500e-02   0.0000000000000000e+00 1 
  64.2   2.8055818751454353e-02   1.7552416409216676e-08   6.6086077131330967e-03   3.3901479095220566e-02   0.0000000000000000e+00 1 
  64.5   2.9097987338900566e-02   1.2001875404621387e-07   1.0882711037993431e-02   4.7498982399702072e-02   0.0000000000000000e+00 1 
  64.8   2.7684528380632401e-02   2.9448446525748295e-07   1.8315501511096954e-02   6.5901912748813629e-02   0.0000000000000000e+00 1 
  65.0   2.2953696548938751e-02   4.9720972583600087e-07   3.1529255211353302e-02   9.0082593262195587e-02   0.0000000000000000e+00 1 
  65.2   1.4468600973486900e-02   6.1641327420147718e-07   5.5337999016046524e-02   1.2005114555358887e-01   0.0000000000000000e+00 1 
  65.5   3.9866524748504162e-03   6.1081522062522708e-07   9.8525255918502808e-02   1.5376354753971100e-01   0.0000000000000000e+00 1 
  65.8   1.4107539318501949e-03   4.8177400913118618e-07   1.7543379962444305e-01   1.8440112471580505e-01   0.0000000000000000e+00 1 
  66.0   4.6937037259340286e-02   2.8170435939500749e-07   3.0378946661949158e-01   1.9805032014846802e-01   0.0000000000000000e+00 1 
  66.2   3.0143702030181885e-01   1.0102299796699299e-07   4.7848096489906311e-01   1.7393106222152710e-01   0.0000000000000000e+00 1 
  66.5   1.4893854856491089e+00   1.0006778516924442e-08   5.6488215923309326e-01   9.8932243883609772e-02   0.0000000000000000e+00 2 
  66.8   7.7832441329956055e+00   1.2621215184083212e-08   1.6045098006725311e-01   1.0852145031094551e-02   0.0000000000000000e+00 0 
  66.8   2.3781316280364990e+00   5.5714228786030162e-09   1.0587310791015625e-01   7.4987644329667091e-03   0.0000000000000000e+00 2 
  66.8   2.8454008698463440e-01   6.0447438721134006e-11   1.9918610341846943e-03   5.6636108638485894e-05   0.0000000000000000e+00 1 
  67.0   1.9593851089477539e+01   1.3685331090584896e-08   6.4828169345855713e-01   1.2087413109838963e-02   0.0000000000000000e+00 0 
  67.0   2.4969031810760498e+00   1.0751450840729149e-09   3.0317459255456924e-02   5.9083837550133467e-04   0.0000000000000000e+00 2 
  67.0   2.1065380573272705e+00   1.2592814291334520e-10   2.2597563266754150e-01   1.5701090451329947e-03   0.0000000000000000e+00 2 
  67.2   3.3397418975830078e+01   2.4097662754130056e-10   4.6629643440246582e+00   9.4417752698063850e-03   0.0000000000000000e+00 0 
  67.2   1.4332395792007446e-01   7.6997352937979713e-11   1.3103196024894714e-01   2.7078384300693870e-04   0.0000000000000000e+00 1 
  67.2   6.1848613739013672e+01   1.4296151935877521e-11   5.5162220001220703e+00   3.5280596930533648e-03   0.0000000000000000e+00 0 
  67.2   8.0379275605082512e-03   4.7216730525434514e-11   2.7366873621940613e-01   1.7698606825433671e-04   0.0000000000000000e+00 1 
  67.2   5.1699176788330078e+01   4.0452220566311592e-12   6.9497609138488770e-01   1.9489326223265380e-04   0.0000000000000000e+00 0 
  67.2   8.0758285522460938e+00   2.4951236823195222e-12   3.8595549762248993e-02   1.0881060006795451e-05   0.0000000000000000e+00 0 
  67.2   4.0424761772155762e+00   1.9170808603780065e-12   1.1290133930742741e-02   3.1879485504759941e-06   0.0000000000000000e+00 0 
  67.2   9.8499901592731476e-02   1.4401873519708647e-13   1.7442498556619057e-09   4.9761166324643891e-13   0.0000000000000000e+00 1 
  67.2   6.5800570882856846e-04   9.8303711006754229e-16   1.7797153972765045e-08   4.8313024587909315e-12   0.0000000000000000e+00 1 
  67.2   8.7603218853473663e-02   8.3683378965509342e-14   3.8082824175944552e-05   9.8791907987560990e-09   0.0000000000000000e+00 1 
  67.2   7.0259243249893188e-01   3.0244041862928506e-13   1.2135043507441878e-03   2.6334470248912112e-07   0.0000000000000000e+00 1 
  67.2   2.4171090126037598e+00   3.9628218241605229e-13   4.2591216042637825e-03   6.7102178036293481e-07   0.0000000000000000e+00 2 
  67.2   4.1655755043029785e+00   2.3943919221468268e-13   7.3892907239496708e-03   7.6572229090743349e-07   0.0000000000000000e+00 0 
  67.2   2.7310864925384521e+00   1.9051001553214986e-13   3.9146756753325462e-03   4.0577833715360612e-07   0.0000000000000000e+00 2 
  67.2   5.0827593803405762e+00   1.6885092228493409e-13   3.3556448761373758e-03   2.3269728899322217e-07   0.0000000000000000e+00 0 
  67.2   2.8901627063751221e+00   1.1688414992827578e-13   1.3900874182581902e-03   9.6433019791675179e-08   0.0000000000000000e+00 2 
  67.2   4.9515509605407715e+00   9.5185734023516683e-14   1.9928088877350092e-03   9.6264756166419829e-08   0.0000000000000000e+00 0 
  67.2   2.8942980766296387e+00   6.5332809962796029e-14   8.7354303104802966e-04   4.2209357786759938e-08   0.0000000000000000e+00 2 
  67.2   4.8841218948364258e+00   4.7827325731558332e-14   1.0578084038570523e-03   3.7127691143723496e-08   0.0000000000000000e+00 0 
  67.2   2.8062293529510498e+00   3.1076683381595777e-14   4.7744793118909001e-04   1.6763660681817782e-08   0.0000000000000000e+00 2 
  67.2   5.1889300346374512e+00   2.6027543699935415e-14   4.3903486221097410e-04   1.1650416631425742e-08   0.0000000000000000e+00 0 
  67.2   2.8750033378601074e+00   1.6129470738093614e-14   1.8352054757997394e-04   4.8720445455785466e-09   0.0000000000000000e+00 2 
  67.2   5.2771158218383789e+00   1.3316551400260283e-14   1.7739049508236349e-04   3.7012446441053726e-09   0.0000000000000000e+00 0 
  67.2   2.8609037399291992e+00   7.8993360924694070e-15   7.2766641096677631e-05   1.5181967905064653e-09   0.0000000000000000e+00 2 
  67.2   5.5262994766235352e+00   6.8684317741239849e-15   6.6198619606439024e-05   1.1266189092751233e-09   0.0000000000000000e+00 0 
  67.2   2.9218955039978027e+00   3.9222631422592379e-15   2.5780434953048825e-05   4.3876263733366727e-10   0.0000000000000000e+00 2 
  67.2   5.0183205604553223e+00   2.8954370757966084e-15   2.5834146072156727e-05   3.7106576145085057e-10   0.0000000000000000e+00 0 
  67.2   2.7961993217468262e+00   1.7067587891023248e-15   1.1257911864959169e-05   1.6161751104082356e-10   0.0000000000000000e+00 2 
  67.2   5.1130132675170898e+00   1.3480299597865247e-15   7.1928866418602411e-06   8.9563571836759337e-11   0.0000000000000000e+00 0 
  67.2   2.7691216468811035e+00   7.6546542143916493e-16   2.9240825369925005e-06   3.6454426283194508e-11   0.0000000000000000e+00 2 
  67.2   5.2213048934936523e+00   6.6969458246667339e-16   2.0748395854752744e-06   2.2959098164299085e-11   0.0000000000000000e+00 0 
  67.2   2.7545194625854492e+00   3.6761759306428669e-16   7.8714560913795140e-07   8.7138265353337019e-12   0.0000000000000000e+00 2 
  67.2   5.4435853958129883e+00   2.5337672422088230e-16   9.3062033101887209e-07   9.3205859696965376e-12   0.0000000000000000e+00 0 
  67.2   2.7526721954345703e+00   1.3243442186637751e-16   3.5459311220620293e-07   3.5488671463329569e-12   0.0000000000000000e+00 2 
  67.2   5.4872736930847168e+00   1.3041524090391107e-16   3.6883645293528389e-07   3.4041580318500131e-12   0.0000000000000000e+00 0 
  67.2   2.7265300750732422e+00   6.6761674447260959e-17   1.4376442436514481e-07   1.3277352307883294e-12   0.0000000000000000e+00 2 
  67.2   5.5478420257568359e+00   5.3040147674602670e-17   4.4111409636116150e-08   3.8067614924024162e-13   0.0000000000000000e+00 0 
  67.2   2.6924848556518555e+00   2.6405155289160568e-17   1.3488789640803134e-08   1.1616612348702010e-13   0.0000000000000000e+00 2 
  67.2   5.7203860282897949e+00   2.1015190169483386e-17   2.8731852452779094e-08   2.3500526611514028e-13   0.0000000000000000e+00 0 
  67.2   2.6770350933074951e+00   1.0030244042488367e-17   1.0176333553602035e-08   8.2908228622290830e-14   0.0000000000000000e+00 2 
  67.2   5.7819428443908691e+00   8.4673507951571999e-18   6.2218878937869704e-09   4.8421363489994929e-14   0.0000000000000000e+00 0 
  67.2   2.6451680660247803e+00   3.9442147091539374e-18   1.9566088749201072e-09   1.5276916830089110e-14   0.0000000000000000e+00 2 
  67.2   5.7983088493347168e+00   3.3010819896891115e-18   3.6264944380803854e-09   2.7234894298556328e-14   0.0000000000000000e+00 0 
  67.2   2.6064538955688477e+00   1.5070962960992850e-18   1.3434463541628361e-09   1.0003782673659138e-14   0.0000000000000000e+00 2 
  67.2   5.8181128501892090e+00   1.2287994440167913e-18   8.6479856609145145e-10   6.3448921443708898e-15   0.0000000000000000e+00 0 
  67.2   2.5726346969604492e+00   5.4865127101961822e-19   3.0206917522868082e-10   2.1895871566741812e-15   0.0000000000000000e+00 2 
  67.2   5.6118659973144531e+00   4.7006668298403122e-19   3.1190783289503088e-10   2.2061951434292331e-15   0.0000000000000000e+00 0 
  67.2   2.5237195491790771e+00   2.1318587300265918e-19   1.1456669640752537e-10   8.2164927564922028e-16   0.0000000000000000e+00 2 
  67.2   5.1062331199645996e+00   1.9045040027633294e-19   3.0331237521608045e-11   2.1445773081647454e-16   0.0000000000000000e+00 0 
  67.2   2.4565906524658203e+00   9.2277386928968903e-20   1.1188846724130563e-11   7.1962185428161446e-17   0.0000000000000000e+00 2 
  67.2   4.2708954811096191e+00   7.9926152204525839e-20   1.6719837320211539e-11   1.1102029075926593e-16   0.0000000000000000e+00 0 
  67.2   2.3682856559753418e+00   4.4755718566129680e-20   6.5311861821570893e-12   4.3662023875729671e-17   0.0000000000000000e+00 2 
  67.2   7.5909518636763096e-04   1.2133932644555747e-23   2.6512084662247502e-15   2.4418164887412239e-20   0.0000000000000000e+00 1 
  67.5   5.3067270666360855e-02   4.5705772860099304e-22   2.3934328911151548e-12   1.5435691501690704e-17   0.0000000000000000e+00 1 
  67.5   6.9945347495377064e-03   4.7080309344905362e-22   9.9462452163301407e-11   6.6126559878986824e-16   0.0000000000000000e+00 1 
  67.5   6.3373714510817081e-05   2.4905482835661370e-19   2.7022194259984644e-08   1.7578093928355409e-13   0.0000000000000000e+00 1 
  67.5   3.3865039767988492e-06   5.2168784632380776e-15   6.0873641632497311e-04   3.6728802221830392e-09   0.0000000000000000e+00 1 
  67.5   1.0373522485451758e-08   3.5552040911907001e-12   6.1502534151077271e-01   2.4973439849418355e-06   0.0000000000000000e+00 1 
  67.5   2.2170869740795185e-12   1.8743934356024727e-12   1.5200139284133911e+00   1.3151445727999089e-06   0.0000000000000000e+00 1 
  67.5   3.1545550422735396e-16   3.5061959845900104e-13   1.9236828088760376e+00   2.4589459712842654e-07   0.0000000000000000e+00 1 
  67.5   4.0233438146771316e-20   4.9501516844992557e-14   2.0602111816406250e+00   3.4710449625663387e-08   0.0000000000000000e+00 1 
  67.5   4.9673407631931912e-24   6.4290698551525485e-15   2.1001052856445312e+00   4.5077990229458464e-09   0.0000000000000000e+00 1 
  67.5   7.6386745029428026e-29   6.7949318001736415e-25   1.7610022329250796e-09   4.7643230308672133e-19   0.0000000000000000e+00 1 
  67.8   7.7584568130543053e-30   7.7981368310961995e-16   2.1022331714630127e+00   5.4675314276053655e-10   0.0000000000000000e+00 1 
  67.8   9.4455278173340611e-34   9.8306273281419674e-17   2.0753724575042725e+00   6.8926316043604885e-11   0.0000000000000000e+00 1 
  67.8   1.1460935395864728e-37   1.2452785568595880e-17   1.9927896261215210e+00   8.7311225957509286e-12   0.0000000000000000e+00 1 
  67.8   1.3802789873599448e-41   1.6080067473616197e-18   1.7849820852279663e+00   1.1274226994692493e-12   0.0000000000000000e+00 1 
  67.8   1.4012984643248171e-45   1.0816998218855608e-19   6.7374050617218018e-01   7.5841866424217197e-14   0.0000000000000000e+00 1 
  68.0   0.0000000000000000e+00   3.5040275476541232e-20   6.8764102458953857e-01   2.4567987347203640e-14   0.0000000000000000e+00 1 
  68.0   0.0000000000000000e+00   8.3449324459716590e-21   3.8013100624084473e-01   5.8509300581029676e-15   0.0000000000000000e+00 1 
  68.0   0.0000000000000000e+00   1.6382626061361863e-21   1.1523388326168060e-01   1.1486443332334932e-15   0.0000000000000000e+00 1 
  68.0   0.0000000000000000e+00   3.7546367265105081e-24   3.0742475064471364e-04   2.6325097440755236e-18   0.0000000000000000e+00 1 
  68.2   0.0000000000000000e+00   2.6149946991727699e-23   2.1795667707920074e-03   1.8334648528778746e-17   0.0000000000000000e+00 1 
  68.2   0.0000000000000000e+00   5.0834390499049999e-30   4.2852216219912975e-10   3.5641804604411888e-24   0.0000000000000000e+00 1 
  68.5   0.0000000000000000e+00   1.7094076465476931e-31   1.4409946326454648e-11   1.1985267271016643e-25   0.0000000000000000e+00 1 
  68.8   0.0000000000000000e+00   1.9242113349121352e-33   1.6220721597501320e-13   1.3491328001567137e-27   0.0000000000000000e+00 1 
  69.0   0.0000000000000000e+00   2.1660004439305764e-35   1.8258917496721556e-15   1.5186591061889126e-29   0.0000000000000000e+00 1 
  69.2   0.0000000000000000e+00   2.4381550713194359e-37   2.0553171747064342e-17   1.7094774709121320e-31   0.0000000000000000e+00 1 
  69.5   0.0000000000000000e+00   2.7445341267803353e-39   2.3135856577135464e-19   1.9242910481228003e-33   0.0000000000000000e+00 1 
  69.8   0.0000000000000000e+00   3.0894427242969242e-41   2.6042981870600799e-21   2.1660838133419323e-35   0.0000000000000000e+00 1 
  70.0   0.0000000000000000e+00   3.4752201915255463e-43   2.9315358659010119e-23   2.4382584310941645e-37   0.0000000000000000e+00 1 
  70.2   0.0000000000000000e+00   4.2038953929744512e-45   3.2999037741526450e-25   2.7446448293590170e-39   0.0000000000000000e+00 1 
  70.5   0.0000000000000000e+00   0.0000000000000000e+00   3.7145468615294950e-27   3.0895828541433567e-41   0.0000000000000000e+00 1 
  70.8   0.0000000000000000e+00   0.0000000000000000e+00   4.1812929141008927e-29   3.4752201915255463e-43   0.0000000000000000e+00 1 
  71.0   0.0000000000000000e+00   0.0000000000000000e+00   4.7066897250427264e-31   4.2038953929744512e-45   0.0000000000000000e+00 1 
  71.2   0.0000000000000000e+00   0.0000000000000000e+00   5.2981021800018104e-33   0.0000000000000000e+00   0.0000000000000000e+00 1 
  71.5   0.0000000000000000e+00   0.0000000000000000e+00   5.9638418903043263e-35   0.0000000000000000e+00   0.0000000000000000e+00 1 
  71.8   0.0000000000000000e+00   0.0000000000000000e+00   6.7131918089384838e-37   0.0000000000000000e+00   0.0000000000000000e+00 1 
  72.0   0.0000000000000000e+00   0.0000000000000000e+00   7.5567752220721194e-39   0.0000000000000000e+00   0.0000000000000000e+00 1 
  72.2   0.0000000000000000e+00   0.0000000000000000e+00   8.5063020679909371e-41   0.0000000000000000e+00   0.0000000000000000e+00 1 
  72.5   0.0000000000000000e+00   0.0000000000000000e+00   9.5708685113385006e-43   0.0000000000000000e+00   0.0000000000000000e+00 1 
  72.8   0.0000000000000000e+00   0.0000000000000000e+00   1.1210387714598537e-44   0.0000000000000000e+00   0.0000000000000000e+00 1 
  73.0   0.0000000000000000e+00   0.0000000000000000e+00   0.0000000000000000e+00   0.0000000000000000e+00   0.0000000000000000e+00 1 
  73.2   0.0000000000000000e+00   0.0000000000000000e+00   0.0000000000000000e+00   0.0000000000000000e+00   0.0000000000000000e+00 1 
  73.5   0.0000000000000000e+00   0.0000000000000000e+00   0.0000000000000000e+00   0.0000000000000000e+00   0.0000000000000000e+00 1 
  73.8   0.0000000000000000e+00   0.0000000000000000e+00   0.0000000000000000e+00   0.0000000000000000e+00   0.0000000000000000e+00 1 
  74.0   0.0000000000000000e+00   0.0000000000000000e+00   0.0000000000000000e+00   0.0000000000000000e+00   0.0000000000000000e+00 1 
  74.2   0.0000000000000000e+00   0.0000000000000000e+00   0.0000000000000000e+00   0.0000000000000000e+00   0.0000000000000000e+00 1 
  74.5   0.0000000000000000e+00   0.0000000000000000e+00   0.0000000000000000e+00   0.0000000000000000e+00   0.0000000000000000e+00 1 
  74.8   0.0000000000000000e+00   0.0000000000000000e+00   0.0000000000000000e+00   0.0000000000000000e+00   0.0000000000000000e+00 1 
  75.0   0.0000000000000000e+00   0.0000000000000000e+00   0.0000000000000000e+00   0.0000000000000000e+00   0.0000000000000000e+00 1 
  75.2   0.0000000000000000e+00   0.0000000000000000e+00   0.0000000000000000e+00   0.0000000000000000e+00   0.0000000000000000e+00 1 
  75.5   0.0000000000000000e+00   0.0000000000000000e+00   0.0000000000000000e+00   0.0000000000000000e+00   0.0000000000000000e+00 1 
  75.8   0.0000000000000000e+00   0.0000000000000000e+00   0.0000000000000000e+00   0.0000000000000000e+00   0.0000000000000000e+00 1 
  76.0   0.0000000000000000e+00   0.0000000000000000e+00   0.0000000000000000e+00   0.0000000000000000e+00   0.0000000000000000e+00 1 
  76.2   0.0000000000000000e+00   0.0000000000000000e+00   0.0000000000000000e+00   0.0000000000000000e+00   0.0000000000000000e+00 1 
  76.5   2.1851643066406250e+03   5.1381061894062441e-07   2.1323317871093750e+03   1.1122131347656250e+00   0.0000000000000000e+00 0 
  76.5   2.1833618164062500e+03   8.1754034098047157e-11   2.0690241699218750e+03   1.7039356753230095e-03   0.0000000000000000e+00 0 
  76.5   2.1675185546875000e+03   1.0558140733224475e-12   1.9965700683593750e+03   1.3024391591898166e-06   0.0000000000000000e+00 0 
  76.5   1.0723111572265625e+03   1.2944697636608100e-16   9.7689880371093750e+01   1.3466314651919276e-12   0.0000000000000000e+00 0 
  76.5   1.0878045111894608e-01   1.2376688905582718e-21   1.1605972395045683e-04   9.6578144502876446e-19   0.0000000000000000e+00 1 
  76.5   1.3287331163883209e-01   1.6459316972865788e-21   1.0723054583650082e-04   8.9555350083028270e-19   0.0000000000000000e+00 1 
  76.5   1.2423199415206909e+00   2.0614547708410467e-20   1.8310440937057137e-03   1.5610926405737612e-17   0.0000000000000000e+00 1 
  76.5   1.2264628410339355e+00   3.3452986966885863e-20   3.0221061315387487e-03   2.7284191854314545e-17   0.0000000000000000e+00 1 
  76.5   1.0468063354492188e+00   5.3378284814299387e-20   4.7776270657777786e-03   4.8670132646150323e-17   0.0000000000000000e+00 1 
  76.5   9.3982511758804321e-01   9.6231504127428442e-20   8.0393105745315552e-03   1.0206711280211857e-16   0.0000000000000000e+00 1 
  76.5   8.8037574291229248e-01   1.8743312974507506e-19   1.3109426014125347e-02   2.3794177221865922e-16   0.0000000000000000e+00 1 
  76.5   8.5029506683349609e-01   3.8105475954417732e-19   1.9453546032309532e-02   5.9329898688791354e-16   0.0000000000000000e+00 1 
  76.5   8.3491855859756470e-01   7.8513321255936732e-19   2.5258108973503113e-02   1.5158267631211280e-15   0.0000000000000000e+00 1 
  76.5   8.2667779922485352e-01   1.6157673558685922e-18   2.9220115393400192e-02   3.9212966776664207e-15   0.0000000000000000e+00 1 
  76.5   8.1700128316879272e-01   3.2822702481984306e-18   3.0809359624981880e-02   1.0085590809770853e-14   0.0000000000000000e+00 1 
  76.5   8.2761120796203613e-01   6.7338325213328826e-18   3.1804941594600677e-02   2.6739403741335085e-14   0.0000000000000000e+00 1 
  76.5   8.3223438262939453e-01   1.3552867127300565e-17   3.0686123296618462e-02   6.7793908236756656e-14   0.0000000000000000e+00 1 
  76.5   8.3704042434692383e-01   2.6821701938946346e-17   2.9846018180251122e-02   1.7429268206643755e-13   0.0000000000000000e+00 1 
  76.5   8.4075307846069336e-01   5.2306395457876281e-17   2.8684725984930992e-02   4.4098050406594924e-13   0.0000000000000000e+00 1 
  76.5   8.4626561403274536e-01   1.0057830681353133e-16   2.8384283185005188e-02   1.1384623712501485e-12   0.0000000000000000e+00 1 
  76.5   8.4280800819396973e-01   1.8883384596150908e-16   2.7827152982354164e-02   2.8769985525867181e-12   0.0000000000000000e+00 1 
  76.5   8.5515820980072021e-01   3.5518299057991595e-16   2.8031297028064728e-02   7.3828998470304441e-12   0.0000000000000000e+00 1 
  76.5   8.3957433700561523e-01   6.4185975633091700e-16   2.7826951816678047e-02   1.8406024968053991e-11   0.0000000000000000e+00 1 
  76.5   8.5093951225280762e-01   1.1753766930488389e-15   2.9212696477770805e-02   4.8006282976631454e-11   0.0000000000000000e+00 1 
  76.5   8.4499365091323853e-01   2.0860416140370793e-15   2.9591716825962067e-02   1.1924945753083449e-10   0.0000000000000000e+00 1 
  76.5   8.7271124124526978e-01   3.8601091351391382e-15   2.9322415590286255e-02   2.8641222726832893e-10   0.0000000000000000e+00 1 
  76.5   8.7016171216964722e-01   6.6768617205752688e-15   3.1089743599295616e-02   7.2455241806324011e-10   0.0000000000000000e+00 1 
  76.5   8.3760219812393188e-01   1.0971819359626399e-14   3.1166873872280121e-02   1.7074578417819453e-09   0.0000000000000000e+00 1 
  76.5   8.7957954406738281e-01   1.9093442308443752e-14   3.5617955029010773e-02   4.5434305206981662e-09   0.0000000000000000e+00 1 
  76.5   9.3944674730300903e-01   3.5687049832183043e-14   3.6130063235759735e-02   1.0548767193085951e-08   0.0000000000000000e+00 1 
  76.5   8.7557309865951538e-01   5.4677104993150830e-14   3.3961527049541473e-02   2.2148061162852173e-08   0.0000000000000000e+00 1 
  76.5   8.8320320844650269e-01   9.0449085124889167e-14   3.5612456500530243e-02   5.1153634217371291e-08   0.0000000000000000e+00 1 
  76.5   8.6710059642791748e-01   1.3356454614185664e-13   4.1416101157665253e-02   1.2904708057703829e-07   0.0000000000000000e+00 1 
  76.5   8.8665872812271118e-01   1.9799037355352350e-13   4.3541856110095978e-02   2.9016189273534110e-07   0.0000000000000000e+00 1 
  76.5   9.2588639259338379e-01   3.5009945246675112e-13   4.4355325400829315e-02   6.2143635659595020e-07   0.0000000000000000e+00 1 
  76.5   9.0977382659912109e-01   5.3095651790166509e-13   4.4788878411054611e-02   1.2911769999846001e-06   0.0000000000000000e+00 1 
  76.5   1.1130268573760986e+00   1.1224543430138345e-12   5.5010579526424408e-02   3.2042746624938445e-06   0.0000000000000000e+00 1 
  76.5   6.1868023872375488e-01   3.0477947639620528e-13   4.7646716237068176e-02   5.3936341828375589e-06   0.0000000000000000e+00 1 
  76.5   6.1863762140274048e-01   4.2992912290158725e-13   5.0747666507959366e-02   1.1413751963118557e-05   0.0000000000000000e+00 1 
  76.5   5.6843084096908569e-01   1.6142040707030868e-14   5.9682007879018784e-02   2.7128997317049652e-05   0.0000000000000000e+00 1 
  76.5   5.6224774569272995e-02   1.0528200490231288e-12   1.0175323404837400e-04   5.2050076249088306e-08   0.0000000000000000e+00 1 
  76.8   2.8971517086029053e-01   2.2499979310253160e-11   4.7435094602406025e-03   4.8285569391737226e-06   0.0000000000000000e+00 1 
  76.8   3.7977647781372070e-01   9.2178924215868818e-11   1.5532228644588031e-05   3.5340249837645388e-08   0.0000000000000000e+00 1 
  76.8   3.3121876418590546e-02   8.2869114348405049e-11   4.1321483440697193e-03   2.2085971068008803e-05   0.0000000000000000e+00 1 
  76.8   8.0813050270080566e-02   6.0617441621779733e-11   9.6809293609112501e-04   1.0180609024246223e-05   0.0000000000000000e+00 1 
  77.0   1.1404418945312500e+00   1.0313319087629225e-09   1.3985181227326393e-02   4.0760045521892607e-04   0.0000000000000000e+00 1 
  77.0   5.2416301332414150e-04   3.1192343846742077e-11   1.9188320264220238e-02   1.0276145767420530e-03   0.0000000000000000e+00 1 
  77.2   3.2091325521469116e-01   7.1277156399318642e-10   1.1031164973974228e-01   1.1976274661719799e-02   0.0000000000000000e+00 1 
  77.2   4.7339471057057381e-03   2.4725756164745150e-11   1.0863580740988255e-02   1.7885315464809537e-03   0.0000000000000000e+00 1 
  77.5   2.6319089531898499e-01   9.5258538834741557e-09   3.9768838882446289e-01   1.1548028886318207e-01   0.0000000000000000e+00 1 
  77.5   1.9333686213940382e-03   1.0126842940605396e-12   1.1696885485434905e-04   4.5881934056524187e-05   0.0000000000000000e+00 1 
  77.8   1.0327275097370148e-01   1.6135970781760989e-07   5.3585213422775269e-01   3.1091821193695068e-01   0.0000000000000000e+00 1 
  78.0   1.2464144267141819e-02   3.3998929893641616e-07   3.7095737457275391e-01   3.5966715216636658e-01   0.0000000000000000e+00 1 
  78.2   7.9907382314559072e-05   5.2141575679343077e-07   2.1135888993740082e-01   3.1300088763237000e-01   0.0000000000000000e+00 1 
  78.5   6.0703800991177559e-03   6.0761919939977815e-07   1.1642217636108398e-01   2.4489767849445343e-01   0.0000000000000000e+00 1 
  78.8   1.3453826308250427e-02   5.5917024610607768e-07   6.3482828438282013e-02   1.7882475256919861e-01   0.0000000000000000e+00 1 
  79.0   1.8201498314738274e-02   4.1082424218075175e-07   3.4804955124855042e-02   1.2501589953899384e-01   0.0000000000000000e+00 1 
  79.2   2.0088942721486092e-02   2.2800585952609254e-07   1.9338782876729965e-02   8.5002273321151733e-02   0.0000000000000000e+00 1 
  79.5   1.9896289333701134e-02   7.5763992413158121e-08   1.0946998372673988e-02   5.6855928152799606e-02   0.0000000000000000e+00 1 
  79.8   1.8346717581152916e-02   4.7271790926117774e-09   6.3226940110325813e-03   3.7663467228412628e-02   0.0000000000000000e+00 1 
  80.0   1.6072038561105728e-02   1.0839322328592971e-08   3.7261205725371838e-03   2.4814011529088020e-02   0.0000000000000000e+00 1 
  80.2   1.3495633378624916e-02   6.0762999964936171e-08   2.2376896813511848e-03   1.6297504305839539e-02   0.0000000000000000e+00 1 
  80.5   1.0953875258564949e-02   1.1830973534188161e-07   1.3665385777130723e-03   1.0682919993996620e-02   0.0000000000000000e+00 1 
  80.8   8.6057595908641815e-03   1.5766785566029284e-07   8.4521109238266945e-04   6.9799255579710007e-03   0.0000000000000000e+00 1 
  81.0   6.5463231876492500e-03   1.7042123090504901e-07   5.2851677173748612e-04   4.5488560572266579e-03   0.0000000000000000e+00 1 
  81.2   4.8148748464882374e-03   1.6998514240640361e-07   3.3090412034653127e-04   2.9351052362471819e-03   0.0000000000000000e+00 1 
  81.5   3.3816241193562746e-03   1.2497845602865709e-07   2.0496749493759125e-04   1.8563400954008102e-03   0.0000000000000000e+00 1 
  81.8   2.2731607314199209e-03   9.8479631560621783e-08   1.2493893154896796e-04   1.1466811411082745e-03   0.0000000000000000e+00 1 
  82.0   1.4343629591166973e-03   6.1216248070650181e-08   7.3442875873297453e-05   6.7896727705374360e-04   0.0000000000000000e+00 1 
  82.2   8.5460202535614371e-04   3.9802895202001309e-08   4.0972514398163185e-05   3.7972533027641475e-04   0.0000000000000000e+00 1 
  82.5   4.7383108176290989e-04   2.4981410717828112e-08   2.1305275367922150e-05   1.9700350821949542e-04   0.0000000000000000e+00 1 
  82.8   2.2695008374284953e-04   8.9872802533363938e-09   9.8939190138480626e-06   9.1086396423634142e-05   0.0000000000000000e+00 1 
  83.0   9.3911061412654817e-05   4.4035566304501117e-09   3.8806697375548538e-06   3.5524350096238777e-05   0.0000000000000000e+00 1 
  83.2   3.0670929845655337e-05   1.3961316547295155e-09   1.1290741213088040e-06   1.0269859558320604e-05   0.0000000000000000e+00 1 
  83.5   6.1329551499511581e-06   8.1241020855049584e-11   1.7089689663407626e-07   1.5439271692230250e-06   0.0000000000000000e+00 1 
  83.8   5.7585998547438066e-07   1.8075092811375981e-10   2.3259192349911473e-09   2.0805245526389626e-08   0.0000000000000000e+00 1 
  84.0   5.0093120762539911e-08   1.3889260835203698e-12   2.2228689999792550e-09   1.9799079709059697e-08   0.0000000000000000e+00 1 
