12.000 1.113980e-06 1.000000e+00 1 
12.000 4.068582e-09 1.000000e+00 1 
12.000 2.979757e-06 1.000000e+00 1 
12.000 2.573415e-04 1.000000e+00 1 
12.000 8.222129e-05 1.000000e+00 1 
12.000 8.763925e-03 1.000000e+00 1 
12.000 1.252550e-02 1.000000e+00 1 
12.000 1.429894e-03 9.999970e-01 1 
12.250 2.196342e-04 9.999755e-01 1 
12.250 2.459471e-05 9.999513e-01 1 
12.500 1.382689e-06 9.997533e-01 1 
12.750 3.659015e-06 9.992204e-01 1 
13.000 3.161908e-06 9.980973e-01 1 
13.250 1.853160e-06 9.960574e-01 1 
13.500 3.101228e-06 9.927039e-01 1 
13.750 7.225639e-06 9.875747e-01 1 
14.000 1.295346e-05 9.801468e-01 1 
14.250 2.030064e-05 9.698463e-01 1 
14.500 2.950234e-05 9.560601e-01 1 
14.750 4.092281e-05 9.381533e-01 1 
15.000 5.507857e-05 9.154922e-01 1 
15.250 7.269207e-05 8.874722e-01 1 
15.500 9.476596e-05 8.535534e-01 1 
15.750 1.226858e-04 8.133019e-01 1 
16.000 1.583354e-04 7.664381e-01 1 
16.250 2.042019e-04 7.128896e-01 1 
16.500 2.633963e-04 6.528477e-01 1 
16.750 3.394785e-04 5.868241e-01 1 
17.000 4.359513e-04 5.157054e-01 1 
17.250 5.553421e-04 4.407980e-01 1 
17.500 6.981904e-04 3.638599e-01 1 
17.750 8.635451e-04 2.871104e-01 1 
18.000 1.056406e-03 2.132118e-01 1 
18.250 1.319227e-03 1.452146e-01 1 
18.500 1.843694e-03 8.645971e-02 1 
18.750 3.333076e-03 4.043233e-02 1 
19.000 7.867306e-03 1.056631e-02 1 
19.250 1.765914e-02 0.000000e+00 1 
19.500 1.173222e-01 0.000000e+00 1 
19.750 1.165483e-01 0.000000e+00 1 
20.000 1.165114e-01 0.000000e+00 1 
20.250 1.159019e-01 0.000000e+00 1 
20.500 1.063358e-01 0.000000e+00 1 
20.750 4.395622e-02 0.000000e+00 1 
21.000 3.964801e-03 0.000000e+00 1 
21.250 2.382218e-04 0.000000e+00 1 
21.500 1.388149e-05 0.000000e+00 1 
21.750 8.074253e-07 0.000000e+00 1 
22.000 4.695944e-08 0.000000e+00 1 
22.250 2.731119e-09 0.000000e+00 1 
22.500 1.588394e-10 0.000000e+00 1 
22.750 9.237959e-12 0.000000e+00 1 
23.000 5.372713e-13 0.000000e+00 1 
23.250 3.124722e-14 0.000000e+00 1 
23.500 1.817310e-15 0.000000e+00 1 
23.750 1.056931e-16 0.000000e+00 1 
24.000 6.147015e-18 0.000000e+00 1 
24.250 3.575049e-19 0.000000e+00 1 
24.500 2.079216e-20 0.000000e+00 1 
24.750 1.209253e-21 0.000000e+00 1 
25.000 7.032908e-23 0.000000e+00 1 
25.250 4.090276e-24 0.000000e+00 1 
25.500 2.378867e-25 0.000000e+00 1 
25.750 1.383528e-26 0.000000e+00 1 
26.000 8.046473e-28 0.000000e+00 1 
26.250 4.679756e-29 0.000000e+00 1 
26.500 2.721704e-30 0.000000e+00 1 
26.750 1.582918e-31 0.000000e+00 1 
27.000 9.206110e-33 0.000000e+00 1 
27.250 5.354191e-34 0.000000e+00 1 
27.500 3.113949e-35 0.000000e+00 1 
27.750 1.811045e-36 0.000000e+00 1 
28.000 1.053287e-37 0.000000e+00 1 
28.250 6.125823e-39 0.000000e+00 1 
28.500 7.069598e-02 1.056631e-02 1 
28.750 4.237410e-02 4.043233e-02 1 
29.000 1.753673e-02 8.645971e-02 1 
29.250 5.220363e-03 1.452146e-01 1 
29.500 1.732696e-04 2.132118e-01 1 
29.750 1.538499e-03 2.871104e-01 1 
30.000 1.898513e-03 3.638599e-01 1 
30.250 1.759945e-03 4.407980e-01 1 
30.500 1.470993e-03 5.157054e-01 1 
30.750 1.171531e-03 5.868241e-01 1 
31.000 9.113487e-04 6.528477e-01 1 
31.250 7.017421e-04 7.128896e-01 1 
31.500 5.390150e-04 7.664381e-01 1 
31.750 4.149340e-04 8.133019e-01 1 
32.000 3.210027e-04 8.535534e-01 1 
32.250 2.499380e-04 8.874722e-01 1 
32.500 1.959629e-04 9.154922e-01 1 
32.750 1.546689e-04 9.381533e-01 1 
33.000 1.227597e-04 9.560601e-01 1 
33.250 9.779795e-05 9.698463e-01 1 
33.500 7.799495e-05 9.801468e-01 1 
33.750 6.204690e-05 9.875747e-01 1 
34.000 4.901041e-05 9.927039e-01 1 
34.250 3.820910e-05 9.960574e-01 1 
34.500 2.912865e-05 9.980973e-01 1 
34.750 2.149513e-05 9.992204e-01 1 
35.000 1.507189e-05 9.997533e-01 1 
35.250 9.699971e-06 9.999513e-01 1 
35.500 5.280537e-06 9.999970e-01 1 
35.750 1.758880e-06 1.000000e+00 1 
36.000 8.890239e-07 9.999970e-01 1 
36.250 2.663377e-06 9.999513e-01 1 
36.500 3.551275e-06 9.997533e-01 1 
36.750 3.534112e-06 9.992204e-01 1 
37.000 2.626123e-06 9.980973e-01 1 
37.250 1.380390e-06 9.960574e-01 1 
37.500 3.300025e-06 9.927039e-01 1 
37.750 7.532962e-06 9.875747e-01 1 
38.000 1.324858e-05 9.801468e-01 1 
38.250 2.055407e-05 9.698463e-01 1 
38.500 2.970212e-05 9.560601e-01 1 
38.750 4.105972e-05 9.381533e-01 1 
39.000 5.513858e-05 9.154922e-01 1 
39.250 7.264479e-05 8.874722e-01 1 
39.500 9.454712e-05 8.535534e-01 1 
39.750 1.221626e-04 8.133019e-01 1 
40.000 1.572490e-04 7.664381e-01 1 
40.250 2.020713e-04 7.128896e-01 1 
40.500 2.593780e-04 6.528477e-01 1 
40.750 3.321896e-04 5.868241e-01 1 
41.000 4.232898e-04 5.157054e-01 1 
41.250 5.344126e-04 4.407980e-01 1 
41.500 6.655079e-04 3.638599e-01 1 
41.750 8.156352e-04 2.871104e-01 1 
42.000 9.902511e-04 2.132118e-01 1 
42.250 1.229400e-03 1.452146e-01 1 
42.500 1.703958e-03 8.645971e-02 1 
42.750 3.014263e-03 4.043233e-02 1 
43.000 6.825627e-03 1.056631e-02 1 
43.250 1.391079e-02 0.000000e+00 1 
43.500 1.479794e-01 0.000000e+00 1 
43.750 1.473144e-01 0.000000e+00 1 
44.000 1.472266e-01 0.000000e+00 1 
44.250 1.455615e-01 0.000000e+00 1 
44.500 1.191333e-01 0.000000e+00 1 
44.750 2.611860e-02 0.000000e+00 1 
45.000 1.600958e-03 0.000000e+00 1 
45.250 8.247112e-05 0.000000e+00 1 
45.500 4.206805e-06 0.000000e+00 1 
45.750 2.144786e-07 0.000000e+00 1 
46.000 1.093463e-08 0.000000e+00 1 
46.250 5.574731e-10 0.000000e+00 1 
46.500 2.842128e-11 0.000000e+00 1 
46.750 1.448983e-12 0.000000e+00 1 
47.000 7.387254e-14 0.000000e+00 1 
47.250 3.766195e-15 0.000000e+00 1 
47.500 1.920094e-16 0.000000e+00 1 
47.750 9.789086e-18 0.000000e+00 1 
48.000 4.990705e-19 0.000000e+00 1 
48.250 2.544378e-20 0.000000e+00 1 
48.500 1.297183e-21 0.000000e+00 1 
48.750 6.613342e-23 0.000000e+00 1 
49.000 3.371636e-24 0.000000e+00 1 
49.250 1.718939e-25 0.000000e+00 1 
49.500 8.763551e-27 0.000000e+00 1 
49.750 4.467863e-28 0.000000e+00 1 
50.000 2.277821e-29 0.000000e+00 1 
50.250 1.161286e-30 0.000000e+00 1 
50.500 5.920507e-32 0.000000e+00 1 
50.750 3.018413e-33 0.000000e+00 1 
51.000 1.538857e-34 0.000000e+00 1 
51.250 7.845453e-36 0.000000e+00 1 
51.500 3.999795e-37 0.000000e+00 1 
51.750 2.039189e-38 0.000000e+00 1 
52.000 1.039626e-39 0.000000e+00 1 
52.250 5.300256e-41 0.000000e+00 1 
52.500 6.945189e-02 1.056631e-02 1 
52.750 3.908642e-02 4.043233e-02 1 
53.000 1.669555e-02 8.645971e-02 1 
53.250 5.585535e-03 1.452146e-01 1 
53.500 7.633954e-04 2.132118e-01 1 
53.750 1.037203e-03 2.871104e-01 1 
54.000 1.538042e-03 3.638599e-01 1 
54.250 1.517824e-03 4.407980e-01 1 
54.500 1.314000e-03 5.157054e-01 1 
54.750 1.071406e-03 5.868241e-01 1 
55.000 8.477501e-04 6.528477e-01 1 
55.250 6.611818e-04 7.128896e-01 1 
55.500 5.129200e-04 7.664381e-01 1 
55.750 3.979529e-04 8.133019e-01 1 
56.000 3.098065e-04 8.535534e-01 1 
56.250 2.424413e-04 8.874722e-01 1 
56.500 1.908480e-04 9.154922e-01 1 
56.750 1.510961e-04 9.381533e-01 1 
57.000 1.201917e-04 9.560601e-01 1 
57.250 9.589288e-05 9.698463e-01 1 
57.500 7.653782e-05 9.801468e-01 1 
57.750 6.090551e-05 9.875747e-01 1 
58.000 4.810566e-05 9.927039e-01 1 
58.250 3.749466e-05 9.960574e-01 1 
58.500 2.860969e-05 9.980973e-01 1 
58.750 2.111419e-05 9.992204e-01 1 
59.000 1.481778e-05 9.997533e-01 1 
59.250 9.562204e-06 9.999513e-01 1 
59.500 5.247727e-06 9.999970e-01 1 
59.750 1.817426e-06 1.000000e+00 1 
60.000 7.538799e-07 9.999970e-01 1 
60.250 2.468541e-06 9.999513e-01 1 
60.500 3.313039e-06 9.997533e-01 1 
60.750 3.266896e-06 9.992204e-01 1 
61.000 2.339714e-06 9.980973e-01 1 
61.250 1.185553e-06 9.960574e-01 1 
61.500 3.413662e-06 9.927039e-01 1 
61.750 7.671507e-06 9.875747e-01 1 
62.000 1.336996e-05 9.801468e-01 1 
62.250 2.064789e-05 9.698463e-01 1 
62.500 2.976446e-05 9.560601e-01 1 
62.750 4.108789e-05 9.381533e-01 1 
63.000 5.512617e-05 9.154922e-01 1 
63.250 7.257484e-05 8.874722e-01 1 
63.500 9.438023e-05 8.535534e-01 1 
63.750 1.218160e-04 8.133019e-01 1 
64.000 1.565600e-04 7.664381e-01 1 
64.250 2.007398e-04 7.128896e-01 1 
64.500 2.568815e-04 6.528477e-01 1 
64.750 3.276746e-04 5.868241e-01 1 
65.000 4.154603e-04 5.157054e-01 1 
65.250 5.214673e-04 4.407980e-01 1 
65.500 6.452082e-04 3.638599e-01 1 
65.750 7.855253e-04 2.871104e-01 1 
66.000 9.476314e-04 2.132118e-01 1 
66.250 1.169183e-03 1.452146e-01 1 
66.500 1.607360e-03 8.645971e-02 1 
66.750 2.800786e-03 4.043233e-02 1 
67.000 6.175731e-03 1.056631e-02 1 
67.250 1.166117e-02 0.000000e+00 1 
67.500 1.670370e-01 0.000000e+00 1 
67.750 1.664285e-01 0.000000e+00 1 
68.000 1.663019e-01 0.000000e+00 1 
68.250 1.638636e-01 0.000000e+00 1 
68.500 1.268136e-01 0.000000e+00 1 
68.750 2.303430e-02 0.000000e+00 1 
69.000 1.330921e-03 0.000000e+00 1 
69.250 6.730286e-05 0.000000e+00 1 
69.500 3.378860e-06 0.000000e+00 1 
69.750 1.695698e-07 0.000000e+00 1 
70.000 8.509789e-09 0.000000e+00 1 
70.250 4.270598e-10 0.000000e+00 1 
70.500 2.143180e-11 0.000000e+00 1 
70.750 1.075545e-12 0.000000e+00 1 
71.000 5.397571e-14 0.000000e+00 1 
71.250 2.708746e-15 0.000000e+00 1 
71.500 1.359372e-16 0.000000e+00 1 
71.750 6.821943e-18 0.000000e+00 1 
72.000 3.423560e-19 0.000000e+00 1 
72.250 1.718098e-20 0.000000e+00 1 
72.500 8.622193e-22 0.000000e+00 1 
72.750 4.327007e-23 0.000000e+00 1 
73.000 2.171488e-24 0.000000e+00 1 
73.250 1.089751e-25 0.000000e+00 1 
73.500 5.468866e-27 0.000000e+00 1 
73.750 2.744525e-28 0.000000e+00 1 
74.000 1.377327e-29 0.000000e+00 1 
74.250 6.912052e-31 0.000000e+00 1 
74.500 3.468781e-32 0.000000e+00 1 
74.750 1.740792e-33 0.000000e+00 1 
75.000 8.736081e-35 0.000000e+00 1 
75.250 4.384162e-36 0.000000e+00 1 
75.500 2.200171e-37 0.000000e+00 1 
75.750 1.104146e-38 0.000000e+00 1 
76.000 5.541103e-40 0.000000e+00 1 
76.250 2.780777e-41 0.000000e+00 1 
76.500 6.871785e-02 1.056631e-02 1 
76.750 3.725627e-02 4.043233e-02 1 
77.000 1.619304e-02 8.645971e-02 1 
77.250 5.735475e-03 1.452146e-01 1 
77.500 1.059220e-03 2.132118e-01 1 
77.750 7.751444e-04 2.871104e-01 1 
78.000 1.344441e-03 3.638599e-01 1 
78.250 1.385309e-03 4.407980e-01 1 
78.500 1.226816e-03 5.157054e-01 1 
78.750 1.015138e-03 5.868241e-01 1 
79.000 8.116297e-04 6.528477e-01 1 
79.250 6.378977e-04 7.128896e-01 1 
79.500 4.977554e-04 7.664381e-01 1 
79.750 3.879360e-04 8.133019e-01 1 
80.000 3.030770e-04 8.535534e-01 1 
80.250 2.378315e-04 8.874722e-01 1 
80.500 1.876186e-04 9.154922e-01 1 
80.750 1.487749e-04 9.381533e-01 1 
81.000 1.184760e-04 9.560601e-01 1 
81.250 9.458838e-05 9.698463e-01 1 
81.500 7.552113e-05 9.801468e-01 1 
81.750 6.009905e-05 9.875747e-01 1 
82.000 4.746131e-05 9.927039e-01 1 
82.250 3.698282e-05 9.960574e-01 1 
82.500 2.821478e-05 9.980973e-01 1 
82.750 2.082878e-05 9.992204e-01 1 
83.000 1.461965e-05 9.997533e-01 1 
83.250 9.442584e-06 9.999513e-01 1 
83.500 5.197447e-06 9.999970e-01 1 
83.750 1.826695e-06 1.000000e+00 1 
84.000 6.956806e-07 9.999970e-01 1 
