  12.0   4.0933492151395967e-09   6.2375688347890337e-15   7.1230388666403133e-15   1.0929854975727168e-13   0.0000000000000000e+00 1 
  12.0   1.4707968512084335e-04   2.2229629248471383e-10   2.5408683490546480e-10   3.8578589212079351e-09   0.0000000000000000e+00 1 
  12.0   6.3065475225448608e-01   8.6187623082878417e-07   9.6548853889544262e-07   1.4679836567665916e-05   0.0000000000000000e+00 1 
  12.0   1.1016106605529785e+00   9.6152371042990126e-07   1.0770800145110115e-06   1.6452542695333250e-05   0.0000000000000000e+00 1 
  12.0   1.0194603204727173e+00   5.7379583040528814e-07   6.4430867041664897e-07   9.8868104032590054e-06   0.0000000000000000e+00 1 
  12.0   8.0162698030471802e-01   3.1652152188144100e-07   3.5526883834791079e-07   5.4743509281252045e-06   0.0000000000000000e+00 1 
  12.0   5.6684768199920654e-01   1.7252000361622777e-07   1.9329820588609437e-07   2.9907362204539822e-06   0.0000000000000000e+00 1 
  12.0   3.4568795561790466e-01   8.8403929510150192e-08   9.8949854532293102e-08   1.5376465398730943e-06   0.0000000000000000e+00 1 
  12.0   1.5926180779933929e-01   3.6744129516819157e-08   4.2145867240606094e-08   6.5844506025314331e-07   0.0000000000000000e+00 1 
  12.0   3.8934834301471710e-02   8.5455535980827335e-09   1.3964528200460791e-08   2.1964136465157935e-07   0.0000000000000000e+00 1 
  12.0   1.4901215909048915e-03   3.2899935553665216e-10   3.7994290380538587e-08   6.0467033335953602e-07   0.0000000000000000e+00 1 
  12.0   3.3991345844697207e-06   2.7297128099568191e-11   2.6348456231062301e-05   4.2976241093128920e-04   0.0000000000000000e+00 1 
  12.0   1.0299531822965946e-05   2.1612436285067815e-08   1.4677542261779308e-02   2.5723546743392944e-01   0.0000000000000000e+00 1 
  12.0   9.5290970421046950e-06   1.8401712154059169e-08   1.2316073291003704e-02   2.4808543920516968e-01   0.0000000000000000e+00 1 
  12.0   2.8931171982549131e-06   7.0947443475688488e-09   4.7734733670949936e-03   1.0480734705924988e-01   0.0000000000000000e+00 1 
  12.0   7.2522584559919778e-07   1.1500662644436943e-09   7.7054067514836788e-04   1.7552198842167854e-02   0.0000000000000000e+00 1 
  12.0   3.7202999014773752e-10   1.5759516955315966e-11   5.7666106840770226e-06   1.3183406554162502e-04   0.0000000000000000e+00 1 
  12.0   2.1804384964241308e-09   7.2871812750729958e-11   9.5517762588315236e-08   2.1671507965947967e-06   0.0000000000000000e+00 1 
  12.2   1.8510107335778514e-10   1.8172629623336434e-08   1.2145458250234498e-10   2.9286413294471458e-09   0.0000000000000000e+00 1 
  12.5   1.0369428764533950e-06   9.1689810233219760e-07   5.1031147307867286e-08   1.1159144150951761e-06   0.0000000000000000e+00 1 
  12.8   2.1887510683882283e-06   1.9922906631109072e-06   5.9115598105563549e-07   1.2628772310563363e-05   0.0000000000000000e+00 1 
  13.0   4.9704981393006165e-06   5.2614473133871797e-06   2.1422638383228332e-06   4.4800799514632672e-05   0.0000000000000000e+00 1 
  13.2   1.4908820958225988e-05   1.3604250852949917e-05   4.9488671720610000e-06   1.0112755990121514e-04   0.0000000000000000e+00 1 
  13.5   2.5084118533413857e-05   2.2832165996078402e-05   1.0046808711194899e-05   2.0038129878230393e-04   0.0000000000000000e+00 1 
  13.8   4.1277220589108765e-05   3.6226112570147961e-05   1.7827147530624643e-05   3.4579014754854143e-04   0.0000000000000000e+00 1 
  14.0   6.9017922214698046e-05   5.9479571064002812e-05   2.6997262466466054e-05   5.0784333143383265e-04   0.0000000000000000e+00 1 
  14.2   9.0658293629530817e-05   7.6292482845019549e-05   3.9122554881032556e-05   7.0964760379865766e-04   0.0000000000000000e+00 1 
  14.5   1.1655949492705986e-04   9.4521215942222625e-05   5.0140482926508412e-05   8.7155861547216773e-04   0.0000000000000000e+00 1 
  14.8   1.4103956345934421e-04   1.1081889533670619e-04   5.6246975873364136e-05   9.2996517196297646e-04   0.0000000000000000e+00 1 
  15.0   1.4621125592384487e-04   1.1172534868819639e-04   5.5091182730393484e-05   8.5841276450082660e-04   0.0000000000000000e+00 1 
  15.2   1.4173015370033681e-04   9.9527598649729043e-05   4.2660369217628613e-05   6.1930529773235321e-04   0.0000000000000000e+00 1 
  15.5   1.1220788292121142e-04   7.0885311288293451e-05   1.9132585293846205e-05   2.5547452969476581e-04   0.0000000000000000e+00 1 
  15.8   5.8241497754352167e-05   3.2037456549005583e-05   1.2467228316381807e-07   1.5359172493845108e-06   0.0000000000000000e+00 1 
  16.0   1.1986759091087151e-05   4.2115138967346866e-06   4.1955598135245964e-05   4.5068716281093657e-04   0.0000000000000000e+00 1 
  16.2   2.0566885723383166e-06   3.4857794162235223e-06   3.0857717501930892e-04   2.8817991260439157e-03   0.0000000000000000e+00 1 
  16.5   5.9306814364390448e-05   3.9629452658118680e-05   1.2090448290109634e-03   9.5561593770980835e-03   0.0000000000000000e+00 1 
  16.8   2.0179762213956565e-04   1.0377445869380608e-04   3.7152422592043877e-03   2.4099357426166534e-02   0.0000000000000000e+00 1 
  17.0   4.6175051829777658e-04   1.8459044804330915e-04   9.9458238109946251e-03   5.1002357155084610e-02   0.0000000000000000e+00 1 
  17.2   8.0506055383011699e-04   2.3419277567882091e-04   2.4090092629194260e-02   9.3397915363311768e-02   0.0000000000000000e+00 1 
  17.5   1.3414105633273721e-03   2.4829691392369568e-04   5.2711006253957748e-02   1.4639502763748169e-01   0.0000000000000000e+00 1 
  17.8   2.2312863729894161e-03   2.1512311650440097e-04   9.9644139409065247e-02   1.8564394116401672e-01   0.0000000000000000e+00 1 
  18.0   3.9586061611771584e-03   1.5329940652009100e-04   1.4318020641803741e-01   1.6500270366668701e-01   0.0000000000000000e+00 1 
  18.2   7.7049550600349903e-03   9.5873241662047803e-05   9.6731454133987427e-02   6.2170520424842834e-02   0.0000000000000000e+00 1 
  18.5   1.5015955083072186e-02   5.4446882131742314e-05   1.3652629218995571e-02   4.2646341025829315e-03   0.0000000000000000e+00 1 
  18.8   2.3210458457469940e-02   2.4022348952712491e-05   1.1849431991577148e+00   1.4722079038619995e-01   0.0000000000000000e+00 1 
  19.0   2.2294130176305771e-02   1.4204638318915386e-06   4.3029320240020752e-01   1.5123682096600533e-02   0.0000000000000000e+00 1 
  19.2   2.4774831533432007e-01   2.6350360712967813e-05   5.8399963378906250e+02   2.7514069080352783e+00   0.0000000000000000e+00 0 
  19.2   3.0369222164154053e-02   1.9808075180094420e-09   2.9794599533081055e+01   1.4915971457958221e-01   0.0000000000000000e+00 0 
  19.2   1.1823744513094425e-02   7.0817773867304368e-09   4.3144426345825195e+00   2.2070221602916718e-02   0.0000000000000000e+00 0 
  19.2   4.3087937228847295e-05   1.7024074749731610e-14   1.1945648736855219e-07   6.3634814084778668e-10   0.0000000000000000e+00 1 
  19.2   1.8888562181018642e-07   1.0593944409329099e-14   1.6241676803474547e-07   8.0085726938960988e-10   0.0000000000000000e+00 1 
  19.2   7.9657845199108124e-03   8.4899093311108231e-10   4.9400368332862854e-01   2.2195230703800917e-03   0.0000000000000000e+00 1 
  19.2   1.5712048858404160e-02   6.5124918791070741e-09   3.2971100807189941e+00   9.1494964435696602e-03   0.0000000000000000e+00 2 
  19.2   6.9641508162021637e-02   1.7024495146955587e-09   6.4830498695373535e+00   8.9790290221571922e-03   0.0000000000000000e+00 0 
  19.2   4.8462234437465668e-02   8.7501000889389502e-10   2.6030797958374023e+00   3.6186643410474062e-03   0.0000000000000000e+00 2 
  19.2   1.0851098597049713e-01   3.0964653063847436e-09   2.7108445167541504e+00   2.0110963378101587e-03   0.0000000000000000e+00 2 
  19.2   5.0636476278305054e-01   2.0828141433781866e-09   7.4856123924255371e+00   2.7573604602366686e-03   0.0000000000000000e+00 0 
  19.2   3.2060590386390686e-01   7.8051753948926716e-10   2.4048933982849121e+00   8.8779005454853177e-04   0.0000000000000000e+00 2 
  19.2   1.6038141250610352e+00   7.5510769859121751e-10   3.3018810749053955e+00   6.5957568585872650e-04   0.0000000000000000e+00 0 
  19.2   1.1998807191848755e+00   3.8393538348557854e-10   1.5470219850540161e+00   3.0931291985325515e-04   0.0000000000000000e+00 2 
  19.2   1.0570921897888184e+01   2.7568702876124007e-10   3.0814001560211182e+00   3.4940047771669924e-04   0.0000000000000000e+00 0 
  19.2   5.4549765586853027e+00   5.6935480635678104e-11   6.0168081521987915e-01   6.8315006501507014e-05   0.0000000000000000e+00 0 
  19.2   3.7345814704895020e+00   2.2461699167308780e-11   2.3701304197311401e-01   2.6926612918032333e-05   0.0000000000000000e+00 2 
  19.2   3.2577930450439453e+01   1.5998848079679107e-11   1.0757344216108322e-01   8.5582923929905519e-06   0.0000000000000000e+00 0 
  19.2   1.1770635604858398e+01   1.2004127076040150e-12   6.3890507444739342e-03   5.0881197921626153e-07   0.0000000000000000e+00 0 
  19.2   6.0006723403930664e+00   2.1854072100157412e-13   9.6785608911886811e-04   7.7086099281586939e-08   0.0000000000000000e+00 0 
  19.2   3.1948303803801537e-03   3.0964443303835460e-18   1.4680147764067897e-08   1.1708302513277480e-12   0.0000000000000000e+00 1 
  19.2   1.3396613299846649e-02   1.4757565164905763e-19   4.3810626237927863e-08   3.4400305954501720e-12   0.0000000000000000e+00 1 
  19.2   2.0735439658164978e-01   1.0908466827355714e-16   1.0496477642618629e-07   8.1621142136723002e-12   0.0000000000000000e+00 1 
  19.2   8.7489587068557739e-01   9.3670250202860074e-16   8.8289398263441399e-06   6.5786320835314882e-10   0.0000000000000000e+00 1 
  19.2   2.3360061645507812e+00   3.4512585944520685e-19   1.0886125892284326e-05   7.6854678177085134e-10   0.0000000000000000e+00 2 
  19.2   4.8581418991088867e+00   1.6597400166700182e-16   4.8780922952573746e-05   3.2340705669042791e-09   0.0000000000000000e+00 0 
  19.2   3.3621280193328857e+00   3.2818605870000637e-17   2.5050505428225733e-05   1.6615319120560912e-09   0.0000000000000000e+00 2 
  19.2   5.8392686843872070e+00   1.3597359518088567e-17   3.6901039948133985e-06   2.3186108588646448e-10   0.0000000000000000e+00 0 
  19.2   3.6423108577728271e+00   3.0153648312036496e-17   1.3811626331516891e-06   8.6787931008469599e-11   0.0000000000000000e+00 2 
  19.2   5.4818539619445801e+00   7.7266180012414766e-17   1.3251948871584318e-08   7.8743950379309147e-13   0.0000000000000000e+00 0 
  19.2   3.4387915134429932e+00   2.5016651567290281e-17   3.9108459526371320e-11   2.8853055029562629e-15   0.0000000000000000e+00 2 
  19.2   4.7529935836791992e+00   1.9792857106507651e-17   2.2413045996927394e-07   1.2993319094267708e-11   0.0000000000000000e+00 0 
  19.2   3.1430420875549316e+00   1.6809727834647438e-17   1.0391078575366919e-07   6.0150209466036664e-12   0.0000000000000000e+00 2 
  19.2   4.0128622055053711e+00   3.4951365348015511e-17   2.3387912051475723e-08   1.3362144507186868e-12   0.0000000000000000e+00 0 
  19.2   2.8590893745422363e+00   2.6296784702748770e-17   1.1147570866398837e-08   6.1866814839509066e-13   0.0000000000000000e+00 2 
  19.2   3.4399948120117188e+00   5.2380347886180360e-18   7.0611712033041840e-08   3.9111981882389291e-12   0.0000000000000000e+00 2 
  19.2   3.4473018646240234e+00   4.7587855736540536e-19   1.1882747230629320e-08   6.4532705351325048e-13   0.0000000000000000e+00 2 
  19.2   3.1310214996337891e+00   3.2686261107895215e-18   3.5971597922568321e-10   1.9152822706178067e-14   0.0000000000000000e+00 2 
  19.2   9.1392912509036250e-06   1.6854087392972008e-23   3.1167813929237748e-18   1.6296825005471212e-22   0.0000000000000000e+00 1 
  19.5   1.0163539089262486e-02   2.2252683591930839e-20   6.5405109106464465e-10   3.4156562940448193e-14   0.0000000000000000e+00 1 
  19.5   4.8115325625985861e-06   1.9516272725088295e-17   1.2547954497676983e-07   6.4406054274546154e-12   0.0000000000000000e+00 1 
  19.5   9.2531431405973308e-09   5.8570276450023440e-13   3.9425636641681194e-03   1.9383737992484384e-07   0.0000000000000000e+00 1 
  19.5   3.5396722445485418e-12   1.0812454404041105e-10   9.3289273977279663e-01   3.5643148294184357e-05   0.0000000000000000e+00 1 
  19.5   1.0449103257656272e-15   1.0171034847683558e-10   1.7836982011795044e+00   3.3431413612561300e-05   0.0000000000000000e+00 1 
  19.5   2.9156198567448868e-19   5.1592469879624403e-11   2.0419197082519531e+00   1.6925439922488295e-05   0.0000000000000000e+00 1 
  19.5   8.0352810136847745e-23   2.3010328017991633e-11   2.1053667068481445e+00   7.5387929427961353e-06   0.0000000000000000e+00 1 
  19.5   2.2086174794012077e-26   9.9670211320401769e-12   2.1200077533721924e+00   3.2625823678245069e-06   0.0000000000000000e+00 1 
  19.5   6.0677525041423197e-30   4.2884432983891774e-12   2.1227667331695557e+00   1.4029809562998707e-06   0.0000000000000000e+00 1 
  19.5   1.6663782203317823e-33   1.8426252277464750e-12   2.1225252151489258e+00   6.0260072132223286e-07   0.0000000000000000e+00 1 
  19.5   5.1141891889565498e-37   6.0263057564957645e-13   1.6147171258926392e+00   1.9703341536114749e-07   0.0000000000000000e+00 1 
  19.8   1.4042552040845424e-40   3.5652438033079159e-13   2.1157798767089844e+00   1.1654977782882270e-07   0.0000000000000000e+00 1 
  19.8   3.7835058536770061e-44   1.5351432690151323e-13   2.1147735118865967e+00   5.0179842503439431e-08   0.0000000000000000e+00 1 
  19.8   0.0000000000000000e+00   6.6081878467502686e-14   2.1100189685821533e+00   2.1598761890118112e-08   0.0000000000000000e+00 1 
  19.8   0.0000000000000000e+00   2.8473398768977254e-14   2.1020233631134033e+00   9.3060652517351627e-09   0.0000000000000000e+00 1 
  19.8   0.0000000000000000e+00   1.2291396741560823e-14   2.0898618698120117e+00   4.0171563853164116e-09   0.0000000000000000e+00 1 
  19.8   0.0000000000000000e+00   5.3210796093763543e-15   2.0713229179382324e+00   1.7390222595281557e-09   0.0000000000000000e+00 1 
  19.8   0.0000000000000000e+00   2.3137215291601934e-15   2.0439939498901367e+00   7.5615458339228780e-10   0.0000000000000000e+00 1 
  19.8   0.0000000000000000e+00   1.0124833634458908e-15   2.0033462047576904e+00   3.3089289641630160e-10   0.0000000000000000e+00 1 
  19.8   0.0000000000000000e+00   1.4490193115273966e-23   6.3153159146622784e-08   4.7355494498619796e-18   0.0000000000000000e+00 1 
  20.0   0.0000000000000000e+00   4.3055362335293890e-16   1.9366044998168945e+00   1.4070877796257264e-10   0.0000000000000000e+00 1 
  20.0   0.0000000000000000e+00   1.9350316802280762e-16   1.8558840751647949e+00   6.3238338177118436e-11   0.0000000000000000e+00 1 
  20.0   0.0000000000000000e+00   8.8559617358597149e-17   1.7410570383071899e+00   2.8941902693868649e-11   0.0000000000000000e+00 1 
  20.0   0.0000000000000000e+00   4.1634068181325265e-17   1.5898113250732422e+00   1.3606287103951065e-11   0.0000000000000000e+00 1 
  20.0   0.0000000000000000e+00   2.0272884905223199e-17   1.4026905298233032e+00   6.6253036043462110e-12   0.0000000000000000e+00 1 
  20.0   0.0000000000000000e+00   1.0285551684191633e-17   1.1854524612426758e+00   3.3613795340919905e-12   0.0000000000000000e+00 1 
  20.0   0.0000000000000000e+00   5.4378576363730834e-18   9.4970762729644775e-01   1.7771235871766322e-12   0.0000000000000000e+00 1 
  20.0   0.0000000000000000e+00   2.7740895238537111e-25   6.6495992712134466e-08   9.0658859426492586e-20   0.0000000000000000e+00 1 
  20.2   0.0000000000000000e+00   2.7766410027292133e-18   6.7524129152297974e-01   9.0742224932022220e-13   0.0000000000000000e+00 1 
  20.2   0.0000000000000000e+00   1.5356686654205151e-18   4.6480098366737366e-01   5.0186628941170652e-13   0.0000000000000000e+00 1 
  20.2   0.0000000000000000e+00   7.3971158775073831e-19   2.5764837861061096e-01   2.4174195631387896e-13   0.0000000000000000e+00 1 
  20.2   0.0000000000000000e+00   6.2085507828285067e-20   2.3368613794445992e-02   2.0289896675231185e-14   0.0000000000000000e+00 1 
  20.5   0.0000000000000000e+00   3.9342742341636433e-20   1.5198204666376114e-02   1.2857431590761192e-14   0.0000000000000000e+00 1 
  20.5   0.0000000000000000e+00   3.5242886259002707e-21   1.3797209830954671e-03   1.1517613086002706e-15   0.0000000000000000e+00 1 
  20.8   0.0000000000000000e+00   1.0057369434215242e-22   3.9501333958469331e-05   3.2868193693361966e-17   0.0000000000000000e+00 1 
  20.8   0.0000000000000000e+00   3.4994049523484957e-32   1.3749768095199389e-14   1.1436254439573026e-26   0.0000000000000000e+00 1 
  21.0   0.0000000000000000e+00   1.2151545591290423e-25   4.7745572828716831e-08   3.9712088178664163e-20   0.0000000000000000e+00 1 
  21.2   0.0000000000000000e+00   2.1082854174653260e-28   8.2839297921299959e-11   6.8899976053555293e-23   0.0000000000000000e+00 1 
  21.5   0.0000000000000000e+00   3.6578753441232447e-31   1.4372548561448345e-13   1.1954014820623082e-25   0.0000000000000000e+00 1 
  21.8   0.0000000000000000e+00   6.3463452265857543e-34   2.4936305860031780e-16   2.0740216793072188e-28   0.0000000000000000e+00 1 
  22.0   0.0000000000000000e+00   1.1010849091095803e-36   4.3264283487363015e-19   3.5983983862569491e-31   0.0000000000000000e+00 1 
  22.2   0.0000000000000000e+00   1.9103817886232372e-39   7.5063343781692162e-22   6.2432139644003302e-34   0.0000000000000000e+00 1 
  22.5   0.0000000000000000e+00   3.3140708681281924e-42   1.3023438790647571e-24   1.0831944755636068e-36   0.0000000000000000e+00 1 
  22.8   0.0000000000000000e+00   5.6051938572992683e-45   2.2595499293756925e-27   1.8793332185491922e-39   0.0000000000000000e+00 1 
  23.0   0.0000000000000000e+00   0.0000000000000000e+00   3.9203014956985563e-30   3.2608215264838493e-42   0.0000000000000000e+00 1 
  23.2   0.0000000000000000e+00   0.0000000000000000e+00   6.8017049221294304e-33   5.6051938572992683e-45   0.0000000000000000e+00 1 
  23.5   0.0000000000000000e+00   0.0000000000000000e+00   1.1800863408696312e-35   0.0000000000000000e+00   0.0000000000000000e+00 1 
  23.8   0.0000000000000000e+00   0.0000000000000000e+00   2.0474402690816117e-38   0.0000000000000000e+00   0.0000000000000000e+00 1 
  24.0   0.0000000000000000e+00   0.0000000000000000e+00   3.5522916070634113e-41   0.0000000000000000e+00   0.0000000000000000e+00 1 
  24.2   0.0000000000000000e+00   0.0000000000000000e+00   6.1657132430291951e-44   0.0000000000000000e+00   0.0000000000000000e+00 1 
  24.5   0.0000000000000000e+00   0.0000000000000000e+00   0.0000000000000000e+00   0.0000000000000000e+00   0.0000000000000000e+00 1 
  24.8   0.0000000000000000e+00   0.0000000000000000e+00   0.0000000000000000e+00   0.0000000000000000e+00   0.0000000000000000e+00 1 
  25.0   0.0000000000000000e+00   0.0000000000000000e+00   0.0000000000000000e+00   0.0000000000000000e+00   0.0000000000000000e+00 1 
  25.2   0.0000000000000000e+00   0.0000000000000000e+00   0.0000000000000000e+00   0.0000000000000000e+00   0.0000000000000000e+00 1 
  25.5   0.0000000000000000e+00   0.0000000000000000e+00   0.0000000000000000e+00   0.0000000000000000e+00   0.0000000000000000e+00 1 
  25.8   0.0000000000000000e+00   0.0000000000000000e+00   0.0000000000000000e+00   0.0000000000000000e+00   0.0000000000000000e+00 1 
  26.0   0.0000000000000000e+00   0.0000000000000000e+00   0.0000000000000000e+00   0.0000000000000000e+00   0.0000000000000000e+00 1 
  26.2   0.0000000000000000e+00   0.0000000000000000e+00   0.0000000000000000e+00   0.0000000000000000e+00   0.0000000000000000e+00 1 
  26.5   0.0000000000000000e+00   0.0000000000000000e+00   0.0000000000000000e+00   0.0000000000000000e+00   0.0000000000000000e+00 1 
  26.8   0.0000000000000000e+00   0.0000000000000000e+00   0.0000000000000000e+00   0.0000000000000000e+00   0.0000000000000000e+00 1 
  27.0   0.0000000000000000e+00   0.0000000000000000e+00   0.0000000000000000e+00   0.0000000000000000e+00   0.0000000000000000e+00 1 
  27.2   0.0000000000000000e+00   0.0000000000000000e+00   0.0000000000000000e+00   0.0000000000000000e+00   0.0000000000000000e+00 1 
  27.5   0.0000000000000000e+00   0.0000000000000000e+00   0.0000000000000000e+00   0.0000000000000000e+00   0.0000000000000000e+00 1 
  27.8   0.0000000000000000e+00   0.0000000000000000e+00   0.0000000000000000e+00   0.0000000000000000e+00   0.0000000000000000e+00 1 
  28.0   0.0000000000000000e+00   0.0000000000000000e+00   0.0000000000000000e+00   0.0000000000000000e+00   0.0000000000000000e+00 1 
  28.2   0.0000000000000000e+00   0.0000000000000000e+00   0.0000000000000000e+00   0.0000000000000000e+00   0.0000000000000000e+00 1 
  28.5   1.7124786376953125e+00   1.6084383241832256e-04   3.1773339843750000e+04   1.7996047973632812e+01   0.0000000000000000e+00 0 
  28.5   7.0470628738403320e+00   2.4521091823714869e-09   1.0926925000000000e+05   1.4023929834365845e-02   0.0000000000000000e+00 0 
  28.5   1.1711998748779297e+02   1.6097776323747981e-12   1.2859583593750000e+05   2.2614210593019379e-06   0.0000000000000000e+00 0 
  28.5   1.1551646232604980e+01   1.4760321692598308e-17   3.3270225524902344e+00   2.7864540102368052e-12   0.0000000000000000e+00 0 
  28.5   7.4674614006653428e-04   1.7163359553557437e-21   2.6985112526745070e-06   2.2444445771411710e-18   0.0000000000000000e+00 1 
  28.5   9.4615522539243102e-04   2.1969640400111736e-21   2.6062311917485204e-06   2.1677887158001163e-18   0.0000000000000000e+00 1 
  28.5   3.6475282907485962e-01   7.7414530719373089e-19   6.9940951652824879e-03   5.8241286651024207e-15   0.0000000000000000e+00 1 
  28.5   1.0981907844543457e+00   2.3185252184401951e-18   4.1065867990255356e-02   3.4427308551708558e-14   0.0000000000000000e+00 1 
  28.5   1.4194587469100952e+00   3.2404734322315855e-18   7.6339691877365112e-02   6.5285992757735389e-14   0.0000000000000000e+00 1 
  28.5   1.4646979570388794e+00   3.8667169847444568e-18   1.0543597489595413e-01   9.4049788302349308e-14   0.0000000000000000e+00 1 
  28.5   1.3940312862396240e+00   4.4780129699981886e-18   1.3372640311717987e-01   1.2849648374415462e-13   0.0000000000000000e+00 1 
  28.5   1.2992066144943237e+00   5.2462726803384516e-18   1.6662237048149109e-01   1.8005363096752075e-13   0.0000000000000000e+00 1 
  28.5   1.1799570322036743e+00   6.2226985956822781e-18   2.0757682621479034e-01   2.6613200575578699e-13   0.0000000000000000e+00 1 
  28.5   1.0766052007675171e+00   7.4181400169439137e-18   2.5445199012756348e-01   4.1213790735218636e-13   0.0000000000000000e+00 1 
  28.5   9.6747195720672607e-01   8.9710665650744289e-18   3.0203497409820557e-01   6.6177299100703135e-13   0.0000000000000000e+00 1 
  28.5   8.8232016563415527e-01   1.0923633018450751e-17   3.5304710268974304e-01   1.1221288655216544e-12   0.0000000000000000e+00 1 
  28.5   7.8341680765151978e-01   1.2804128052235941e-17   4.0264168381690979e-01   1.9824144496111140e-12   0.0000000000000000e+00 1 
  28.5   7.0699715614318848e-01   1.5009031741735852e-17   4.4739329814910889e-01   3.6191314702060939e-12   0.0000000000000000e+00 1 
  28.5   6.2748748064041138e-01   1.6799851298133555e-17   4.7666770219802856e-01   6.6551313071538942e-12   0.0000000000000000e+00 1 
  28.5   5.7143032550811768e-01   1.8326404846794042e-17   4.9679043889045715e-01   1.2479490531236426e-11   0.0000000000000000e+00 1 
  28.5   5.1040947437286377e-01   1.5916372773090168e-17   5.7256430387496948e-01   2.6763728386280938e-11   0.0000000000000000e+00 1 
  28.5   4.5393931865692139e-01   1.3813839301838595e-17   5.9003901481628418e-01   5.2513205589521661e-11   0.0000000000000000e+00 1 
  28.5   4.0127053856849670e-01   6.8629595508554730e-18   6.0022193193435669e-01   1.0367733754845787e-10   0.0000000000000000e+00 1 
  28.5   3.2146859169006348e-01   2.3554197485067447e-18   6.7231589555740356e-01   2.2932727938851372e-10   0.0000000000000000e+00 1 
  28.5   3.0635485053062439e-01   3.0903596725156672e-17   7.4419790506362915e-01   5.0795045947182871e-10   0.0000000000000000e+00 1 
  28.5   2.4849629402160645e-01   1.7427054380156988e-16   7.4591863155364990e-01   1.0219198820493602e-09   0.0000000000000000e+00 1 
  28.5   2.0089115202426910e-01   6.9224598765437188e-16   7.7960795164108276e-01   2.1587260867761415e-09   0.0000000000000000e+00 1 
  28.5   1.7063912749290466e-01   2.0932430881546353e-15   8.3185893297195435e-01   4.6830024302835227e-09   0.0000000000000000e+00 1 
  28.5   1.4080132544040680e-01   6.1908189688477007e-15   9.0288072824478149e-01   1.0347505963181902e-08   0.0000000000000000e+00 1 
  28.5   1.1688795685768127e-01   1.3930247946369705e-14   8.9461374282836914e-01   2.0779868492581954e-08   0.0000000000000000e+00 1 
  28.5   9.6777774393558502e-02   3.6759952585152175e-14   9.8414504528045654e-01   4.6255092200908621e-08   0.0000000000000000e+00 1 
  28.5   7.7398739755153656e-02   5.9271049168956730e-14   8.3618384599685669e-01   7.8766341005120921e-08   0.0000000000000000e+00 1 
  28.5   6.6588699817657471e-02   1.9190181941349665e-13   1.1047385931015015e+00   2.1035832276083966e-07   0.0000000000000000e+00 1 
  28.5   4.7320708632469177e-02   3.5841333156580446e-13   9.6777832508087158e-01   3.6504434319795109e-07   0.0000000000000000e+00 1 
  28.5   3.7798285484313965e-02   9.2982696195398340e-13   1.1275061368942261e+00   8.3951505303048179e-07   0.0000000000000000e+00 1 
  28.5   2.9258616268634796e-02   1.5304362594933951e-12   9.8074376583099365e-01   1.4149230764815002e-06   0.0000000000000000e+00 1 
  28.5   2.6123579591512680e-02   3.1999218812889252e-12   1.0872647762298584e+00   3.0314524792629527e-06   0.0000000000000000e+00 1 
  28.5   2.1690152585506439e-02   4.3530348596554358e-12   9.0804290771484375e-01   4.8288388825312722e-06   0.0000000000000000e+00 1 
  28.5   1.5766236931085587e-02   1.1853008158313472e-11   1.1092644929885864e+00   1.1308964531053789e-05   0.0000000000000000e+00 1 
  28.5   1.2410826049745083e-02   2.7644980055141488e-11   1.2528088092803955e+00   2.4094468244584277e-05   0.0000000000000000e+00 1 
  28.5   7.2982967831194401e-03   5.0516233557340584e-11   1.0896829366683960e+00   3.8512916944455355e-05   0.0000000000000000e+00 1 
  28.5   8.1259692087769508e-03   6.6026371869920553e-11   1.0288598537445068e+00   6.6134263761341572e-05   0.0000000000000000e+00 1 
  28.5   4.5541008003056049e-03   1.1091486062930755e-10   8.7735414505004883e-01   1.0205207217950374e-04   0.0000000000000000e+00 1 
  28.5   2.6741619221866131e-03   4.2161643620808320e-10   1.3429423570632935e+00   2.8507312526926398e-04   0.0000000000000000e+00 1 
  28.5   5.2269650623202324e-03   4.4281703304172026e-10   1.3628047704696655e+00   5.1120412535965443e-04   0.0000000000000000e+00 1 
  28.5   3.6958919372409582e-03   4.2348166640060469e-10   9.2239832878112793e-01   5.9379782760515809e-04   0.0000000000000000e+00 1 
  28.5   1.4767324319109321e-04   1.0786198944908536e-16   4.8758342927612830e-06   3.3320906034361997e-09   0.0000000000000000e+00 1 
  28.8   8.8416266953572631e-04   5.5809379340132637e-10   4.4345596432685852e-01   5.1463383715599775e-04   0.0000000000000000e+00 1 
  28.8   1.0485516395419836e-03   1.5734300529146594e-09   8.9861267805099487e-01   1.9146527629345655e-03   0.0000000000000000e+00 1 
  28.8   8.5867982124909759e-04   2.1376393988248310e-09   8.3651363849639893e-01   3.2623002771288157e-03   0.0000000000000000e+00 1 
  28.8   6.8547914270311594e-04   2.4362662998100859e-09   7.3185425996780396e-01   5.2214600145816803e-03   0.0000000000000000e+00 1 
  28.8   5.3214957006275654e-04   1.9028434383727699e-09   5.8566707372665405e-01   7.7065285295248032e-03   0.0000000000000000e+00 1 
  28.8   3.4643948310986161e-05   2.2262559851160546e-11   8.0727197928354144e-04   1.3746446711593308e-05   0.0000000000000000e+00 1 
  29.0   3.1111022690311074e-04   1.0678789796880750e-10   2.0374689996242523e-01   6.0962550342082977e-03   0.0000000000000000e+00 1 
  29.0   1.6145400877576321e-04   9.3475067686199509e-09   4.6217475086450577e-02   2.8002159669995308e-03   0.0000000000000000e+00 1 
  29.0   5.3613537602359429e-05   8.4400993138888936e-11   1.4417637139558792e-02   1.3217754894867539e-03   0.0000000000000000e+00 1 
  29.2   1.2409606715664268e-03   3.7682801234950603e-07   4.6200580596923828e+00   9.2966508865356445e-01   0.0000000000000000e+00 0 
  29.2   2.4128382210619748e-04   1.2126299964165810e-07   2.1560306549072266e+00   3.9809843897819519e-01   0.0000000000000000e+00 2 
  29.2   1.8133267076336779e-05   5.1135579104411022e-10   6.4158596098423004e-02   1.8235674127936363e-02   0.0000000000000000e+00 1 
  29.5   8.6489628301933408e-05   3.2761129205027828e-06   2.8624236583709717e+00   1.2932634353637695e+00   0.0000000000000000e+00 0 
  29.5   1.3805640264763497e-05   1.4625387620981201e-06   1.7174645662307739e+00   7.5039196014404297e-01   0.0000000000000000e+00 2 
  29.5   1.0785512131405994e-05   9.3232294773315516e-08   1.4511679112911224e-01   9.2067301273345947e-02   0.0000000000000000e+00 1 
  29.8   2.1012841244782976e-08   4.0691616050025914e-06   9.0808862447738647e-01   8.0471271276473999e-01   0.0000000000000000e+00 1 
  29.8   6.5541389631107450e-06   3.4846743801608682e-07   8.5465475916862488e-02   1.0270506143569946e-01   0.0000000000000000e+00 1 
  30.0   3.8468720049422700e-06   9.8593236543820240e-06   5.0559777021408081e-01   7.9164415597915649e-01   0.0000000000000000e+00 1 
  30.0   2.7762189347413369e-06   4.0868476958166866e-07   2.9280891641974449e-02   5.9024568647146225e-02   0.0000000000000000e+00 1 
  30.2   8.4434414020506665e-06   2.3291675461223349e-05   3.2727813720703125e-01   8.1341761350631714e-01   0.0000000000000000e+00 1 
  30.2   8.9484700538378092e-07   1.8908596643996134e-07   6.2768561765551567e-03   1.9363744184374809e-02   0.0000000000000000e+00 1 
  30.5   1.6027692254283465e-05   4.8060468543553725e-05   2.3228475451469421e-01   8.4152072668075562e-01   0.0000000000000000e+00 1 
  30.5   6.0243834809625696e-08   3.1351486740049950e-08   8.1397691974416375e-04   3.5654925741255283e-03   0.0000000000000000e+00 1 
  30.8   2.6202733351965435e-05   8.2696547906380147e-05   1.7483957111835480e-01   8.6270695924758911e-01   0.0000000000000000e+00 1 
  30.8   1.6539031477691424e-08   1.0859779742133924e-09   3.3803880796767771e-05   1.9763990712817758e-04   0.0000000000000000e+00 1 
  31.0   3.6783065297640860e-05   1.1324822116876021e-04   1.3699015974998474e-01   8.7121951580047607e-01   0.0000000000000000e+00 1 
  31.0   1.4218994870418555e-09   1.9497455001427424e-14   7.0441137367538431e-09   5.2245681558815704e-08   0.0000000000000000e+00 1 
  31.2   2.1968371584080160e-05   6.6901557147502899e-05   7.5037010014057159e-02   5.8591783046722412e-01   0.0000000000000000e+00 1 
  31.5   4.1971252358052880e-06   1.4502081285172608e-05   3.3759672194719315e-02   3.1131044030189514e-01   0.0000000000000000e+00 1 
  31.8   1.6328334595527849e-06   2.3954123662406346e-07   1.6244379803538322e-02   1.7144118249416351e-01   0.0000000000000000e+00 1 
  32.0   1.6893030988285318e-05   1.5120507669053040e-05   7.9400073736906052e-03   9.3398138880729675e-02   0.0000000000000000e+00 1 
  32.2   4.3635358451865613e-05   4.5241831685416400e-05   3.9655077271163464e-03   5.0818167626857758e-02   0.0000000000000000e+00 1 
  32.5   6.8813591497018933e-05   7.4098818004131317e-05   2.0063421688973904e-03   2.7471316978335381e-02   0.0000000000000000e+00 1 
  32.8   8.2547652709763497e-05   8.8743334345053881e-05   1.0309567442163825e-03   1.4830113388597965e-02   0.0000000000000000e+00 1 
  33.0   8.9193294115830213e-05   9.0178640675731003e-05   5.3517974447458982e-04   7.9780537635087967e-03   0.0000000000000000e+00 1 
  33.2   7.9122502938844264e-05   8.0207428254652768e-05   2.8004130581393838e-04   4.2753876186907291e-03   0.0000000000000000e+00 1 
  33.5   6.2842489569447935e-05   6.2564831750933081e-05   1.4718688908033073e-04   2.2796625271439552e-03   0.0000000000000000e+00 1 
  33.8   4.6849967475282028e-05   4.4293017708696425e-05   7.7520773629657924e-05   1.2084506452083588e-03   0.0000000000000000e+00 1 
  34.0   3.0637031159130856e-05   2.9609624107251875e-05   3.9483311411458999e-05   6.1450264183804393e-04   0.0000000000000000e+00 1 
  34.2   2.0204943211865611e-05   1.8639537302078679e-05   1.9454841094557196e-05   3.0077525298111141e-04   0.0000000000000000e+00 1 
  34.5   1.0097437552758493e-05   9.4901779448264278e-06   8.8502883954788558e-06   1.3555857003666461e-04   0.0000000000000000e+00 1 
  34.8   5.0019602895190474e-06   4.2837605178647209e-06   3.6942496990377549e-06   5.5932476243469864e-05   0.0000000000000000e+00 1 
  35.0   1.9247968339186627e-06   1.6878616406756919e-06   1.2605211168192909e-06   1.8847549654310569e-05   0.0000000000000000e+00 1 
  35.2   4.9237979737881687e-07   4.7200163066918321e-07   2.8675572139036376e-07   4.2246551856806036e-06   0.0000000000000000e+00 1 
  35.5   9.7798846354635316e-08   9.2475424651183857e-08   1.2625866574467182e-08   1.8345043883982726e-07   0.0000000000000000e+00 1 
  35.8   4.4224530704184417e-09   1.6874733554939070e-10   9.2861620615281026e-09   1.3312947544363851e-07   0.0000000000000000e+00 1 
  36.0   1.1592174331553906e-08   1.6231652688603049e-09   1.6745387299010872e-08   2.3696067330547521e-07   0.0000000000000000e+00 1 
  36.2   1.1957295598108431e-08   2.1389519488934639e-08   9.9561168198647465e-09   1.3790747743769316e-07   0.0000000000000000e+00 1 
  36.5   5.2038637932128040e-07   3.2251816151074308e-07   1.7619728964746173e-07   2.4316884719155496e-06   0.0000000000000000e+00 1 
  36.8   9.7144175015273504e-07   9.3384386445904966e-07   9.6087228484975640e-07   1.3120508810970932e-05   0.0000000000000000e+00 1 
  37.0   3.3966682622121880e-06   2.9689906568819424e-06   2.8726155960612232e-06   3.8626410969300196e-05   0.0000000000000000e+00 1 
  37.2   7.8821040006005205e-06   6.7381838562141638e-06   6.6803436311602127e-06   8.8435474026482552e-05   0.0000000000000000e+00 1 
  37.5   1.3832495824317448e-05   1.1927279047085904e-05   1.2941952263645362e-05   1.6835791757330298e-04   0.0000000000000000e+00 1 
  37.8   2.3331998818321154e-05   1.9694050934049301e-05   2.1790312530356459e-05   2.7752431924454868e-04   0.0000000000000000e+00 1 
  38.0   3.5617704270407557e-05   3.0019324185559526e-05   3.2456304325023666e-05   4.0343694854527712e-04   0.0000000000000000e+00 1 
  38.2   5.1184048061259091e-05   4.0487990190740675e-05   4.3928121158387512e-05   5.2975275320932269e-04   0.0000000000000000e+00 1 
  38.5   6.7460066929925233e-05   5.1960447308374569e-05   5.3214906074572355e-05   6.1870226636528969e-04   0.0000000000000000e+00 1 
  38.8   8.1109166785608977e-05   5.8591151173459366e-05   5.6581615353934467e-05   6.2939093913882971e-04   0.0000000000000000e+00 1 
  39.0   8.8304346718359739e-05   6.1007773183519021e-05   5.0353413826087490e-05   5.3068803390488029e-04   0.0000000000000000e+00 1 
  39.2   8.4026840340811759e-05   5.2539398893713951e-05   3.1267871236195788e-05   3.0848674941807985e-04   0.0000000000000000e+00 1 
  39.5   6.1984275816939771e-05   3.5029224818572402e-05   6.7931064222648274e-06   6.1968254158273339e-05   0.0000000000000000e+00 1 
  39.8   3.3730102586559951e-05   1.5311668903450482e-05   6.9593438638548832e-06   5.7582135923439637e-05   0.0000000000000000e+00 1 
  40.0   8.5201645561028272e-06   1.6843263210830628e-06   1.2412788055371493e-04   9.1726268874481320e-04   0.0000000000000000e+00 1 
  40.2   8.9356950638830313e-07   3.0375238111446379e-06   5.9580156812444329e-04   3.8443985395133495e-03   0.0000000000000000e+00 1 
  40.5   3.1756200769450516e-05   2.6443296519573778e-05   1.9730869680643082e-03   1.0806548409163952e-02   0.0000000000000000e+00 1 
  40.8   1.1386912956368178e-04   6.7166598455514759e-05   5.4998672567307949e-03   2.4790175259113312e-02   0.0000000000000000e+00 1 
  41.0   2.6461988454684615e-04   1.1693510168697685e-04   1.3694166205823421e-02   4.8930332064628601e-02   0.0000000000000000e+00 1 
  41.2   4.7691669897176325e-04   1.4956825179979205e-04   3.1176088377833366e-02   8.4452994167804718e-02   0.0000000000000000e+00 1 
  41.5   7.9357519280165434e-04   1.5814672224223614e-04   6.4063325524330139e-02   1.2466042488813400e-01   0.0000000000000000e+00 1 
  41.8   1.3204596471041441e-03   1.3858922466170043e-04   1.1294233053922653e-01   1.4782792329788208e-01   0.0000000000000000e+00 1 
  42.0   2.3149184416979551e-03   1.0267673496855423e-04   1.4712695777416229e-01   1.1939983069896698e-01   0.0000000000000000e+00 1 
  42.2   4.4576879590749741e-03   6.6187254560645670e-05   7.9134806990623474e-02   3.5863596946001053e-02   0.0000000000000000e+00 1 
  42.5   8.5657481104135513e-03   3.7261837860569358e-05   4.0940556675195694e-02   8.9935474097728729e-03   0.0000000000000000e+00 1 
  42.8   1.4330288395285606e-02   1.2734286428894848e-05   1.5291774272918701e+00   1.3193266093730927e-01   0.0000000000000000e+00 1 
  43.0   2.2515228018164635e-02   4.9576181027077837e-07   9.5354580879211426e-01   2.2425789386034012e-02   0.0000000000000000e+00 1 
  43.2   3.1661960482597351e-01   6.0162088630022481e-05   5.3232592773437500e+02   1.4962404966354370e+00   0.0000000000000000e+00 0 
  43.2   2.7937093749642372e-02   4.1267039563308572e-08   3.5552768707275391e+01   1.0467380285263062e-01   0.0000000000000000e+00 0 
  43.2   8.5108513012528419e-03   1.8914539379188966e-10   4.6016788482666016e+00   1.3802283443510532e-02   0.0000000000000000e+00 0 
  43.2   4.0681840619072318e-04   1.1441638465798732e-15   4.9489230150356889e-05   1.5333199598899228e-07   0.0000000000000000e+00 1 
  43.2   1.9461127521935850e-04   4.0728185899524798e-15   5.3392275731312111e-05   1.5321880653118569e-07   0.0000000000000000e+00 1 
  43.2   3.1074297148734331e-03   1.2338598198713413e-10   1.8573649227619171e-01   4.8640143359079957e-04   0.0000000000000000e+00 1 
  43.2   1.2623538263142109e-02   4.4980510982561839e-10   2.3169748783111572e+00   4.1445498354732990e-03   0.0000000000000000e+00 2 
  43.2   2.9616568237543106e-02   1.2065355381452036e-09   5.8315167427062988e+00   5.5388393811881542e-03   0.0000000000000000e+00 0 
  43.2   2.0250136032700539e-02   8.1172585320032908e-10   2.6447610855102539e+00   2.5187721475958824e-03   0.0000000000000000e+00 2 
  43.2   6.0989521443843842e-02   3.7717323708719164e-10   3.9381439685821533e+00   2.0293556153774261e-03   0.0000000000000000e+00 0 
  43.2   4.9111444503068924e-02   2.7387833667624761e-10   2.3376359939575195e+00   1.2060677399858832e-03   0.0000000000000000e+00 2 
  43.2   1.2948948144912720e-01   2.8034635723983570e-10   4.4721584320068359e+00   1.2462373124435544e-03   0.0000000000000000e+00 0 
  43.2   9.8577328026294708e-02   1.7685822251145566e-10   2.3465855121612549e+00   6.5461016492918134e-04   0.0000000000000000e+00 2 
  43.2   3.2872405648231506e-01   1.8589269012991849e-10   4.1230583190917969e+00   6.2455498846247792e-04   0.0000000000000000e+00 0 
  43.2   2.5463122129440308e-01   1.1276331951526330e-10   2.1994645595550537e+00   3.3342215465381742e-04   0.0000000000000000e+00 2 
  43.2   9.5584750175476074e-01   1.0846996911784146e-10   3.5339486598968506e+00   2.9421568615362048e-04   0.0000000000000000e+00 0 
  43.2   7.3321074247360229e-01   6.2319788218800909e-11   1.8402415513992310e+00   1.5327987784985453e-04   0.0000000000000000e+00 2 
  43.2   4.2882390022277832e+00   5.8959372106759389e-11   2.6791002750396729e+00   1.2531261018011719e-04   0.0000000000000000e+00 0 
  43.2   2.8190684318542480e+00   2.2683112332888555e-11   9.1675794124603271e-01   4.2901552660623565e-05   0.0000000000000000e+00 2 
  43.2   2.4653047561645508e+01   1.5109599335594304e-11   9.1703462600708008e-01   2.6066209102282301e-05   0.0000000000000000e+00 0 
  43.2   9.9275465011596680e+00   1.6560734988207981e-12   8.8199645280838013e-02   2.5088913844228955e-06   0.0000000000000000e+00 0 
  43.2   5.4973206520080566e+00   3.7993515126545641e-13   1.9633606076240540e-02   5.5864825299067888e-07   0.0000000000000000e+00 0 
  43.2   2.0047330763190985e-03   4.5532595223706061e-18   1.2234306900893444e-09   3.4274764694171636e-14   0.0000000000000000e+00 1 
  43.2   1.9046556204557419e-02   7.9447860606217251e-18   3.3807532329177548e-09   9.4018210914075667e-14   0.0000000000000000e+00 1 
  43.2   1.8810427188873291e-01   4.1941415409725468e-18   2.0090822090423899e-06   5.4537457883085949e-11   0.0000000000000000e+00 1 
  43.2   8.1871205568313599e-01   9.1997671151943151e-17   3.9883150748210028e-05   1.0260409188944664e-09   0.0000000000000000e+00 1 
  43.2   2.1860549449920654e+00   4.8391685784863743e-16   1.5783398703206331e-04   3.7511713735227659e-09   0.0000000000000000e+00 2 
  43.2   5.0928425788879395e+00   9.1274502214846011e-16   1.3885251246392727e-04   3.0032507591926105e-09   0.0000000000000000e+00 0 
  43.2   3.4908738136291504e+00   2.7858074543180564e-16   6.0262202168814838e-05   1.3023814249280008e-09   0.0000000000000000e+00 2 
  43.2   6.8100171089172363e+00   1.2429911543116951e-17   3.8401376514229923e-05   7.6556666561700126e-10   0.0000000000000000e+00 0 
  43.2   4.0148386955261230e+00   2.5852880708564026e-18   1.2485801562434062e-05   2.4892990446723218e-10   0.0000000000000000e+00 0 
  43.2   2.9766588211059570e+00   8.8508979015857878e-18   6.7572782427305356e-06   1.3480468130655510e-10   0.0000000000000000e+00 2 
  43.2   5.2511591911315918e+00   1.3406724940878970e-19   8.0890977187664248e-06   1.5259553343138776e-10   0.0000000000000000e+00 0 
  43.2   3.3970129489898682e+00   2.9249786815928883e-18   3.5950508845417062e-06   6.7784215740385179e-11   0.0000000000000000e+00 2 
  43.2   5.1301884651184082e+00   6.4567948449378477e-18   1.2073854804839357e-06   2.1751772258382651e-11   0.0000000000000000e+00 0 
  43.2   3.2897512912750244e+00   7.3391608120573506e-18   5.0542615781523637e-07   9.1262735216202096e-12   0.0000000000000000e+00 2 
  43.2   4.5336174964904785e+00   1.1714690653653588e-17   7.3280614287796197e-07   1.2730089551937773e-11   0.0000000000000000e+00 0 
  43.2   3.0432462692260742e+00   9.4847035392586189e-18   3.7534911712100438e-07   6.5205623019093384e-12   0.0000000000000000e+00 2 
  43.2   3.9182317256927490e+00   1.5199764701739554e-17   1.4278396065492416e-07   2.4101378445079424e-12   0.0000000000000000e+00 2 
  43.2   4.1343994140625000e+00   9.9127380733915337e-18   2.0031349023952316e-08   3.2836334020770741e-13   0.0000000000000000e+00 0 
  43.2   2.8487310409545898e+00   7.2446620445180676e-18   8.5640641245277038e-09   1.3985865146125959e-13   0.0000000000000000e+00 2 
  43.2   3.1954624652862549e+00   2.8350556704070956e-18   6.2521706922780140e-08   1.0018171188452829e-12   0.0000000000000000e+00 2 
  43.2   3.0690462589263916e+00   3.1200361418390178e-18   5.4019477779831959e-09   8.4700462247254416e-14   0.0000000000000000e+00 2 
  43.2   1.3114553689956665e-01   1.6024296630272399e-19   1.1244672727672711e-12   1.7278064262585162e-17   0.0000000000000000e+00 1 
  43.5   1.7335455864667892e-02   5.4619042808431857e-22   1.2704602925239783e-09   1.8860826732336987e-14   0.0000000000000000e+00 1 
  43.5   3.7630634324159473e-06   4.1210514484570550e-18   1.4353518906773388e-07   2.1486421582922466e-12   0.0000000000000000e+00 1 
  43.5   8.6381248820543988e-09   1.2229872334030417e-13   4.4660465791821480e-03   6.3909077141488524e-08   0.0000000000000000e+00 1 
  43.5   5.0336891772861936e-12   1.9984723945154492e-11   9.4114071130752563e-01   1.0424501851957757e-05   0.0000000000000000e+00 1 
  43.5   2.2926066918510382e-15   1.8642054913642347e-11   1.7866172790527344e+00   9.7089414339279756e-06   0.0000000000000000e+00 1 
  43.5   9.8904931187684514e-19   9.4413886431166105e-12   2.0423331260681152e+00   4.9119889808935113e-06   0.0000000000000000e+00 1 
  43.5   4.2144526567795085e-22   4.2093806738863204e-12   2.1048562526702881e+00   2.1884118268644670e-06   0.0000000000000000e+00 1 
  43.5   1.7906669231973835e-25   1.8234753984547325e-12   2.1189067363739014e+00   9.4756649104965618e-07   0.0000000000000000e+00 1 
  43.5   7.6023261863611393e-29   7.8477729956866193e-13   2.1210851669311523e+00   4.0768614439912199e-07   0.0000000000000000e+00 1 
  43.5   3.2252708535291071e-32   3.3733657685795782e-13   2.1200122833251953e+00   1.7521314532586985e-07   0.0000000000000000e+00 1 
  43.5   1.3672701126601381e-35   1.4501784105155902e-13   2.1174073219299316e+00   7.5310019553853635e-08   0.0000000000000000e+00 1 
  43.5   5.7897518715431683e-39   6.2373961247710885e-14   2.1130015850067139e+00   3.2389397830456801e-08   0.0000000000000000e+00 1 
  43.5   2.4466671187111306e-42   2.6856074059489893e-14   2.1064116954803467e+00   1.3944982057978450e-08   0.0000000000000000e+00 1 
  43.5   4.2038953929744512e-44   6.9686426199849950e-23   1.2671444338252513e-08   3.6184539440099365e-17   0.0000000000000000e+00 1 
  43.8   0.0000000000000000e+00   1.1259110065445482e-14   2.0952956676483154e+00   5.8460583041153313e-09   0.0000000000000000e+00 1 
  43.8   0.0000000000000000e+00   4.8686530542264676e-15   2.0803778171539307e+00   2.5278912296755607e-09   0.0000000000000000e+00 1 
  43.8   0.0000000000000000e+00   2.1124995351775146e-15   2.0575647354125977e+00   1.0968289609891713e-09   0.0000000000000000e+00 1 
  43.8   0.0000000000000000e+00   9.2149529601007066e-16   2.0234205722808838e+00   4.7844395112406346e-10   0.0000000000000000e+00 1 
  43.8   0.0000000000000000e+00   4.0523665559245511e-16   1.9735486507415771e+00   2.1039898989716477e-10   0.0000000000000000e+00 1 
  43.8   0.0000000000000000e+00   1.8031166219072635e-16   1.9018871784210205e+00   9.3617461005557345e-11   0.0000000000000000e+00 1 
  43.8   0.0000000000000000e+00   8.1605185694063725e-17   1.8022645711898804e+00   4.2369854152957132e-11   0.0000000000000000e+00 1 
  43.8   0.0000000000000000e+00   3.7815107642065945e-17   1.6687657833099365e+00   1.9633435502375285e-11   0.0000000000000000e+00 1 
  43.8   0.0000000000000000e+00   1.8079582423814344e-17   1.4988644123077393e+00   9.3868125078389042e-12   0.0000000000000000e+00 1 
  43.8   0.0000000000000000e+00   1.7097798446052705e-18   2.4646939337253571e-01   8.8770858068867864e-13   0.0000000000000000e+00 1 
  44.0   0.0000000000000000e+00   4.4337368869403690e-18   8.9416056871414185e-01   2.3019713305677536e-12   0.0000000000000000e+00 1 
  44.0   0.0000000000000000e+00   2.9855496023325432e-18   8.7760156393051147e-01   1.5500798344544875e-12   0.0000000000000000e+00 1 
  44.0   0.0000000000000000e+00   1.6864706187265622e-18   6.6913545131683350e-01   8.7560546920689708e-13   0.0000000000000000e+00 1 
  44.0   0.0000000000000000e+00   9.0247297005186534e-19   4.4221195578575134e-01   4.6855851447077934e-13   0.0000000000000000e+00 1 
  44.0   0.0000000000000000e+00   4.2384698398065339e-19   2.3718331754207611e-01   2.2005876667337970e-13   0.0000000000000000e+00 1 
  44.0   0.0000000000000000e+00   8.0853649468983662e-21   4.8612914979457855e-03   4.1978719931862630e-15   0.0000000000000000e+00 1 
  44.2   0.0000000000000000e+00   3.7035742075574575e-20   2.2671511396765709e-02   1.9228728716713314e-14   0.0000000000000000e+00 1 
  44.2   0.0000000000000000e+00   4.5071197496939163e-21   2.8026041109114885e-03   2.3400691242592489e-15   0.0000000000000000e+00 1 
  44.5   0.0000000000000000e+00   2.5566747745131755e-25   1.5959057009240496e-07   1.3274056802852829e-19   0.0000000000000000e+00 1 
  44.5   0.0000000000000000e+00   2.2674188397756902e-29   1.4153911549741327e-11   1.1772262007617260e-23   0.0000000000000000e+00 1 
  44.8   0.0000000000000000e+00   4.1891028609519367e-29   2.6149664031360764e-11   2.1749567266434544e-23   0.0000000000000000e+00 1 
  45.0   0.0000000000000000e+00   2.7552381526070476e-31   1.7199025678042018e-13   1.4304938647317480e-25   0.0000000000000000e+00 1 
  45.2   0.0000000000000000e+00   1.8121558665520621e-33   1.1312087952889739e-15   9.4085741495499128e-28   0.0000000000000000e+00 1 
  45.5   0.0000000000000000e+00   1.1918783773087241e-35   7.4401455027796619e-18   6.1881622461185173e-30   0.0000000000000000e+00 1 
  45.8   0.0000000000000000e+00   7.8392419600183944e-38   4.8934941982303016e-20   4.0700651418760867e-32   0.0000000000000000e+00 1 
  46.0   0.0000000000000000e+00   5.1559936215753049e-40   3.2185269973172714e-22   2.6769445607554603e-34   0.0000000000000000e+00 1 
  46.2   0.0000000000000000e+00   3.3911422836660573e-42   2.1168806290289024e-24   1.7606575767067672e-36   0.0000000000000000e+00 1 
  46.5   0.0000000000000000e+00   2.2420775429197073e-44   1.3923035983809225e-26   1.1580256240361679e-38   0.0000000000000000e+00 1 
  46.8   0.0000000000000000e+00   0.0000000000000000e+00   9.1574249403407967e-29   7.6164775431446782e-41   0.0000000000000000e+00 1 
  47.0   0.0000000000000000e+00   0.0000000000000000e+00   6.0229796170313639e-31   5.0026355176395969e-43   0.0000000000000000e+00 1 
  47.2   0.0000000000000000e+00   0.0000000000000000e+00   3.9614071460634777e-33   2.8025969286496341e-45   0.0000000000000000e+00 1 
  47.5   0.0000000000000000e+00   0.0000000000000000e+00   2.6054866724287062e-35   0.0000000000000000e+00   0.0000000000000000e+00 1 
  47.8   0.0000000000000000e+00   0.0000000000000000e+00   1.7136712096292652e-37   0.0000000000000000e+00   0.0000000000000000e+00 1 
  48.0   0.0000000000000000e+00   0.0000000000000000e+00   1.1271091964073088e-39   0.0000000000000000e+00   0.0000000000000000e+00 1 
  48.2   0.0000000000000000e+00   0.0000000000000000e+00   7.4128688762782823e-42   0.0000000000000000e+00   0.0000000000000000e+00 1 
  48.5   0.0000000000000000e+00   0.0000000000000000e+00   4.9045446251368597e-44   0.0000000000000000e+00   0.0000000000000000e+00 1 
  48.8   0.0000000000000000e+00   0.0000000000000000e+00   0.0000000000000000e+00   0.0000000000000000e+00   0.0000000000000000e+00 1 
  49.0   0.0000000000000000e+00   0.0000000000000000e+00   0.0000000000000000e+00   0.0000000000000000e+00   0.0000000000000000e+00 1 
  49.2   0.0000000000000000e+00   0.0000000000000000e+00   0.0000000000000000e+00   0.0000000000000000e+00   0.0000000000000000e+00 1 
  49.5   0.0000000000000000e+00   0.0000000000000000e+00   0.0000000000000000e+00   0.0000000000000000e+00   0.0000000000000000e+00 1 
  49.8   0.0000000000000000e+00   0.0000000000000000e+00   0.0000000000000000e+00   0.0000000000000000e+00   0.0000000000000000e+00 1 
  50.0   0.0000000000000000e+00   0.0000000000000000e+00   0.0000000000000000e+00   0.0000000000000000e+00   0.0000000000000000e+00 1 
  50.2   0.0000000000000000e+00   0.0000000000000000e+00   0.0000000000000000e+00   0.0000000000000000e+00   0.0000000000000000e+00 1 
  50.5   0.0000000000000000e+00   0.0000000000000000e+00   0.0000000000000000e+00   0.0000000000000000e+00   0.0000000000000000e+00 1 
  50.8   0.0000000000000000e+00   0.0000000000000000e+00   0.0000000000000000e+00   0.0000000000000000e+00   0.0000000000000000e+00 1 
  51.0   0.0000000000000000e+00   0.0000000000000000e+00   0.0000000000000000e+00   0.0000000000000000e+00   0.0000000000000000e+00 1 
  51.2   0.0000000000000000e+00   0.0000000000000000e+00   0.0000000000000000e+00   0.0000000000000000e+00   0.0000000000000000e+00 1 
  51.5   0.0000000000000000e+00   0.0000000000000000e+00   0.0000000000000000e+00   0.0000000000000000e+00   0.0000000000000000e+00 1 
  51.8   0.0000000000000000e+00   0.0000000000000000e+00   0.0000000000000000e+00   0.0000000000000000e+00   0.0000000000000000e+00 1 
  52.0   0.0000000000000000e+00   0.0000000000000000e+00   0.0000000000000000e+00   0.0000000000000000e+00   0.0000000000000000e+00 1 
  52.2   0.0000000000000000e+00   0.0000000000000000e+00   0.0000000000000000e+00   0.0000000000000000e+00   0.0000000000000000e+00 1 
  52.5   1.1379678249359131e+00   2.4256393953692168e-04   2.2772050781250000e+04   1.0963078498840332e+01   0.0000000000000000e+00 0 
  52.5   6.3302202224731445e+00   2.3968987905576000e-10   8.8419507812500000e+04   1.5526322647929192e-02   0.0000000000000000e+00 0 
  52.5   1.1608329010009766e+02   7.4606970991777932e-13   1.3154148437500000e+05   3.1884899271972245e-06   0.0000000000000000e+00 0 
  52.5   2.0906986236572266e+01   2.1217004040972848e-17   5.0326256752014160e+00   4.2214370020443592e-12   0.0000000000000000e+00 0 
  52.5   1.5497077256441116e-03   2.2929761619461036e-21   3.9190072129713371e-06   3.2595790296348759e-18   0.0000000000000000e+00 1 
  52.5   1.9728022161871195e-03   2.9427598545911434e-21   3.7563149817287922e-06   3.1244326067947371e-18   0.0000000000000000e+00 1 
  52.5   4.3767362833023071e-01   6.2405571149145682e-19   4.9598482437431812e-03   4.1299653618048857e-15   0.0000000000000000e+00 1 
  52.5   1.1984984874725342e+00   1.7585973560211594e-18   2.4617619812488556e-02   2.0616927625836598e-14   0.0000000000000000e+00 1 
  52.5   1.4953215122222900e+00   2.4247068781560239e-18   4.2903982102870941e-02   3.6518365236068093e-14   0.0000000000000000e+00 1 
  52.5   1.5225625038146973e+00   2.8957847894389012e-18   5.8208782225847244e-02   5.1230768488130102e-14   0.0000000000000000e+00 1 
  52.5   1.4517550468444824e+00   3.3982817087235333e-18   7.4858769774436951e-02   6.9860133303234484e-14   0.0000000000000000e+00 1 
  52.5   1.3530818223953247e+00   4.0552359958386608e-18   9.6407100558280945e-02   9.8686555075836596e-14   0.0000000000000000e+00 1 
  52.5   1.2493445873260498e+00   4.9373488456907225e-18   1.2485533207654953e-01   1.4644458334791416e-13   0.0000000000000000e+00 1 
  52.5   1.1477652788162231e+00   6.1228818839848917e-18   1.6252639889717102e-01   2.3037241602200109e-13   0.0000000000000000e+00 1 
  52.5   1.0489757061004639e+00   7.6788880255359418e-18   2.0840425789356232e-01   3.7954936502743175e-13   0.0000000000000000e+00 1 
  52.5   9.6785259246826172e-01   9.9048633139600289e-18   2.5986325740814209e-01   6.4977808290206385e-13   0.0000000000000000e+00 1 
  52.5   8.7945806980133057e-01   1.2468846934549822e-17   3.1539312005043030e-01   1.1568598726544033e-12   0.0000000000000000e+00 1 
  52.5   7.8801929950714111e-01   1.5608279427777443e-17   3.5978189110755920e-01   2.0598121732579022e-12   0.0000000000000000e+00 1 
  52.5   7.0799577236175537e-01   1.9451464778455991e-17   4.0980535745620728e-01   3.8730906502804086e-12   0.0000000000000000e+00 1 
  52.5   6.3801717758178711e-01   2.3890698280566775e-17   4.6447032690048218e-01   7.5992094561438961e-12   0.0000000000000000e+00 1 
  52.5   5.6620299816131592e-01   2.7502699884926553e-17   4.9996757507324219e-01   1.4706874607028908e-11   0.0000000000000000e+00 1 
  52.5   5.1047897338867188e-01   3.1510783690717547e-17   5.4035758972167969e-01   2.9479710339508358e-11   0.0000000000000000e+00 1 
  52.5   4.4386392831802368e-01   2.9383364490737315e-17   5.8214443922042847e-01   6.0328589346347883e-11   0.0000000000000000e+00 1 
  52.5   3.8071268796920776e-01   2.1024499260097058e-17   6.4816373586654663e-01   1.3005913013230952e-10   0.0000000000000000e+00 1 
  52.5   3.3199432492256165e-01   1.0099656903590754e-17   6.8207663297653198e-01   2.6851190715326823e-10   0.0000000000000000e+00 1 
  52.5   2.7837109565734863e-01   3.3111228895756484e-20   7.1473664045333862e-01   5.5770366103047309e-10   0.0000000000000000e+00 1 
  52.5   2.4009169638156891e-01   3.4088993163482027e-17   7.9036557674407959e-01   1.2333228882610570e-09   0.0000000000000000e+00 1 
  52.5   2.0886345207691193e-01   1.5351422642222986e-16   8.1618946790695190e-01   2.5519977242538516e-09   0.0000000000000000e+00 1 
  52.5   1.6961602866649628e-01   7.4224115445399130e-16   8.7236422300338745e-01   5.4690798556578102e-09   0.0000000000000000e+00 1 
  52.5   1.4469580352306366e-01   2.2589957892292772e-15   9.2376101016998291e-01   1.1581050785025582e-08   0.0000000000000000e+00 1 
  52.5   1.0839436203241348e-01   5.5700823083971746e-15   8.6880695819854736e-01   2.1645382375368172e-08   0.0000000000000000e+00 1 
  52.5   9.2371925711631775e-02   1.5646445117724166e-14   9.8255902528762817e-01   4.8788404427568821e-08   0.0000000000000000e+00 1 
  52.5   7.3993213474750519e-02   3.5037246812631012e-14   9.8248761892318726e-01   9.6379849878758250e-08   0.0000000000000000e+00 1 
  52.5   6.0879644006490707e-02   7.8773576203672313e-14   1.0840916633605957e+00   2.0860728966454190e-07   0.0000000000000000e+00 1 
  52.5   4.6809680759906769e-02   1.5315911516475267e-13   9.6280592679977417e-01   3.5785132013188559e-07   0.0000000000000000e+00 1 
  52.5   4.3497648090124130e-02   3.4740418007606078e-13   1.1269983053207397e+00   8.0751743780638208e-07   0.0000000000000000e+00 1 
  52.5   2.8803160414099693e-02   6.7390087650845421e-13   1.0058540105819702e+00   1.3651006156578660e-06   0.0000000000000000e+00 1 
  52.5   2.5677388533949852e-02   1.3847125486174394e-12   1.1197937726974487e+00   2.8659917461482110e-06   0.0000000000000000e+00 1 
  52.5   1.8376231193542480e-02   1.9988414135668764e-12   9.2661339044570923e-01   4.4067764974897727e-06   0.0000000000000000e+00 1 
  52.5   1.6972495242953300e-02   5.0464758240276186e-12   1.2209781408309937e+00   1.0832735824806150e-05   0.0000000000000000e+00 1 
  52.5   1.0459730401635170e-02   9.5998538979236159e-12   9.5743954181671143e-01   1.5483616152778268e-05   0.0000000000000000e+00 1 
  52.5   1.1030439287424088e-02   1.9784490018492917e-11   1.3917715549468994e+00   4.1065995901590213e-05   0.0000000000000000e+00 1 
  52.5   8.2623641937971115e-03   1.9696197797736126e-11   9.7531986236572266e-01   5.0775219278875738e-05   0.0000000000000000e+00 1 
  52.5   4.4517721980810165e-03   4.1377033743739133e-11   1.1101986169815063e+00   1.0206035221926868e-04   0.0000000000000000e+00 1 
  52.5   4.6611842699348927e-03   8.7886344035670305e-11   1.1968609094619751e+00   1.9206559227313846e-04   0.0000000000000000e+00 1 
  52.5   2.4186552036553621e-03   1.0885149032135999e-10   8.1803774833679199e-01   2.2530107526108623e-04   0.0000000000000000e+00 1 
  52.5   2.1278259810060263e-03   2.6881277759294164e-10   1.1652705669403076e+00   5.5919785518199205e-04   0.0000000000000000e+00 1 
  52.5   1.7175081302411854e-04   4.8227291301120023e-13   1.6339592402800918e-03   9.3949989832253777e-07   0.0000000000000000e+00 1 
  52.8   2.7296546613797545e-04   1.5678730536095031e-10   2.2044029831886292e-01   2.1138713054824620e-04   0.0000000000000000e+00 1 
  52.8   7.3774775955826044e-04   5.1489684738115216e-10   1.0056058168411255e+00   1.8439040286466479e-03   0.0000000000000000e+00 1 
  52.8   5.9910904383286834e-04   4.7219916865515188e-10   8.2189613580703735e-01   2.8201276436448097e-03   0.0000000000000000e+00 1 
  52.8   5.0607568118721247e-04   2.3560559059276898e-10   7.1069318056106567e-01   4.5399437658488750e-03   0.0000000000000000e+00 1 
  52.8   4.0759527473710477e-04   1.0969846558905871e-11   5.6184488534927368e-01   6.7201359197497368e-03   0.0000000000000000e+00 1 
  52.8   2.1131989342393354e-05   3.3412674889246943e-14   2.5721679776324891e-05   3.4152202488257899e-07   0.0000000000000000e+00 1 
  53.0   2.8993072919547558e-04   2.0323862592874775e-09   3.1194391846656799e-01   7.4636335484683514e-03   0.0000000000000000e+00 1 
  53.0   1.5392858767881989e-04   1.9808480189453803e-08   9.3603134155273438e-02   4.5339339412748814e-03   0.0000000000000000e+00 1 
  53.0   2.2379306756192818e-05   1.7259621466411690e-12   6.8774856626987457e-03   4.7162166447378695e-04   0.0000000000000000e+00 1 
  53.2   1.5394302317872643e-04   1.8511026667056285e-07   1.2009112834930420e+00   1.7083077132701874e-01   0.0000000000000000e+00 1 
  53.2   7.8366638263105415e-06   3.3806329957641879e-10   2.2160772234201431e-02   4.6236426569521427e-03   0.0000000000000000e+00 1 
  53.5   2.5552426814101636e-04   1.0872312486753799e-05   4.4101576805114746e+00   1.5402950048446655e+00   0.0000000000000000e+00 0 
  53.5   3.7378438719315454e-05   3.3984088076977059e-06   1.9989848136901855e+00   6.5729552507400513e-01   0.0000000000000000e+00 2 
  53.5   4.9946070248552132e-06   1.8869590334702480e-08   4.3876964598894119e-02   2.0355988293886185e-02   0.0000000000000000e+00 1 
  53.8   2.5173035282932688e-06   7.1148160714074038e-06   1.1874486207962036e+00   7.6949822902679443e-01   0.0000000000000000e+00 1 
  53.8   2.2990639081399422e-06   7.4306861108652811e-08   3.2266046851873398e-02   2.7988016605377197e-02   0.0000000000000000e+00 1 
  54.0   4.0807594814395998e-07   1.2985322427994106e-05   6.6142946481704712e-01   7.4397289752960205e-01   0.0000000000000000e+00 1 
  54.0   1.1422159786889097e-06   9.2974374865661957e-08   1.3295959681272507e-02   1.9127532839775085e-02   0.0000000000000000e+00 1 
  54.2   2.9741518119408283e-06   2.6017227355623618e-05   4.3111389875411987e-01   7.6267671585083008e-01   0.0000000000000000e+00 1 
  54.2   1.0574185438372297e-07   3.5293766131871962e-08   2.7983547188341618e-03   6.1169015243649483e-03   0.0000000000000000e+00 1 
  54.5   8.8918095570988953e-06   4.9092788685811684e-05   3.1114163994789124e-01   7.9823732376098633e-01   0.0000000000000000e+00 1 
  54.5   1.8514615396370004e-09   3.3605134230896283e-09   2.6308998349122703e-04   8.1300357123836875e-04   0.0000000000000000e+00 1 
  54.8   1.9370971131138504e-05   8.1162550486624241e-05   2.3767913877964020e-01   8.2799297571182251e-01   0.0000000000000000e+00 1 
  54.8   2.8587316958095244e-09   1.1131524521590386e-11   1.7605933635422844e-06   7.2453622124157846e-06   0.0000000000000000e+00 1 
  55.0   2.7203148420085199e-05   1.0485924576641992e-04   1.8226911127567291e-01   8.1682163476943970e-01   0.0000000000000000e+00 1 
  55.2   1.4682696019008290e-05   4.9507656513014808e-05   7.9190522432327271e-02   4.3446138501167297e-01   0.0000000000000000e+00 1 
  55.5   2.3768304799887119e-06   1.2628702279471327e-05   3.8112215697765350e-02   2.4689859151840210e-01   0.0000000000000000e+00 1 
  55.8   8.6074697946969536e-07   2.0984730397799467e-08   1.8483448773622513e-02   1.3721129298210144e-01   0.0000000000000000e+00 1 
  56.0   1.0189093700319063e-05   7.2127400017052423e-06   9.1486712917685509e-03   7.5833685696125031e-02   0.0000000000000000e+00 1 
  56.2   2.6796897145686671e-05   2.3707585569354706e-05   4.5982371084392071e-03   4.1624061763286591e-02   0.0000000000000000e+00 1 
  56.5   4.3009327782783657e-05   4.0351824281970039e-05   2.3428068961948156e-03   2.2725353017449379e-02   0.0000000000000000e+00 1 
  56.8   5.0782484322553501e-05   4.9721773393684998e-05   1.2104552006348968e-03   1.2379711493849754e-02   0.0000000000000000e+00 1 
  57.0   5.3613573982147500e-05   5.1127990445820615e-05   6.2862818595021963e-04   6.6871591843664646e-03   0.0000000000000000e+00 1 
  57.2   4.7988360165618360e-05   4.5804263208992779e-05   3.2974226633086801e-04   3.6073646042495966e-03   0.0000000000000000e+00 1 
  57.5   4.0764749428490177e-05   3.6781380913453177e-05   1.7422910605091602e-04   1.9413664704188704e-03   0.0000000000000000e+00 1 
  57.8   2.9250790248624980e-05   2.6210114810965024e-05   9.0310415544081479e-05   1.0174741037189960e-03   0.0000000000000000e+00 1 
  58.0   2.0215735275996849e-05   1.7955109797185287e-05   4.6059900341788307e-05   5.2143813809379935e-04   0.0000000000000000e+00 1 
  58.2   1.2857702131441329e-05   1.0797117283800617e-05   2.2723133952240460e-05   2.5692232884466648e-04   0.0000000000000000e+00 1 
  58.5   6.8580784500227310e-06   5.5789278121665120e-06   1.0694798220356461e-05   1.2031671212753281e-04   0.0000000000000000e+00 1 
  58.8   3.3494329727545846e-06   2.6803438686329173e-06   4.4432749746192712e-06   4.9646045226836577e-05   0.0000000000000000e+00 1 
  59.0   1.5568140270261210e-06   1.0595430239845882e-06   1.5015632470749551e-06   1.6642223272356205e-05   0.0000000000000000e+00 1 
  59.2   2.0174637427317066e-07   2.4493553496540699e-07   3.5017808386328397e-07   3.8473917811643332e-06   0.0000000000000000e+00 1 
  59.5   9.1338328900292254e-08   6.9314509687501413e-08   3.0864367062122255e-08   3.3658940878922294e-07   0.0000000000000000e+00 1 
  59.8   5.9372471383767333e-09   3.9198030238329906e-11   3.1995333049650299e-09   3.4913558266680411e-08   0.0000000000000000e+00 1 
  60.0   1.4469262454852583e-09   8.4821438761650825e-10   9.1216127984239392e-09   9.7997371995006688e-08   0.0000000000000000e+00 1 
  60.2   3.5659429187262504e-08   2.4844698742754190e-08   1.0661386440347087e-08   1.1308594594083843e-07   0.0000000000000000e+00 1 
  60.5   1.9298975928450091e-07   1.9446802923539508e-07   2.1771106162304932e-07   2.2814958811068209e-06   0.0000000000000000e+00 1 
  60.8   8.2295684933342272e-07   7.0884834713069722e-07   1.1593884892135975e-06   1.2059933396812994e-05   0.0000000000000000e+00 1 
  61.0   2.6055718080897350e-06   2.0201543975417735e-06   3.2664727314113406e-06   3.3606153010623530e-05   0.0000000000000000e+00 1 
  61.2   5.3816929721506312e-06   4.2205097088299226e-06   7.5122516136616468e-06   7.6378360972739756e-05   0.0000000000000000e+00 1 
  61.5   9.0951853053411469e-06   7.6445303420769051e-06   1.3870079783373512e-05   1.3900709745939821e-04   0.0000000000000000e+00 1 
  61.8   1.6288162441924214e-05   1.2476732081267983e-05   2.2749374693376012e-05   2.2407950018532574e-04   0.0000000000000000e+00 1 
  62.0   2.3152289941208437e-05   1.9121578588965349e-05   3.3478878322057426e-05   3.2279297010973096e-04   0.0000000000000000e+00 1 
  62.2   3.7071407859912142e-05   2.7404632419347763e-05   4.3944972276221961e-05   4.1256580152548850e-04   0.0000000000000000e+00 1 
  62.5   4.7533503675367683e-05   3.4397722629364580e-05   5.1180300943087786e-05   4.6487484360113740e-04   0.0000000000000000e+00 1 
  62.8   5.5398741096723825e-05   3.8173846405697986e-05   5.1613023970276117e-05   4.4960001832805574e-04   0.0000000000000000e+00 1 
  63.0   6.0494356148410589e-05   3.8563372072530910e-05   4.1958064684877172e-05   3.4756711102090776e-04   0.0000000000000000e+00 1 
  63.2   5.5785705626476556e-05   3.2519397791475058e-05   2.0808945919270627e-05   1.6181331011466682e-04   0.0000000000000000e+00 1 
  63.5   4.1819337639026344e-05   2.1623467546305619e-05   9.6573796781740384e-07   7.0098467404022813e-06   0.0000000000000000e+00 1 
  63.8   2.3306729417527094e-05   9.0890098363161087e-06   2.5210323656210676e-05   1.6555424372199923e-04   0.0000000000000000e+00 1 
  64.0   5.7027273214771412e-06   6.5927696368817124e-07   2.1271324658300728e-04   1.2480699224397540e-03   0.0000000000000000e+00 1 
  64.2   4.2242115227963950e-07   3.0255343972385162e-06   8.5179106099531054e-04   4.3674539774656296e-03   0.0000000000000000e+00 1 
  64.5   2.1347606889321469e-05   2.0547098756651394e-05   2.5936437305063009e-03   1.1310305446386337e-02   0.0000000000000000e+00 1 
  64.8   8.0333673395216465e-05   5.1240662287455052e-05   6.8478328175842762e-03   2.4618105962872505e-02   0.0000000000000000e+00 1 
  65.0   1.8206989625468850e-04   8.6440944869536906e-05   1.6364337876439095e-02   4.6726055443286896e-02   0.0000000000000000e+00 1 
  65.2   3.3234379952773452e-04   1.1112439824501052e-04   3.5881750285625458e-02   7.7805183827877045e-02   0.0000000000000000e+00 1 
  65.5   5.5621936917304993e-04   1.1718755558831617e-04   7.1101352572441101e-02   1.1092774569988251e-01   0.0000000000000000e+00 1 
  65.8   9.2394836246967316e-04   1.0383214248577133e-04   1.2016253918409348e-01   1.2632177770137787e-01   0.0000000000000000e+00 1 
  66.0   1.6285974998027086e-03   7.8412806033156812e-05   1.4753277599811554e-01   9.6268109977245331e-02   0.0000000000000000e+00 1 
  66.2   3.0985549092292786e-03   5.1185015763621777e-05   6.7996367812156677e-02   2.4786164984107018e-02   0.0000000000000000e+00 1 
  66.5   6.0194516554474831e-03   2.7844020223710686e-05   6.4097978174686432e-02   1.1305450461804867e-02   0.0000000000000000e+00 1 
  66.8   1.0863376781344414e-02   7.2459620241716038e-06   1.7570450305938721e+00   1.2073864042758942e-01   0.0000000000000000e+00 1 
  67.0   2.2419674322009087e-02   3.2002144507714547e-06   1.5431157350540161e+00   2.8271839022636414e-02   0.0000000000000000e+00 1 
  67.2   3.3153596520423889e-01   7.9933503002393991e-05   4.6276687622070312e+02   9.4907855987548828e-01   0.0000000000000000e+00 0 
  67.2   2.5134202092885971e-02   1.0751180212764666e-07   3.7147472381591797e+01   7.9174742102622986e-02   0.0000000000000000e+00 0 
  67.2   6.1815939843654633e-03   1.9415917484888467e-10   4.5231027603149414e+00   9.8027959465980530e-03   0.0000000000000000e+00 0 
  67.2   1.1248477967455983e-03   3.1828283667781777e-15   3.2145870500244200e-04   7.1733728645995143e-07   0.0000000000000000e+00 1 
  67.2   7.9215294681489468e-04   7.6381653416448050e-15   3.5033843596465886e-04   7.2091518177330727e-07   0.0000000000000000e+00 1 
  67.2   2.4469613563269377e-03   1.9624349020808118e-11   9.3788869678974152e-02   1.7618163838051260e-04   0.0000000000000000e+00 1 
  67.2   9.6222702413797379e-03   1.7723354034382410e-11   1.5329871177673340e+00   2.1103792823851109e-03   0.0000000000000000e+00 1 
  67.2   2.5837985798716545e-02   1.3822944525121450e-11   4.3476691246032715e+00   3.3955634571611881e-03   0.0000000000000000e+00 0 
  67.2   2.0290140062570572e-02   3.7401703262274211e-11   2.4801015853881836e+00   1.9402260659262538e-03   0.0000000000000000e+00 2 
  67.2   4.3047413229942322e-02   8.6527472686892537e-11   4.5317797660827637e+00   1.9207986770197749e-03   0.0000000000000000e+00 0 
  67.2   3.2923649996519089e-02   8.1639257853982627e-11   2.4571924209594727e+00   1.0429079411551356e-03   0.0000000000000000e+00 2 
  67.2   7.5927115976810455e-02   8.4079632145517280e-11   4.3049855232238770e+00   9.9337042775005102e-04   0.0000000000000000e+00 0 
  67.2   5.8513637632131577e-02   6.4845524783141428e-11   2.3818249702453613e+00   5.5010517826303840e-04   0.0000000000000000e+00 2 
  67.2   1.7162778973579407e-01   5.9513290129320495e-11   4.0144758224487305e+00   5.0510116852819920e-04   0.0000000000000000e+00 0 
  67.2   1.3565915822982788e-01   4.2041429365591299e-11   2.2711520195007324e+00   2.8593151364475489e-04   0.0000000000000000e+00 2 
  67.2   4.1535967588424683e-01   4.3696980062124524e-11   3.9343245029449463e+00   2.6973060448653996e-04   0.0000000000000000e+00 0 
  67.2   3.2263016700744629e-01   2.8080125030749414e-11   2.1314835548400879e+00   1.4620288857258856e-04   0.0000000000000000e+00 2 
  67.2   1.2586369514465332e+00   2.5128491301651401e-11   3.5290017127990723e+00   1.3287650654092431e-04   0.0000000000000000e+00 0 
  67.2   9.4346284866333008e-01   1.4245741739027373e-11   1.7370674610137939e+00   6.5432941482868046e-05   0.0000000000000000e+00 2 
  67.2   5.1421093940734863e+00   1.3032260166856435e-11   2.4897420406341553e+00   5.2992574637755752e-05   0.0000000000000000e+00 0 
  67.2   3.2531471252441406e+00   4.7853713179557555e-12   7.8905659914016724e-01   1.6801919628051110e-05   0.0000000000000000e+00 0 
  67.2   2.5761895179748535e+00   2.8011152425344576e-12   4.3878042697906494e-01   9.3443522928282619e-06   0.0000000000000000e+00 2 
  67.2   1.5862329483032227e+01   2.0974491674735640e-12   5.0345522165298462e-01   6.9636948865081649e-06   0.0000000000000000e+00 0 
  67.2   7.4347438812255859e+00   3.3043592818568501e-13   7.4966169893741608e-02   1.0373848908784566e-06   0.0000000000000000e+00 0 
  67.2   4.5715332031250000e+00   9.6675807279272136e-14   2.2576734423637390e-02   3.1247640208675875e-07   0.0000000000000000e+00 0 
  67.2   2.2018661547917873e-04   7.3536847594452864e-19   1.9066973777626117e-08   2.6410132219177596e-13   0.0000000000000000e+00 1 
  67.2   1.2093869969248772e-02   5.2651580409036497e-18   4.0756759744908777e-08   5.5102943692306172e-13   0.0000000000000000e+00 1 
  67.2   1.8302869796752930e-01   1.6318255164976607e-17   5.0044841373164672e-06   6.5977806551487106e-11   0.0000000000000000e+00 1 
  67.2   7.4655574560165405e-01   8.8239682095635114e-18   5.6394739658571780e-05   7.0189931644648595e-10   0.0000000000000000e+00 1 
  67.2   2.1321475505828857e+00   2.4855355980053871e-16   2.1769455634057522e-04   2.4839565959666743e-09   0.0000000000000000e+00 2 
  67.2   4.8108615875244141e+00   5.5915113155204224e-17   2.2617739159613848e-04   2.3229633772103853e-09   0.0000000000000000e+00 0 
  67.2   3.3708906173706055e+00   1.4733296461215282e-18   1.0180829121964052e-04   1.0455077914528488e-09   0.0000000000000000e+00 2 
  67.2   6.6857943534851074e+00   2.3900823384854730e-18   9.7122669103555381e-05   9.0908169880776768e-10   0.0000000000000000e+00 0 
  67.2   3.9683325290679932e+00   1.9346523682863838e-17   3.3444503060309216e-05   3.1327115901369496e-10   0.0000000000000000e+00 2 
  67.2   6.7229905128479004e+00   1.1062417381624898e-17   1.0106526133313309e-05   8.8153075117336499e-11   0.0000000000000000e+00 0 
  67.2   3.8675351142883301e+00   1.5670069819535154e-17   3.0298981528176228e-06   2.6414136503061236e-11   0.0000000000000000e+00 2 
  67.2   5.6907391548156738e+00   1.2496142240402847e-17   2.2396989152184688e-06   1.8526931724882623e-11   0.0000000000000000e+00 0 
  67.2   3.4519574642181396e+00   1.0928491877368888e-17   8.2830268866018741e-07   6.8633787889127440e-12   0.0000000000000000e+00 2 
  67.2   4.7333664894104004e+00   1.2456552549105446e-17   3.5060142522524984e-07   2.7842418041240657e-12   0.0000000000000000e+00 0 
  67.2   3.0933275222778320e+00   9.3882038218175701e-18   1.4394329639344505e-07   1.1468936694444820e-12   0.0000000000000000e+00 2 
  67.2   3.9934804439544678e+00   1.0684682873360720e-17   1.1227388085899292e-07   8.6575728140345087e-13   0.0000000000000000e+00 2 
  67.2   4.2254505157470703e+00   6.2122612307130840e-18   5.4032039287221778e-08   4.0343124891109583e-13   0.0000000000000000e+00 0 
  67.2   2.8622324466705322e+00   4.4933952206692247e-18   2.4984812441175563e-08   1.8668763366799790e-13   0.0000000000000000e+00 2 
  67.2   3.2467393875122070e+00   4.0240115820760092e-18   4.5379817237289899e-08   3.2971550294712271e-13   0.0000000000000000e+00 2 
  67.2   3.1538543701171875e+00   3.2164785770226473e-18   3.0968823949706348e-08   2.1862911058368600e-13   0.0000000000000000e+00 2 
  67.2   9.6552234888076782e-01   9.3644806954398556e-19   3.1649365350716607e-09   2.1843304278518737e-14   0.0000000000000000e+00 1 
  67.5   2.0549464970827103e-02   1.8554233158384005e-22   2.0589487892408442e-09   1.3550653519189479e-14   0.0000000000000000e+00 1 
  67.5   3.3026964956661686e-05   1.8630210501401599e-18   1.9862577005369531e-07   1.3321946627439796e-12   0.0000000000000000e+00 1 
  67.5   7.8906396083766595e-08   5.4997344433585157e-14   6.0549443587660789e-03   3.8728252604869340e-08   0.0000000000000000e+00 1 
  67.5   5.9864758983341204e-11   6.6779702427577359e-12   9.6174788475036621e-01   4.6964673856564332e-06   0.0000000000000000e+00 1 
  67.5   3.5941915269748284e-14   6.1014769625611365e-12   1.7939350605010986e+00   4.2865931391133927e-06   0.0000000000000000e+00 1 
  67.5   2.0480045672192205e-17   3.0778580639018172e-12   2.0437891483306885e+00   2.1608223050861852e-06   0.0000000000000000e+00 1 
  67.5   1.1531482581531675e-20   1.3712216041447678e-12   2.1045594215393066e+00   9.6225630841217935e-07   0.0000000000000000e+00 1 
  67.5   6.4741459504081089e-24   5.9397555233695054e-13   2.1178605556488037e+00   4.1668161543384485e-07   0.0000000000000000e+00 1 
  67.5   3.6305535899808677e-27   2.5569189777627233e-13   2.1193101406097412e+00   1.7933510321199719e-07   0.0000000000000000e+00 1 
  67.5   2.0342465766403660e-30   1.0995147663433319e-13   2.1172635555267334e+00   7.7106875551180565e-08   0.0000000000000000e+00 1 
  67.5   1.1383940042359091e-33   4.7296632485049200e-14   2.1131627559661865e+00   3.3165051149808278e-08   0.0000000000000000e+00 1 
  67.5   6.3589489381432730e-37   2.0364059491960983e-14   2.1066417694091797e+00   1.4278865201333701e-08   0.0000000000000000e+00 1 
  67.5   3.5424544918438511e-40   8.7808822441925310e-15   2.0966310501098633e+00   6.1567488884861632e-09   0.0000000000000000e+00 1 
  67.5   1.9618178500547439e-43   3.7953754891781755e-15   2.0817565917968750e+00   2.6610782466462979e-09   0.0000000000000000e+00 1 
  67.5   0.0000000000000000e+00   1.9583485120325169e-16   2.4497279524803162e-01   1.3730552805846230e-10   0.0000000000000000e+00 1 
  67.8   0.0000000000000000e+00   9.5066742835086399e-16   2.0099699497222900e+00   6.6653271790784174e-10   0.0000000000000000e+00 1 
  67.8   0.0000000000000000e+00   4.2228771998825980e-16   1.9902868270874023e+00   2.9607244433904611e-10   0.0000000000000000e+00 1 
  67.8   0.0000000000000000e+00   1.8745303667369676e-16   1.9337424039840698e+00   1.3142555099765474e-10   0.0000000000000000e+00 1 
  67.8   0.0000000000000000e+00   8.4233105412920192e-17   1.8479148149490356e+00   5.9056613765928745e-11   0.0000000000000000e+00 1 
  67.8   0.0000000000000000e+00   3.8616235374046003e-17   1.7294780015945435e+00   2.7074141539795704e-11   0.0000000000000000e+00 1 
  67.8   0.0000000000000000e+00   1.8204025129528047e-17   1.5749708414077759e+00   1.2762449951020383e-11   0.0000000000000000e+00 1 
  67.8   0.0000000000000000e+00   8.8930460625178148e-18   1.3848043680191040e+00   6.2349687045271107e-12   0.0000000000000000e+00 1 
  67.8   0.0000000000000000e+00   4.5289466162161413e-18   1.1655319929122925e+00   3.1752701596526878e-12   0.0000000000000000e+00 1 
  67.8   0.0000000000000000e+00   2.4020756301868793e-18   9.2879903316497803e-01   1.6841080396554076e-12   0.0000000000000000e+00 1 
  67.8   0.0000000000000000e+00   1.3065713787993332e-18   6.8826371431350708e-01   9.1604393341604418e-13   0.0000000000000000e+00 1 
  67.8   0.0000000000000000e+00   5.2044175254697145e-24   3.4056861295539420e-06   3.6488434016622772e-18   0.0000000000000000e+00 1 
  68.0   0.0000000000000000e+00   6.0011669097386593e-19   3.9959406852722168e-01   4.2074321999520381e-13   0.0000000000000000e+00 1 
  68.0   0.0000000000000000e+00   3.0670443151606683e-19   2.3215961456298828e-01   2.1503202593097653e-13   0.0000000000000000e+00 1 
  68.0   0.0000000000000000e+00   9.9665408731123090e-20   8.0977089703083038e-02   6.9875921997371304e-14   0.0000000000000000e+00 1 
  68.0   0.0000000000000000e+00   3.9841158242584413e-21   3.3342414535582066e-03   2.7932836318083189e-15   0.0000000000000000e+00 1 
  68.2   0.0000000000000000e+00   3.8685090032829965e-22   3.2565425499342382e-04   2.7122312608437917e-16   0.0000000000000000e+00 1 
  68.2   0.0000000000000000e+00   8.9625014262246187e-26   7.5548427957983222e-08   6.2836549050392002e-20   0.0000000000000000e+00 1 
  68.5   0.0000000000000000e+00   5.4905455671586150e-28   4.6282411236830967e-10   3.8494284143607452e-22   0.0000000000000000e+00 1 
  68.8   0.0000000000000000e+00   5.3845822708342491e-30   4.5389265262985035e-12   3.7751348827022235e-24   0.0000000000000000e+00 1 
  69.0   0.0000000000000000e+00   5.2806521133006474e-32   4.4513360147402717e-14   3.7022918611445679e-26   0.0000000000000000e+00 1 
  69.2   0.0000000000000000e+00   5.1787597486925930e-34   4.3654272862517804e-16   3.6308534091249602e-28   0.0000000000000000e+00 1 
  69.5   0.0000000000000000e+00   5.0788290252947562e-36   4.2811750034835388e-18   3.5607834133865685e-30   0.0000000000000000e+00 1 
  69.8   0.0000000000000000e+00   4.9807718984798154e-38   4.1985510081735198e-20   3.4920243171932703e-32   0.0000000000000000e+00 1 
  70.0   0.0000000000000000e+00   4.8846882258973771e-40   4.1175184384879092e-22   3.4246673337639016e-34   0.0000000000000000e+00 1 
  70.2   0.0000000000000000e+00   4.7910394495265496e-42   4.0380630112732919e-24   3.3585550318262451e-36   0.0000000000000000e+00 1 
  70.5   0.0000000000000000e+00   4.7644147787043780e-44   3.9601264257841890e-26   3.2937654928607400e-38   0.0000000000000000e+00 1 
  70.8   0.0000000000000000e+00   0.0000000000000000e+00   3.8836962329789219e-28   3.2301751290690656e-40   0.0000000000000000e+00 1 
  71.0   0.0000000000000000e+00   0.0000000000000000e+00   3.8087529122575013e-30   3.1683358278384114e-42   0.0000000000000000e+00 1 
  71.2   0.0000000000000000e+00   0.0000000000000000e+00   3.7352385064822172e-32   3.0828566215145976e-44   0.0000000000000000e+00 1 
  71.5   0.0000000000000000e+00   0.0000000000000000e+00   3.6631615918100604e-34   0.0000000000000000e+00   0.0000000000000000e+00 1 
  71.8   0.0000000000000000e+00   0.0000000000000000e+00   3.5924532246249183e-36   0.0000000000000000e+00   0.0000000000000000e+00 1 
  72.0   0.0000000000000000e+00   0.0000000000000000e+00   3.5231339491371262e-38   0.0000000000000000e+00   0.0000000000000000e+00 1 
  72.2   0.0000000000000000e+00   0.0000000000000000e+00   3.4551255715471285e-40   0.0000000000000000e+00   0.0000000000000000e+00 1 
  72.5   0.0000000000000000e+00   0.0000000000000000e+00   3.3883396867374077e-42   0.0000000000000000e+00   0.0000000000000000e+00 1 
  72.8   0.0000000000000000e+00   0.0000000000000000e+00   3.3631163143795610e-44   0.0000000000000000e+00   0.0000000000000000e+00 1 
  73.0   0.0000000000000000e+00   0.0000000000000000e+00   0.0000000000000000e+00   0.0000000000000000e+00   0.0000000000000000e+00 1 
  73.2   0.0000000000000000e+00   0.0000000000000000e+00   0.0000000000000000e+00   0.0000000000000000e+00   0.0000000000000000e+00 1 
  73.5   0.0000000000000000e+00   0.0000000000000000e+00   0.0000000000000000e+00   0.0000000000000000e+00   0.0000000000000000e+00 1 
  73.8   0.0000000000000000e+00   0.0000000000000000e+00   0.0000000000000000e+00   0.0000000000000000e+00   0.0000000000000000e+00 1 
  74.0   0.0000000000000000e+00   0.0000000000000000e+00   0.0000000000000000e+00   0.0000000000000000e+00   0.0000000000000000e+00 1 
  74.2   0.0000000000000000e+00   0.0000000000000000e+00   0.0000000000000000e+00   0.0000000000000000e+00   0.0000000000000000e+00 1 
  74.5   0.0000000000000000e+00   0.0000000000000000e+00   0.0000000000000000e+00   0.0000000000000000e+00   0.0000000000000000e+00 1 
  74.8   0.0000000000000000e+00   0.0000000000000000e+00   0.0000000000000000e+00   0.0000000000000000e+00   0.0000000000000000e+00 1 
  75.0   0.0000000000000000e+00   0.0000000000000000e+00   0.0000000000000000e+00   0.0000000000000000e+00   0.0000000000000000e+00 1 
  75.2   0.0000000000000000e+00   0.0000000000000000e+00   0.0000000000000000e+00   0.0000000000000000e+00   0.0000000000000000e+00 1 
  75.5   0.0000000000000000e+00   0.0000000000000000e+00   0.0000000000000000e+00   0.0000000000000000e+00   0.0000000000000000e+00 1 
  75.8   0.0000000000000000e+00   0.0000000000000000e+00   0.0000000000000000e+00   0.0000000000000000e+00   0.0000000000000000e+00 1 
  76.0   0.0000000000000000e+00   0.0000000000000000e+00   0.0000000000000000e+00   0.0000000000000000e+00   0.0000000000000000e+00 1 
  76.2   0.0000000000000000e+00   0.0000000000000000e+00   0.0000000000000000e+00   0.0000000000000000e+00   0.0000000000000000e+00 1 
  76.5   9.0127253532409668e-01   2.8699543327093124e-04   1.8206595703125000e+04   7.8465118408203125e+00   0.0000000000000000e+00 0 
  76.5   5.8844499588012695e+00   3.7059053603627490e-09   7.5390937500000000e+04   1.6231153160333633e-02   0.0000000000000000e+00 0 
  76.5   1.1359747314453125e+02   3.2784858812126561e-13   1.3165837500000000e+05   3.9997930798563175e-06   0.0000000000000000e+00 0 
  76.5   3.0660291671752930e+01   2.6498098957148251e-17   6.6859850883483887e+00   5.6153358872490511e-12   0.0000000000000000e+00 0 
  76.5   2.5020460598170757e-03   2.7760076344115906e-21   5.0548042054288089e-06   4.2042633365380520e-18   0.0000000000000000e+00 1 
  76.5   3.1951190903782845e-03   3.5698647428441653e-21   4.8177016651607119e-06   4.0073004657509066e-18   0.0000000000000000e+00 1 
  76.5   4.9263086915016174e-01   5.3767908208562030e-19   3.9941645227372646e-03   3.3257965168463893e-15   0.0000000000000000e+00 1 
  76.5   1.2633746862411499e+00   1.4410982433606697e-18   1.7744768410921097e-02   1.4853085260205581e-14   0.0000000000000000e+00 1 
  76.5   1.5381400585174561e+00   1.9589239567692517e-18   2.9625486582517624e-02   2.5154283224502333e-14   0.0000000000000000e+00 1 
  76.5   1.5512062311172485e+00   2.3322196070713167e-18   3.9665576070547104e-02   3.4670261317903614e-14   0.0000000000000000e+00 1 
  76.5   1.4750769138336182e+00   2.7433504985915573e-18   5.1131162792444229e-02   4.6999323920562941e-14   0.0000000000000000e+00 1 
  76.5   1.3800096511840820e+00   3.3056819410755189e-18   6.6922590136528015e-02   6.6600797956044983e-14   0.0000000000000000e+00 1 
  76.5   1.2817382812500000e+00   4.0766306087920386e-18   8.8792644441127777e-02   9.9371811506428903e-14   0.0000000000000000e+00 1 
  76.5   1.1848827600479126e+00   5.1248127879136152e-18   1.1892053484916687e-01   1.5689675307659773e-13   0.0000000000000000e+00 1 
  76.5   1.0993871688842773e+00   6.6066220692895776e-18   1.5886786580085754e-01   2.6128123102597822e-13   0.0000000000000000e+00 1 
  76.5   1.0030884742736816e+00   8.4807627016091347e-18   2.0537732541561127e-01   4.4812458323099935e-13   0.0000000000000000e+00 1 
  76.5   9.2514878511428833e-01   1.1168441256638882e-17   2.6079624891281128e-01   8.0608133015691585e-13   0.0000000000000000e+00 1 
  76.5   8.3894228935241699e-01   1.4451789941560929e-17   3.1344896554946899e-01   1.4623719986686656e-12   0.0000000000000000e+00 1 
  76.5   7.5664341449737549e-01   1.8648578460493646e-17   3.6917886137962341e-01   2.7570259443499001e-12   0.0000000000000000e+00 1 
  76.5   6.8219655752182007e-01   2.3888837124188530e-17   4.1957071423530579e-01   5.2780726837731162e-12   0.0000000000000000e+00 1 
  76.5   6.0814392566680908e-01   2.9226934710736187e-17   4.6824333071708679e-01   1.0352571230831664e-11   0.0000000000000000e+00 1 
  76.5   5.3812080621719360e-01   3.5444884462521798e-17   5.1193833351135254e-01   2.0589878760302049e-11   0.0000000000000000e+00 1 
  76.5   4.7888317704200745e-01   3.9593890066189777e-17   5.7875216007232666e-01   4.3535841598441039e-11   0.0000000000000000e+00 1 
  76.5   4.2207038402557373e-01   4.2836381819115992e-17   6.1606645584106445e-01   8.8358723115966598e-11   0.0000000000000000e+00 1 
  76.5   3.6715388298034668e-01   3.9915828760595415e-17   6.5763252973556519e-01   1.8252531430729135e-10   0.0000000000000000e+00 1 
  76.5   3.0964025855064392e-01   2.4628263799917032e-17   7.0538264513015747e-01   3.8322278683722288e-10   0.0000000000000000e+00 1 
  76.5   2.6757708191871643e-01   6.5591679583183292e-18   7.6614081859588623e-01   8.2158063685611182e-10   0.0000000000000000e+00 1 
  76.5   2.2334647178649902e-01   1.4954576580855108e-18   7.8305751085281372e-01   1.6634749133714877e-09   0.0000000000000000e+00 1 
  76.5   1.9378659129142761e-01   6.9450375397527822e-17   8.6116677522659302e-01   3.6378209333776113e-09   0.0000000000000000e+00 1 
  76.5   1.5831658244132996e-01   4.2214454495039422e-16   9.0246027708053589e-01   7.5577730740405968e-09   0.0000000000000000e+00 1 
  76.5   1.2154542654752731e-01   1.4489846403962126e-15   8.5970520973205566e-01   1.4208724863351563e-08   0.0000000000000000e+00 1 
  76.5   1.0641296207904816e-01   4.3025686535986835e-15   9.9435943365097046e-01   3.2527140092497575e-08   0.0000000000000000e+00 1 
  76.5   8.3203293383121490e-02   1.0473637778731729e-14   9.7515583038330078e-01   6.2454255100874434e-08   0.0000000000000000e+00 1 
  76.5   7.1870714426040649e-02   1.9502247513842989e-14   1.0060606002807617e+00   1.2533696747141221e-07   0.0000000000000000e+00 1 
  76.5   5.4589174687862396e-02   5.4229664920961429e-14   1.0294247865676880e+00   2.4729868641770736e-07   0.0000000000000000e+00 1 
  76.5   4.2232617735862732e-02   1.1708979597534197e-13   1.0341714620590210e+00   4.7456083507313451e-07   0.0000000000000000e+00 1 
  76.5   3.4296959638595581e-02   2.2386274420565372e-13   1.0366398096084595e+00   9.0078134462601156e-07   0.0000000000000000e+00 1 
  76.5   2.9136393219232559e-02   4.7807932742824355e-13   1.1359493732452393e+00   1.8535416757003986e-06   0.0000000000000000e+00 1 
  76.5   2.0485792309045792e-02   8.7127662940292283e-13   1.0332940816879272e+00   3.1138604299485451e-06   0.0000000000000000e+00 1 
  76.5   1.7984611913561821e-02   1.4393656622493922e-12   1.0673215389251709e+00   5.9035951380792540e-06   0.0000000000000000e+00 1 
  76.5   1.2760641053318977e-02   3.4698340121291915e-12   1.1540030241012573e+00   1.1604341125348583e-05   0.0000000000000000e+00 1 
  76.5   1.1865280568599701e-02   4.3190971632522945e-12   1.1718913316726685e+00   2.1079209545860067e-05   0.0000000000000000e+00 1 
  76.5   9.2315236106514931e-03   6.8742325200210619e-12   1.0371912717819214e+00   3.2833562727319077e-05   0.0000000000000000e+00 1 
  76.5   6.7156376317143440e-03   1.3024692435692486e-11   1.0689103603363037e+00   5.9270871133776382e-05   0.0000000000000000e+00 1 
  76.5   6.9575095549225807e-03   1.2836644074087911e-11   1.2631250619888306e+00   1.2171555135864764e-04   0.0000000000000000e+00 1 
  76.5   3.8330161478370428e-03   1.6630370691661511e-11   7.8018063306808472e-01   1.2790858454536647e-04   0.0000000000000000e+00 1 
  76.5   4.8711574636399746e-03   3.7635113775413842e-11   1.4820548295974731e+00   4.2135111289098859e-04   0.0000000000000000e+00 1 
  76.5   2.2376833949238062e-03   6.1207969248577854e-11   9.0365099906921387e-01   4.2990790097974241e-04   0.0000000000000000e+00 1 
  76.5   1.2530020903795958e-03   4.6582952805120591e-16   2.9840384377166629e-04   1.5290930832634331e-07   0.0000000000000000e+00 1 
  76.8   2.5500503397779539e-05   9.5246949216587495e-11   8.2473099231719971e-02   7.0158232119865716e-05   0.0000000000000000e+00 1 
  76.8   6.6564342705532908e-04   1.4714832130557909e-10   1.5249540805816650e+00   2.7334124315530062e-03   0.0000000000000000e+00 1 
  76.8   4.2091170325875282e-04   7.7585445013017562e-11   7.6879876852035522e-01   2.6713660918176174e-03   0.0000000000000000e+00 1 
  76.8   3.8554065395146608e-04   4.4672626708930352e-11   6.6041642427444458e-01   4.4123716652393341e-03   0.0000000000000000e+00 1 
  76.8   1.1067400191677734e-04   7.2500193348812303e-11   5.8467138558626175e-02   6.2995869666337967e-04   0.0000000000000000e+00 1 
  77.0   1.9440868345554918e-04   7.4453265774820920e-10   1.5083299577236176e-01   2.8911633417010307e-03   0.0000000000000000e+00 1 
  77.0   1.5680670912843198e-04   3.5171911605402784e-08   1.6205555200576782e-01   6.3880891539156437e-03   0.0000000000000000e+00 1 
  77.0   1.5559022358502261e-05   9.9781530260578677e-11   9.9911000579595566e-03   5.6243321159854531e-04   0.0000000000000000e+00 1 
  77.2   2.1671821741620079e-05   1.0142777284727345e-07   5.1512545347213745e-01   5.8715350925922394e-02   0.0000000000000000e+00 1 
  77.2   7.5423704402055591e-06   2.9195130757386778e-09   4.0292326360940933e-02   6.7594703286886215e-03   0.0000000000000000e+00 1 
  77.5   3.2761713373474777e-04   1.7847300114226528e-05   5.0838499069213867e+00   1.5075050592422485e+00   0.0000000000000000e+00 0 
  77.5   4.5123859308660030e-05   5.1111696848238353e-06   2.1305885314941406e+00   5.8767068386077881e-01   0.0000000000000000e+00 2 
  77.5   1.8882465155911632e-06   4.5179180396814900e-09   1.8223237246274948e-02   6.9385264068841934e-03   0.0000000000000000e+00 1 
  77.8   5.6615890571265481e-06   9.8318350865156390e-06   1.3823506832122803e+00   7.3893433809280396e-01   0.0000000000000000e+00 1 
  77.8   8.4277098721941002e-07   1.9992933530943446e-08   1.4978259801864624e-02   1.0595952160656452e-02   0.0000000000000000e+00 1 
  78.0   2.1147104067864575e-09   1.5389754480565898e-05   7.6982754468917847e-01   7.0603662729263306e-01   0.0000000000000000e+00 1 
  78.0   3.6033063111062802e-07   2.7035278904463667e-08   7.0059276185929775e-03   8.1667266786098480e-03   0.0000000000000000e+00 1 
  78.2   1.7661000129010063e-06   2.8022572223562747e-05   5.0385665893554688e-01   7.2232758998870850e-01   0.0000000000000000e+00 1 
  78.2   9.9753094673360465e-09   8.0289437320857360e-09   1.3896098826080561e-03   2.4508573114871979e-03   0.0000000000000000e+00 1 
  78.5   6.4598239077895414e-06   5.0620550609892234e-05   3.6761319637298584e-01   7.6172149181365967e-01   0.0000000000000000e+00 1 
  78.5   2.5978144080340826e-08   2.9043156768437939e-10   8.2703154475893825e-05   2.0570479682646692e-04   0.0000000000000000e+00 1 
  78.8   1.4403992281586397e-05   8.1258214777335525e-05   2.8382727503776550e-01   7.9692846536636353e-01   0.0000000000000000e+00 1 
  78.8   8.0498061549860722e-09   1.1496623965323582e-12   1.0572622244353624e-07   3.4978000940100173e-07   0.0000000000000000e+00 1 
  79.0   1.9290331692900509e-05   8.3089267718605697e-05   1.8231233954429626e-01   6.5615051984786987e-01   0.0000000000000000e+00 1 
  79.2   1.0515270332689397e-05   4.0615377656649798e-05   8.1676945090293884e-02   3.5959699749946594e-01   0.0000000000000000e+00 1 
  79.5   1.6585728417339851e-06   1.1417625501053408e-05   3.9605282247066498e-02   2.0591579377651215e-01   0.0000000000000000e+00 1 
  79.8   4.8847033440324594e-07   2.5355316779496206e-07   1.9343517720699310e-02   1.1530201882123947e-01   0.0000000000000000e+00 1 
  80.0   6.6904185587191023e-06   3.6642234135797480e-06   9.6166348084807396e-03   6.4061038196086884e-02   0.0000000000000000e+00 1 
  80.2   1.7795899111661129e-05   1.4414406905416399e-05   4.8434697091579437e-03   3.5279221832752228e-02   0.0000000000000000e+00 1 
  80.5   2.7309042707202025e-05   2.5507819373160601e-05   2.4748528376221657e-03   1.9347539171576500e-02   0.0000000000000000e+00 1 
  80.8   3.7341786082834005e-05   3.2427717087557539e-05   1.2767337029799819e-03   1.0542835108935833e-02   0.0000000000000000e+00 1 
  81.0   3.9178252336569130e-05   3.3842814445961267e-05   6.6517299273982644e-04   5.7240668684244156e-03   0.0000000000000000e+00 1 
  81.2   3.5227250918978825e-05   3.1383151508634910e-05   3.4853199031203985e-04   3.0914028175175190e-03   0.0000000000000000e+00 1 
  81.5   2.6600842829793692e-05   2.4316736016771756e-05   1.8238977645523846e-04   1.6517507610842586e-03   0.0000000000000000e+00 1 
  81.8   1.9230981706641614e-05   1.8210843336419202e-05   9.5060458988882601e-05   8.7230058852583170e-04   0.0000000000000000e+00 1 
  82.0   1.3567693713412154e-05   1.1744339644792490e-05   4.8317226173821837e-05   4.4664836605079472e-04   0.0000000000000000e+00 1 
  82.2   8.7635971794952638e-06   7.1885156103235204e-06   2.3850139768910594e-05   2.2103634546510875e-04   0.0000000000000000e+00 1 
  82.5   5.1350389185245149e-06   4.1349130697199143e-06   1.0856687367777340e-05   1.0037740867119282e-04   0.0000000000000000e+00 1 
  82.8   1.8189750790043036e-06   1.7332239394818316e-06   4.5718429646512959e-06   4.2093524825759232e-05   0.0000000000000000e+00 1 
  83.0   7.1774178422856494e-07   7.0685069886167184e-07   1.6122004353746888e-06   1.4759608347958419e-05   0.0000000000000000e+00 1 
  83.2   2.5412697368665249e-07   2.0068829087449558e-07   4.0999856310008909e-07   3.7294012145139277e-06   0.0000000000000000e+00 1 
  83.5   1.8592238859582721e-08   2.4302726941982655e-08   4.0514681387548990e-08   3.6700697592095821e-07   0.0000000000000000e+00 1 
  83.8   8.7707343610077260e-09   5.9373435057352708e-09   4.8184806145101788e-10   4.2888932405560354e-09   0.0000000000000000e+00 1 
  84.0   9.8174535168027433e-10   1.0367969816016398e-09   8.3381962445727709e-10   7.4898061086514645e-09   0.0000000000000000e+00 1 
