12.000 1.226661e-02 1.000000e+00 1 
12.000 1.766231e-05 1.000000e+00 1 
12.000 2.470874e-05 1.000000e+00 1 
12.000 4.165779e-04 1.000000e+00 1 
12.000 1.727469e-03 1.000000e+00 1 
12.000 7.552983e-04 1.000000e+00 1 
12.000 4.075043e-04 1.000000e+00 1 
12.000 2.919455e-03 9.999987e-01 1 
12.000 5.901627e-02 9.997504e-01 1 
13.000 1.331667e-01 9.950001e-01 1 
13.000 1.128072e-01 9.883787e-01 1 
14.000 4.326466e-01 9.617372e-01 1 
15.000 5.493666e-01 8.671378e-01 1 
16.000 1.186780e+00 6.763511e-01 0 
16.000 8.622790e-01 6.978926e-01 2 
16.000 8.622790e-01 6.978926e-01 1 
16.000 5.907568e-01 5.997887e-01 1 
17.000 1.793802e+00 4.323447e-01 0 
17.000 1.089928e+00 4.679922e-01 0 
17.000 8.432847e-01 4.826833e-01 2 
17.000 8.432847e-01 4.826833e-01 1 
17.000 8.325887e-01 3.344083e-01 2 
17.000 8.325887e-01 3.344083e-01 1 
18.000 1.643064e+00 1.880285e-01 0 
18.000 1.218204e+00 2.075520e-01 0 
18.000 1.147873e+00 2.186100e-01 0 
18.000 1.345886e+00 2.801134e-01 0 
18.000 1.174387e+00 2.864094e-01 0 
18.000 1.000053e+00 2.870404e-01 0 
18.000 6.774798e-01 2.871034e-01 2 
18.000 6.774798e-01 2.871034e-01 1 
18.000 5.784012e-02 2.870924e-01 1 
18.000 6.304999e-03 2.870761e-01 1 
18.000 3.724218e-03 2.870289e-01 1 
18.000 1.621335e-02 2.868588e-01 1 
18.000 3.197500e-03 2.864068e-01 1 
18.000 1.754170e-02 2.847931e-01 1 
18.000 1.073188e-02 2.805514e-01 1 
18.000 1.578808e-02 2.689822e-01 1 
18.000 1.252592e-01 2.395469e-01 1 
18.000 2.904954e-01 1.916201e-01 1 
18.000 5.440338e-01 1.340829e-01 1 
18.000 8.844635e-01 7.943401e-02 2 
18.000 8.844635e-01 7.943401e-02 1 
18.000 7.393605e-01 4.772637e-02 2 
18.000 7.393605e-01 4.772637e-02 1 
19.000 1.849617e+00 2.058403e-02 0 
19.000 1.085002e+00 2.457895e-02 0 
19.000 8.275623e-01 2.626629e-02 2 
19.000 8.275623e-01 2.626629e-02 1 
19.000 9.877043e-01 1.066317e-02 2 
19.000 9.877043e-01 1.066317e-02 1 
19.000 1.153539e+00 2.295659e-03 0 
19.000 1.382913e+00 2.762706e-03 0 
19.000 1.771841e+00 3.337274e-03 0 
19.000 2.031476e+00 6.482550e-03 0 
19.000 5.961580e-01 6.852079e-03 1 
19.000 4.318310e-02 6.788717e-03 1 
19.000 1.038904e-02 6.685526e-03 1 
19.000 4.979919e-03 6.416648e-03 1 
19.000 8.185574e-03 5.567671e-03 1 
19.000 2.691231e-01 3.344331e-03 1 
19.000 3.288095e-01 1.041539e-03 1 
19.000 4.298375e+00 1.257443e-06 0 
19.000 8.564767e+00 8.553141e-05 0 
19.000 1.317525e+01 2.450403e-04 0 
19.000 3.655049e+00 4.857602e-04 0 
19.000 2.306712e-01 5.142348e-04 1 
19.000 5.605716e-02 5.093278e-04 1 
19.000 5.266635e-02 5.017979e-04 1 
19.000 1.838739e-02 4.877218e-04 1 
19.000 3.165803e-02 4.559510e-04 1 
19.000 6.891919e-02 3.901042e-04 1 
19.000 1.202922e-01 2.827705e-04 1 
19.000 2.148689e-01 1.480966e-04 1 
19.000 6.705579e-01 3.328478e-05 2 
19.000 6.705579e-01 3.328478e-05 1 
19.000 1.363330e+01 0.000000e+00 0 
19.000 2.591225e+01 1.489427e-06 0 
19.000 1.924530e+01 6.276308e-06 0 
19.000 1.254961e+00 1.070369e-05 0 
19.000 2.561072e-03 1.121511e-05 1 
19.000 3.903716e-03 1.112984e-05 1 
19.000 1.540475e-01 1.089643e-05 1 
19.000 1.399940e-01 1.049489e-05 1 
19.000 1.645430e-01 9.939386e-06 1 
19.000 1.958202e-01 9.160043e-06 1 
19.000 2.409277e-01 8.145666e-06 1 
19.000 3.508931e-01 6.919765e-06 1 
19.000 5.058846e-01 5.569882e-06 1 
19.000 6.643921e-01 4.255931e-06 2 
19.000 6.643921e-01 4.255931e-06 1 
19.000 7.966255e-01 3.099143e-06 2 
19.000 7.966255e-01 3.099143e-06 1 
19.000 9.075154e-01 2.150530e-06 2 
19.000 9.075154e-01 2.150530e-06 1 
19.000 9.634697e-01 1.424109e-06 2 
19.000 9.634697e-01 1.424109e-06 1 
19.000 9.780224e-01 8.899629e-07 2 
19.000 9.780224e-01 8.899629e-07 1 
19.000 9.459072e-01 5.134056e-07 2 
19.000 9.459072e-01 5.134056e-07 1 
19.000 8.767149e-01 2.605188e-07 2 
19.000 8.767149e-01 2.605188e-07 1 
19.000 7.274787e-01 1.031091e-07 2 
19.000 7.274787e-01 1.031091e-07 1 
19.000 4.874486e-01 1.930830e-08 1 
19.000 3.878240e-02 0.000000e+00 1 
19.000 1.937542e-02 0.000000e+00 1 
19.000 2.855238e-03 0.000000e+00 1 
19.000 1.149763e-03 0.000000e+00 1 
19.000 9.061657e-02 0.000000e+00 1 
19.000 2.893793e-01 0.000000e+00 1 
19.000 3.990853e-01 0.000000e+00 1 
19.000 4.732637e-01 0.000000e+00 1 
19.000 5.483051e-01 0.000000e+00 1 
19.000 2.892320e-01 0.000000e+00 1 
20.000 5.621052e-01 0.000000e+00 1 
20.000 4.524831e-01 0.000000e+00 1 
20.000 1.928561e-01 0.000000e+00 1 
20.000 4.756131e-02 0.000000e+00 1 
20.000 4.927681e-02 0.000000e+00 1 
20.000 2.228530e-02 0.000000e+00 1 
21.000 2.224693e-01 0.000000e+00 1 
21.000 7.241812e-02 0.000000e+00 1 
22.000 2.743155e-01 0.000000e+00 1 
22.000 1.044228e-01 0.000000e+00 1 
23.000 2.474627e-01 0.000000e+00 1 
24.000 9.582958e-02 0.000000e+00 1 
25.000 4.205102e-02 0.000000e+00 1 
26.000 2.642391e-02 0.000000e+00 1 
27.000 2.190268e-02 0.000000e+00 1 
28.000 2.353661e+02 4.134440e-03 0 
28.000 2.031423e-02 0.000000e+00 1 
28.000 2.822559e-04 0.000000e+00 1 
28.000 3.522021e+01 1.645705e-02 0 
28.000 7.739044e+00 1.415226e-03 0 
28.000 8.588349e+00 1.588032e-04 0 
28.000 4.858582e-04 0.000000e+00 1 
28.000 4.754613e-05 0.000000e+00 1 
28.000 1.832167e+00 9.623158e-05 0 
28.000 8.078424e+00 3.367518e-05 0 
28.000 5.407973e+01 0.000000e+00 0 
28.000 1.191923e-06 0.000000e+00 1 
28.000 2.638119e-07 0.000000e+00 1 
28.000 3.168503e+01 0.000000e+00 0 
28.000 5.964673e-07 0.000000e+00 1 
28.000 1.130528e+01 0.000000e+00 0 
28.000 5.134137e+00 0.000000e+00 0 
28.000 2.811520e+00 0.000000e+00 0 
28.000 8.633792e-02 0.000000e+00 1 
28.000 9.981589e-02 0.000000e+00 1 
28.000 2.648794e-01 0.000000e+00 1 
28.000 4.717214e-01 0.000000e+00 1 
28.000 6.731107e-01 0.000000e+00 2 
28.000 6.731107e-01 0.000000e+00 1 
28.000 8.265389e-01 0.000000e+00 2 
28.000 8.265389e-01 0.000000e+00 1 
28.000 9.134077e-01 0.000000e+00 2 
28.000 9.134077e-01 0.000000e+00 1 
28.000 9.428416e-01 0.000000e+00 2 
28.000 9.428416e-01 0.000000e+00 1 
28.000 9.368395e-01 0.000000e+00 2 
28.000 9.368395e-01 0.000000e+00 1 
28.000 9.097137e-01 0.000000e+00 2 
28.000 9.097137e-01 0.000000e+00 1 
28.000 8.785538e-01 0.000000e+00 2 
28.000 8.785538e-01 0.000000e+00 1 
28.000 8.482216e-01 0.000000e+00 2 
28.000 8.482216e-01 0.000000e+00 1 
28.000 8.228317e-01 0.000000e+00 2 
28.000 8.228317e-01 0.000000e+00 1 
28.000 8.010619e-01 0.000000e+00 2 
28.000 8.010619e-01 0.000000e+00 1 
28.000 7.836390e-01 0.000000e+00 2 
28.000 7.836390e-01 0.000000e+00 1 
28.000 7.688465e-01 0.000000e+00 2 
28.000 7.688465e-01 0.000000e+00 1 
28.000 7.577462e-01 0.000000e+00 2 
28.000 7.577462e-01 0.000000e+00 1 
28.000 7.483445e-01 0.000000e+00 2 
28.000 7.483445e-01 0.000000e+00 1 
28.000 7.410679e-01 0.000000e+00 2 
28.000 7.410679e-01 0.000000e+00 1 
28.000 7.345476e-01 0.000000e+00 2 
28.000 7.345476e-01 0.000000e+00 1 
28.000 7.293677e-01 0.000000e+00 2 
28.000 7.293677e-01 0.000000e+00 1 
28.000 7.246484e-01 0.000000e+00 2 
28.000 7.246484e-01 0.000000e+00 1 
28.000 7.206825e-01 0.000000e+00 2 
28.000 7.206825e-01 0.000000e+00 1 
28.000 7.171084e-01 0.000000e+00 2 
28.000 7.171084e-01 0.000000e+00 1 
28.000 7.139839e-01 0.000000e+00 2 
28.000 7.139839e-01 0.000000e+00 1 
28.000 7.111217e-01 0.000000e+00 2 
28.000 7.111217e-01 0.000000e+00 1 
28.000 7.087055e-01 0.000000e+00 2 
28.000 7.087055e-01 0.000000e+00 1 
28.000 7.063364e-01 0.000000e+00 2 
28.000 7.063364e-01 0.000000e+00 1 
28.000 7.043719e-01 0.000000e+00 2 
28.000 7.043719e-01 0.000000e+00 1 
28.000 7.019769e-01 0.000000e+00 2 
28.000 7.019769e-01 0.000000e+00 1 
28.000 7.003587e-01 0.000000e+00 2 
28.000 7.003587e-01 0.000000e+00 1 
28.000 6.985462e-01 0.000000e+00 2 
28.000 6.985462e-01 0.000000e+00 1 
28.000 6.973215e-01 0.000000e+00 2 
28.000 6.973215e-01 0.000000e+00 1 
28.000 6.958185e-01 0.000000e+00 2 
28.000 6.958185e-01 0.000000e+00 1 
28.000 6.944602e-01 0.000000e+00 2 
28.000 6.944602e-01 0.000000e+00 1 
28.000 6.935260e-01 0.000000e+00 2 
28.000 6.935260e-01 0.000000e+00 1 
28.000 6.924562e-01 0.000000e+00 2 
28.000 6.924562e-01 0.000000e+00 1 
28.000 6.881886e-01 9.141823e-10 2 
28.000 6.881886e-01 9.141823e-10 1 
28.000 6.680082e-01 6.391319e-09 2 
28.000 6.680082e-01 6.391319e-09 1 
28.000 6.525471e-01 1.693455e-08 1 
28.000 6.407037e-01 3.204409e-08 1 
28.000 6.286516e-01 5.214888e-08 1 
28.000 6.187831e-01 7.732379e-08 1 
28.000 6.052971e-01 1.083023e-07 1 
28.000 5.906521e-01 1.452131e-07 1 
28.000 5.816686e-01 1.882502e-07 1 
28.000 5.752382e-01 2.382595e-07 1 
28.000 5.689440e-01 2.967446e-07 1 
28.000 5.686182e-01 3.626467e-07 1 
28.000 5.473322e-01 4.406739e-07 1 
28.000 5.473874e-01 5.271631e-07 1 
28.000 5.351354e-01 6.266703e-07 1 
28.000 5.284384e-01 7.429725e-07 1 
28.000 5.184813e-01 8.736196e-07 1 
28.000 5.204537e-01 1.022784e-06 1 
28.000 5.173340e-01 1.195661e-06 1 
28.000 5.121250e-01 1.393828e-06 1 
28.000 5.090610e-01 1.618991e-06 1 
28.000 5.035575e-01 1.878938e-06 1 
28.000 4.956886e-01 2.178943e-06 1 
28.000 4.872761e-01 2.523834e-06 1 
28.000 4.922351e-01 2.921698e-06 1 
28.000 4.837062e-01 3.383225e-06 1 
28.000 4.764379e-01 3.920012e-06 1 
28.000 4.773320e-01 4.539889e-06 1 
28.000 4.618101e-01 5.267989e-06 1 
28.000 4.615158e-01 6.121381e-06 1 
28.000 4.543480e-01 7.127005e-06 1 
28.000 4.474684e-01 8.311169e-06 1 
28.000 4.426658e-01 9.718141e-06 1 
28.000 4.335974e-01 1.139789e-05 1 
28.000 4.296815e-01 1.340892e-05 1 
28.000 4.173167e-01 1.584883e-05 1 
28.000 4.111513e-01 1.880039e-05 1 
28.000 4.037705e-01 2.241168e-05 1 
28.000 3.931260e-01 2.687373e-05 1 
28.000 3.803216e-01 3.242658e-05 1 
28.000 3.715848e-01 3.939474e-05 1 
28.000 3.556758e-01 4.826165e-05 1 
28.000 3.436914e-01 5.967561e-05 1 
28.000 3.273583e-01 7.461698e-05 1 
28.000 3.146653e-01 9.446005e-05 1 
28.000 2.943451e-01 1.213046e-04 1 
28.000 2.749578e-01 1.584429e-04 1 
28.000 2.553525e-01 2.111585e-04 1 
28.000 2.341664e-01 2.882403e-04 1 
28.000 2.089902e-01 4.047782e-04 1 
28.000 1.771686e-01 5.886981e-04 1 
28.000 1.373823e-01 8.961480e-04 1 
28.000 8.890583e-02 1.456109e-03 1 
28.000 1.485505e-01 2.630958e-03 1 
28.000 2.489981e-01 5.018567e-03 1 
28.000 3.044456e-01 9.298202e-03 1 
28.000 6.652977e-01 1.625679e-02 2 
28.000 6.652977e-01 1.625679e-02 1 
28.000 1.149446e+00 2.559841e-02 0 
28.000 8.539783e-01 2.472257e-02 2 
28.000 8.539783e-01 2.472257e-02 1 
28.000 5.722646e-01 3.381599e-02 1 
28.000 1.519233e-01 3.929209e-02 1 
29.000 5.815839e-01 4.767647e-02 1 
29.000 6.777130e-01 5.996526e-02 2 
29.000 6.777130e-01 5.996526e-02 1 
29.000 3.425780e-01 7.348804e-02 1 
29.000 1.297174e-01 8.981582e-02 1 
29.000 2.725980e-01 1.147377e-01 1 
29.000 5.033076e-01 1.506201e-01 1 
29.000 5.049219e-01 1.943846e-01 1 
29.000 1.938423e-01 2.442487e-01 1 
29.000 1.462585e-01 2.785508e-01 1 
30.000 2.905561e-01 3.353278e-01 1 
30.000 2.228065e-01 4.204873e-01 1 
30.000 4.257388e-01 5.268812e-01 1 
30.000 2.937520e-01 5.793446e-01 1 
31.000 4.759559e-01 6.608590e-01 1 
31.000 2.961803e-01 7.635604e-01 1 
31.000 2.259376e-01 8.070194e-01 1 
32.000 3.566159e-01 8.709635e-01 1 
32.000 2.178290e-01 9.252889e-01 1 
33.000 2.589388e-01 9.665722e-01 1 
33.000 1.989706e-01 9.844362e-01 1 
34.000 2.990423e-01 9.965338e-01 1 
34.000 1.182725e-01 9.990283e-01 1 
35.000 2.257714e-01 9.999890e-01 1 
36.000 1.557277e-01 9.998563e-01 1 
37.000 1.704019e-01 9.941579e-01 1 
38.000 2.859892e-01 9.617373e-01 1 
39.000 5.413429e-01 8.671379e-01 1 
40.000 1.174904e+00 6.763511e-01 0 
40.000 8.592643e-01 6.975594e-01 2 
40.000 8.592643e-01 6.975594e-01 1 
40.000 5.811886e-01 5.995866e-01 1 
41.000 1.789175e+00 4.317969e-01 0 
41.000 1.086700e+00 4.674917e-01 0 
41.000 8.413138e-01 4.821650e-01 2 
41.000 8.413138e-01 4.821650e-01 1 
41.000 8.294539e-01 3.341273e-01 2 
41.000 8.294539e-01 3.341273e-01 1 
42.000 1.652995e+00 1.875246e-01 0 
42.000 1.190214e+00 2.072574e-01 0 
42.000 1.094204e+00 2.179639e-01 0 
42.000 1.257768e+00 2.800454e-01 0 
42.000 1.095222e+00 2.864027e-01 0 
42.000 9.279588e-01 2.870398e-01 2 
42.000 9.279588e-01 2.870398e-01 1 
42.000 1.211566e-02 2.869381e-01 1 
42.000 3.203658e-03 2.867276e-01 1 
42.000 6.456460e-03 2.859701e-01 1 
42.000 1.679754e-02 2.835070e-01 1 
42.000 8.841973e-03 2.771320e-01 1 
42.000 4.339653e-02 2.590298e-01 1 
42.000 1.846883e-01 2.214930e-01 1 
42.000 3.858602e-01 1.680587e-01 1 
42.000 6.860620e-01 1.100498e-01 2 
42.000 6.860620e-01 1.100498e-01 1 
42.000 1.051512e+00 6.006623e-02 0 
42.000 8.395716e-01 6.328022e-02 2 
42.000 8.395716e-01 6.328022e-02 1 
42.000 7.481697e-01 4.371113e-02 2 
42.000 7.481697e-01 4.371113e-02 1 
43.000 1.525285e+00 2.259097e-02 0 
43.000 1.009659e+00 2.562086e-02 0 
43.000 8.114134e-01 2.699406e-02 2 
43.000 8.114134e-01 2.699406e-02 1 
43.000 8.979374e-01 1.182599e-02 2 
43.000 8.979374e-01 1.182599e-02 1 
43.000 1.062630e+00 3.093364e-03 0 
43.000 1.166752e+00 3.540356e-03 0 
43.000 1.350768e+00 4.039784e-03 0 
43.000 1.569157e+00 7.572512e-03 0 
43.000 4.723974e-01 7.984306e-03 1 
43.000 3.508197e-02 7.913739e-03 1 
43.000 1.105958e-02 7.793988e-03 1 
43.000 1.256582e-02 7.482540e-03 1 
43.000 2.678282e-02 6.672340e-03 1 
43.000 3.030124e-02 4.978734e-03 1 
43.000 3.915357e-01 2.139482e-03 1 
43.000 7.573180e-01 1.793777e-04 2 
43.000 7.573180e-01 1.793777e-04 1 
43.000 9.205247e+00 0.000000e+00 0 
43.000 9.162931e+00 0.000000e+00 0 
43.000 8.933259e+00 0.000000e+00 0 
43.000 5.192796e+00 7.975779e-07 0 
43.000 1.931522e-01 2.017011e-06 1 
43.000 1.963272e-01 1.770734e-06 1 
43.000 4.139281e-01 1.485646e-06 1 
43.000 6.192090e-01 1.190453e-06 1 
43.000 1.272997e+00 9.064577e-07 0 
43.000 9.197478e-01 9.341320e-07 2 
43.000 9.197478e-01 9.341320e-07 1 
43.000 6.063837e-01 7.333451e-07 1 
43.000 4.432715e-01 5.614592e-07 1 
43.000 4.514649e-01 4.001827e-07 1 
43.000 5.071155e-01 2.532685e-07 1 
43.000 5.037773e-01 1.338167e-07 1 
43.000 4.365532e-01 4.788418e-08 1 
43.000 2.650860e-01 3.134282e-09 1 
43.000 3.422783e-02 0.000000e+00 1 
43.000 4.592823e-03 0.000000e+00 1 
43.000 9.209812e-04 0.000000e+00 1 
43.000 7.230455e-03 0.000000e+00 1 
43.000 1.671178e-01 0.000000e+00 1 
43.000 3.376237e-01 0.000000e+00 1 
43.000 4.233226e-01 0.000000e+00 1 
43.000 4.950477e-01 0.000000e+00 1 
43.000 5.627399e-01 0.000000e+00 1 
43.000 5.892419e-03 0.000000e+00 1 
44.000 5.851953e-01 0.000000e+00 1 
44.000 5.094805e-01 0.000000e+00 1 
44.000 2.574884e-01 0.000000e+00 1 
44.000 6.990833e-02 0.000000e+00 1 
44.000 3.317448e-02 0.000000e+00 1 
44.000 1.409558e-02 0.000000e+00 1 
45.000 1.978336e-01 0.000000e+00 1 
45.000 6.961677e-02 0.000000e+00 1 
46.000 2.614261e-01 0.000000e+00 1 
46.000 1.038623e-01 0.000000e+00 1 
47.000 2.491609e-01 0.000000e+00 1 
48.000 9.657225e-02 0.000000e+00 1 
49.000 4.269521e-02 0.000000e+00 1 
50.000 2.689613e-02 0.000000e+00 1 
51.000 2.229615e-02 0.000000e+00 1 
52.000 2.366063e+02 4.134440e-03 0 
52.000 2.223677e-02 0.000000e+00 1 
52.000 3.103687e-04 0.000000e+00 1 
52.000 3.526953e+01 1.643564e-02 0 
52.000 7.682171e+00 1.399665e-03 0 
52.000 9.306216e+00 1.544384e-04 0 
52.000 5.116591e-04 0.000000e+00 1 
52.000 5.178998e-05 0.000000e+00 1 
52.000 1.908337e+00 9.270497e-05 0 
52.000 1.035323e+01 2.993358e-05 0 
52.000 4.907133e+01 0.000000e+00 0 
52.000 1.030591e-06 0.000000e+00 1 
52.000 5.420572e-01 0.000000e+00 1 
52.000 5.309646e+00 0.000000e+00 0 
52.000 2.847863e+00 0.000000e+00 0 
52.000 1.780266e+00 0.000000e+00 0 
52.000 3.926295e-02 0.000000e+00 1 
52.000 4.183162e-02 0.000000e+00 1 
52.000 1.638489e-01 0.000000e+00 1 
52.000 3.346570e-01 0.000000e+00 1 
52.000 5.091650e-01 0.000000e+00 1 
52.000 6.581961e-01 0.000000e+00 2 
52.000 6.581961e-01 0.000000e+00 1 
52.000 7.650705e-01 0.000000e+00 2 
52.000 7.650705e-01 0.000000e+00 1 
52.000 8.282528e-01 0.000000e+00 2 
52.000 8.282528e-01 0.000000e+00 1 
52.000 8.553329e-01 0.000000e+00 2 
52.000 8.553329e-01 0.000000e+00 1 
52.000 8.588428e-01 0.000000e+00 2 
52.000 8.588428e-01 0.000000e+00 1 
52.000 8.478587e-01 0.000000e+00 2 
52.000 8.478587e-01 0.000000e+00 1 
52.000 8.317931e-01 0.000000e+00 2 
52.000 8.317931e-01 0.000000e+00 1 
52.000 8.142908e-01 0.000000e+00 2 
52.000 8.142908e-01 0.000000e+00 1 
52.000 7.986525e-01 0.000000e+00 2 
52.000 7.986525e-01 0.000000e+00 1 
52.000 7.839726e-01 0.000000e+00 2 
52.000 7.839726e-01 0.000000e+00 1 
52.000 7.714936e-01 0.000000e+00 2 
52.000 7.714936e-01 0.000000e+00 1 
52.000 7.598102e-01 0.000000e+00 2 
52.000 7.598102e-01 0.000000e+00 1 
52.000 7.504472e-01 0.000000e+00 2 
52.000 7.504472e-01 0.000000e+00 1 
52.000 7.427773e-01 0.000000e+00 2 
52.000 7.427773e-01 0.000000e+00 1 
52.000 7.362081e-01 0.000000e+00 2 
52.000 7.362081e-01 0.000000e+00 1 
52.000 7.309426e-01 0.000000e+00 2 
52.000 7.309426e-01 0.000000e+00 1 
52.000 7.260630e-01 0.000000e+00 2 
52.000 7.260630e-01 0.000000e+00 1 
52.000 7.219333e-01 0.000000e+00 2 
52.000 7.219333e-01 0.000000e+00 1 
52.000 7.179677e-01 0.000000e+00 2 
52.000 7.179677e-01 0.000000e+00 1 
52.000 7.139959e-01 0.000000e+00 2 
52.000 7.139959e-01 0.000000e+00 1 
52.000 7.118870e-01 0.000000e+00 2 
52.000 7.118870e-01 0.000000e+00 1 
52.000 7.096849e-01 0.000000e+00 2 
52.000 7.096849e-01 0.000000e+00 1 
52.000 7.069476e-01 0.000000e+00 2 
52.000 7.069476e-01 0.000000e+00 1 
52.000 7.045109e-01 0.000000e+00 2 
52.000 7.045109e-01 0.000000e+00 1 
52.000 7.023584e-01 0.000000e+00 2 
52.000 7.023584e-01 0.000000e+00 1 
52.000 7.008039e-01 0.000000e+00 2 
52.000 7.008039e-01 0.000000e+00 1 
52.000 6.991452e-01 0.000000e+00 2 
52.000 6.991452e-01 0.000000e+00 1 
52.000 6.979359e-01 0.000000e+00 2 
52.000 6.979359e-01 0.000000e+00 1 
52.000 6.964813e-01 0.000000e+00 2 
52.000 6.964813e-01 0.000000e+00 1 
52.000 6.949688e-01 0.000000e+00 2 
52.000 6.949688e-01 0.000000e+00 1 
52.000 6.939018e-01 0.000000e+00 2 
52.000 6.939018e-01 0.000000e+00 1 
52.000 6.921998e-01 0.000000e+00 2 
52.000 6.921998e-01 0.000000e+00 1 
52.000 6.914767e-01 0.000000e+00 2 
52.000 6.914767e-01 0.000000e+00 1 
52.000 6.904657e-01 0.000000e+00 2 
52.000 6.904657e-01 0.000000e+00 1 
52.000 6.896528e-01 0.000000e+00 2 
52.000 6.896528e-01 0.000000e+00 1 
52.000 6.886640e-01 0.000000e+00 2 
52.000 6.886640e-01 0.000000e+00 1 
52.000 6.874473e-01 0.000000e+00 2 
52.000 6.874473e-01 0.000000e+00 1 
52.000 6.871036e-01 0.000000e+00 2 
52.000 6.871036e-01 0.000000e+00 1 
52.000 6.863031e-01 0.000000e+00 2 
52.000 6.863031e-01 0.000000e+00 1 
52.000 6.853202e-01 0.000000e+00 2 
52.000 6.853202e-01 0.000000e+00 1 
52.000 6.846526e-01 0.000000e+00 2 
52.000 6.846526e-01 0.000000e+00 1 
52.000 6.841512e-01 0.000000e+00 2 
52.000 6.841512e-01 0.000000e+00 1 
52.000 6.833554e-01 0.000000e+00 2 
52.000 6.833554e-01 0.000000e+00 1 
52.000 6.828055e-01 0.000000e+00 2 
52.000 6.828055e-01 0.000000e+00 1 
52.000 6.823547e-01 0.000000e+00 2 
52.000 6.823547e-01 0.000000e+00 1 
52.000 6.816162e-01 0.000000e+00 2 
52.000 6.816162e-01 0.000000e+00 1 
52.000 6.811131e-01 0.000000e+00 2 
52.000 6.811131e-01 0.000000e+00 1 
52.000 6.807335e-01 0.000000e+00 2 
52.000 6.807335e-01 0.000000e+00 1 
52.000 6.804463e-01 0.000000e+00 2 
52.000 6.804463e-01 0.000000e+00 1 
52.000 6.794380e-01 0.000000e+00 2 
52.000 6.794380e-01 0.000000e+00 1 
52.000 6.791502e-01 0.000000e+00 2 
52.000 6.791502e-01 0.000000e+00 1 
52.000 6.789243e-01 0.000000e+00 2 
52.000 6.789243e-01 0.000000e+00 1 
52.000 6.786765e-01 0.000000e+00 2 
52.000 6.786765e-01 0.000000e+00 1 
52.000 6.777838e-01 0.000000e+00 2 
52.000 6.777838e-01 0.000000e+00 1 
52.000 6.775587e-01 0.000000e+00 2 
52.000 6.775587e-01 0.000000e+00 1 
52.000 6.769852e-01 0.000000e+00 2 
52.000 6.769852e-01 0.000000e+00 1 
52.000 6.769985e-01 0.000000e+00 2 
52.000 6.769985e-01 0.000000e+00 1 
52.000 6.765539e-01 0.000000e+00 2 
52.000 6.765539e-01 0.000000e+00 1 
52.000 6.762467e-01 0.000000e+00 2 
52.000 6.762467e-01 0.000000e+00 1 
52.000 6.756551e-01 0.000000e+00 2 
52.000 6.756551e-01 0.000000e+00 1 
52.000 6.756089e-01 0.000000e+00 2 
52.000 6.756089e-01 0.000000e+00 1 
52.000 6.752075e-01 0.000000e+00 2 
52.000 6.752075e-01 0.000000e+00 1 
52.000 6.752793e-01 0.000000e+00 2 
52.000 6.752793e-01 0.000000e+00 1 
52.000 6.745248e-01 0.000000e+00 2 
52.000 6.745248e-01 0.000000e+00 1 
52.000 6.741300e-01 0.000000e+00 2 
52.000 6.741300e-01 0.000000e+00 1 
52.000 6.741821e-01 0.000000e+00 2 
52.000 6.741821e-01 0.000000e+00 1 
52.000 6.738015e-01 0.000000e+00 2 
52.000 6.738015e-01 0.000000e+00 1 
52.000 6.735241e-01 0.000000e+00 2 
52.000 6.735241e-01 0.000000e+00 1 
52.000 6.736803e-01 0.000000e+00 2 
52.000 6.736803e-01 0.000000e+00 1 
52.000 6.730552e-01 0.000000e+00 2 
52.000 6.730552e-01 0.000000e+00 1 
52.000 6.726872e-01 0.000000e+00 2 
52.000 6.726872e-01 0.000000e+00 1 
52.000 6.724247e-01 0.000000e+00 2 
52.000 6.724247e-01 0.000000e+00 1 
52.000 6.722618e-01 0.000000e+00 2 
52.000 6.722618e-01 0.000000e+00 1 
52.000 6.721264e-01 0.000000e+00 2 
52.000 6.721264e-01 0.000000e+00 1 
52.000 6.723030e-01 0.000000e+00 2 
52.000 6.723030e-01 0.000000e+00 1 
52.000 6.720394e-01 0.000000e+00 2 
52.000 6.720394e-01 0.000000e+00 1 
52.000 6.715410e-01 0.000000e+00 2 
52.000 6.715410e-01 0.000000e+00 1 
52.000 6.712682e-01 0.000000e+00 2 
52.000 6.712682e-01 0.000000e+00 1 
52.000 6.710633e-01 0.000000e+00 2 
52.000 6.710633e-01 0.000000e+00 1 
52.000 6.709149e-01 0.000000e+00 2 
52.000 6.709149e-01 0.000000e+00 1 
52.000 6.708173e-01 0.000000e+00 2 
52.000 6.708173e-01 0.000000e+00 1 
52.000 6.707020e-01 0.000000e+00 2 
52.000 6.707020e-01 0.000000e+00 1 
52.000 6.706005e-01 0.000000e+00 2 
52.000 6.706005e-01 0.000000e+00 1 
52.000 6.705495e-01 0.000000e+00 2 
52.000 6.705495e-01 0.000000e+00 1 
52.000 6.701145e-01 0.000000e+00 2 
52.000 6.701145e-01 0.000000e+00 1 
52.000 6.699243e-01 0.000000e+00 2 
52.000 6.699243e-01 0.000000e+00 1 
52.000 6.697686e-01 0.000000e+00 2 
52.000 6.697686e-01 0.000000e+00 1 
52.000 6.696526e-01 0.000000e+00 2 
52.000 6.696526e-01 0.000000e+00 1 
52.000 6.692622e-01 0.000000e+00 2 
52.000 6.692622e-01 0.000000e+00 1 
52.000 6.696910e-01 0.000000e+00 2 
52.000 6.696910e-01 0.000000e+00 1 
52.000 6.651173e-01 1.344891e-09 2 
52.000 6.651173e-01 1.344891e-09 1 
52.000 6.576183e-01 5.633725e-09 2 
52.000 6.576183e-01 5.633725e-09 1 
52.000 6.514121e-01 1.286944e-08 1 
52.000 6.487597e-01 2.254802e-08 1 
52.000 6.394070e-01 3.554936e-08 1 
52.000 6.337388e-01 5.149758e-08 1 
52.000 6.266386e-01 7.039267e-08 1 
52.000 6.220573e-01 9.208988e-08 1 
52.000 6.182196e-01 1.168604e-07 1 
52.000 6.118720e-01 1.457587e-07 1 
52.000 6.022412e-01 1.792571e-07 1 
52.000 5.994406e-01 2.147785e-07 1 
52.000 5.977755e-01 2.549511e-07 1 
52.000 5.775202e-01 3.019624e-07 1 
52.000 5.907155e-01 3.512516e-07 1 
52.000 5.802464e-01 4.082163e-07 1 
52.000 5.804050e-01 4.697864e-07 1 
52.000 5.614738e-01 5.400508e-07 1 
52.000 5.803798e-01 6.127815e-07 1 
52.000 5.674178e-01 6.982496e-07 1 
52.000 5.495414e-01 7.948123e-07 1 
52.000 5.651398e-01 8.944670e-07 1 
52.000 5.581747e-01 1.006453e-06 1 
52.000 5.557419e-01 1.131881e-06 1 
52.000 5.534199e-01 1.268429e-06 1 
52.000 5.503470e-01 1.420412e-06 1 
52.000 5.399677e-01 1.592406e-06 1 
52.000 5.453993e-01 1.775178e-06 1 
52.000 5.354500e-01 1.984972e-06 1 
52.000 5.413693e-01 2.212151e-06 1 
52.000 5.442953e-01 2.460976e-06 1 
52.000 5.265348e-01 2.743952e-06 1 
52.000 5.266467e-01 3.059814e-06 1 
52.000 5.270755e-01 3.403868e-06 1 
52.000 5.204765e-01 3.791739e-06 1 
52.000 5.266616e-01 4.219612e-06 1 
52.000 5.383223e-01 4.698734e-06 1 
52.000 5.232915e-01 5.231934e-06 1 
52.000 5.182655e-01 5.840361e-06 1 
52.000 5.175328e-01 6.506550e-06 1 
52.000 5.078418e-01 7.260653e-06 1 
52.000 5.061401e-01 8.100139e-06 1 
52.000 5.059562e-01 9.054277e-06 1 
52.000 5.074412e-01 1.013122e-05 1 
52.000 4.986985e-01 1.134483e-05 1 
52.000 4.935397e-01 1.271618e-05 1 
52.000 4.897614e-01 1.428716e-05 1 
52.000 4.833214e-01 1.606598e-05 1 
52.000 4.767185e-01 1.810807e-05 1 
52.000 4.704830e-01 2.044656e-05 1 
52.000 4.732425e-01 2.314330e-05 1 
52.000 4.702565e-01 2.626542e-05 1 
52.000 4.501303e-01 2.989967e-05 1 
52.000 4.545433e-01 3.410126e-05 1 
52.000 4.507370e-01 3.903493e-05 1 
52.000 4.446170e-01 4.485732e-05 1 
52.000 4.314528e-01 5.172185e-05 1 
52.000 4.242532e-01 5.990974e-05 1 
52.000 4.154841e-01 6.973035e-05 1 
52.000 4.045001e-01 8.161513e-05 1 
52.000 3.966666e-01 9.607729e-05 1 
52.000 3.878584e-01 1.138807e-04 1 
52.000 3.775481e-01 1.359591e-04 1 
52.000 3.663174e-01 1.636281e-04 1 
52.000 3.563604e-01 1.987977e-04 1 
52.000 3.393340e-01 2.439742e-04 1 
52.000 3.229361e-01 3.028574e-04 1 
52.000 3.107381e-01 3.810937e-04 1 
52.000 2.959145e-01 4.868746e-04 1 
52.000 2.821881e-01 6.328636e-04 1 
52.000 2.558501e-01 8.385199e-04 1 
52.000 2.352994e-01 1.137216e-03 1 
52.000 2.106426e-01 1.586647e-03 1 
52.000 1.778803e-01 2.290847e-03 1 
52.000 1.352659e-01 3.459817e-03 1 
52.000 1.026000e-01 5.580772e-03 1 
52.000 2.890531e-01 9.863053e-03 1 
52.000 7.806831e-01 1.724804e-02 2 
52.000 7.806831e-01 1.724804e-02 1 
52.000 1.164387e+00 2.691765e-02 0 
52.000 8.698072e-01 2.600631e-02 2 
52.000 8.698072e-01 2.600631e-02 1 
52.000 5.095580e-01 3.518659e-02 1 
52.000 1.366455e-01 3.977958e-02 1 
53.000 6.072052e-01 4.780219e-02 1 
53.000 6.919689e-01 6.022592e-02 2 
53.000 6.919689e-01 6.022592e-02 1 
53.000 3.393057e-01 7.380570e-02 1 
53.000 1.277077e-01 9.019936e-02 1 
53.000 2.707083e-01 1.153123e-01 1 
53.000 5.180765e-01 1.515547e-01 1 
53.000 5.082733e-01 1.955669e-01 1 
53.000 1.920531e-01 2.455118e-01 1 
53.000 1.471934e-01 2.789947e-01 1 
54.000 2.760914e-01 3.354283e-01 1 
54.000 2.295140e-01 4.215263e-01 1 
54.000 4.352013e-01 5.288540e-01 1 
54.000 2.926247e-01 5.800878e-01 1 
55.000 4.827297e-01 6.609946e-01 1 
55.000 2.927266e-01 7.636295e-01 1 
55.000 2.257566e-01 8.070244e-01 1 
56.000 3.493272e-01 8.710308e-01 1 
56.000 2.204688e-01 9.253132e-01 1 
57.000 2.538278e-01 9.667176e-01 1 
57.000 2.032539e-01 9.844796e-01 1 
58.000 3.028047e-01 9.965937e-01 1 
58.000 1.188748e-01 9.990404e-01 1 
59.000 2.270879e-01 9.999890e-01 1 
60.000 1.564329e-01 9.998563e-01 1 
61.000 1.692282e-01 9.941579e-01 1 
62.000 2.811676e-01 9.617373e-01 1 
63.000 5.314730e-01 8.671379e-01 1 
64.000 1.170379e+00 6.763501e-01 0 
64.000 8.586018e-01 6.974307e-01 2 
64.000 8.586018e-01 6.974307e-01 1 
64.000 5.766404e-01 5.995079e-01 1 
65.000 1.786537e+00 4.316102e-01 0 
65.000 1.084425e+00 4.673008e-01 0 
65.000 8.395227e-01 4.819434e-01 2 
65.000 8.395227e-01 4.819434e-01 1 
65.000 8.295102e-01 3.340064e-01 2 
65.000 8.295102e-01 3.340064e-01 1 
66.000 1.663089e+00 1.872790e-01 0 
66.000 1.184270e+00 2.071751e-01 0 
66.000 1.077803e+00 2.178093e-01 0 
66.000 1.220005e+00 2.800281e-01 0 
66.000 1.060675e+00 2.864003e-01 0 
66.000 8.965868e-01 2.870386e-01 2 
66.000 8.965868e-01 2.870386e-01 1 
66.000 1.171919e-02 2.869368e-01 1 
66.000 3.107169e-03 2.867240e-01 1 
66.000 6.687820e-03 2.859448e-01 1 
66.000 1.655137e-02 2.834355e-01 1 
66.000 8.748679e-03 2.769238e-01 1 
66.000 4.428769e-02 2.583873e-01 1 
66.000 1.907631e-01 2.201125e-01 1 
66.000 3.997019e-01 1.660821e-01 1 
66.000 7.053100e-01 1.080578e-01 2 
66.000 7.053100e-01 1.080578e-01 1 
66.000 1.076921e+00 5.859433e-02 0 
66.000 8.600109e-01 6.191298e-02 2 
66.000 8.600109e-01 6.191298e-02 1 
66.000 7.587662e-01 4.335006e-02 2 
66.000 7.587662e-01 4.335006e-02 1 
67.000 1.458200e+00 2.284444e-02 0 
67.000 9.905785e-01 2.568980e-02 2 
67.000 9.905785e-01 2.568980e-02 1 
67.000 1.112223e+00 1.009631e-02 0 
67.000 1.013056e+00 1.106969e-02 0 
67.000 9.870819e-01 1.180636e-02 2 
67.000 9.870819e-01 1.180636e-02 1 
67.000 8.187545e-01 4.273113e-03 2 
67.000 8.187545e-01 4.273113e-03 1 
67.000 2.134164e+00 5.963332e-04 0 
67.000 3.189341e+00 9.723740e-04 0 
67.000 3.771683e+00 1.414097e-03 0 
67.000 2.242609e+00 2.449458e-03 0 
67.000 3.201769e-01 2.568049e-03 1 
67.000 2.181423e-02 2.547409e-03 1 
67.000 1.372201e-02 2.509513e-03 1 
67.000 3.432778e-02 2.412907e-03 1 
67.000 7.689625e-02 2.208684e-03 1 
67.000 1.429377e-01 1.866157e-03 1 
67.000 2.489617e-01 1.399424e-03 1 
67.000 4.523987e-01 8.835510e-04 1 
67.000 9.423038e-01 4.354558e-04 2 
67.000 9.423038e-01 4.354558e-04 1 
67.000 2.406250e+00 1.494604e-04 0 
67.000 2.133561e+00 1.889597e-04 0 
67.000 1.848278e+00 2.178938e-04 0 
67.000 3.651070e-01 3.032973e-04 1 
67.000 5.552956e-02 2.878965e-04 1 
67.000 2.018432e-01 2.644491e-04 1 
67.000 2.974029e-01 2.322987e-04 1 
67.000 4.221257e-01 1.948678e-04 1 
67.000 5.785744e-01 1.559054e-04 1 
67.000 7.723933e-01 1.193120e-04 2 
67.000 7.723933e-01 1.193120e-04 1 
67.000 9.723479e-01 8.813057e-05 2 
67.000 9.723479e-01 8.813057e-05 1 
67.000 1.179800e+00 6.346338e-05 0 
67.000 1.006236e+00 6.540964e-05 0 
67.000 8.875806e-01 6.670400e-05 2 
67.000 8.875806e-01 6.670400e-05 1 
67.000 1.003564e+00 5.112689e-05 0 
67.000 8.790051e-01 5.208943e-05 2 
67.000 8.790051e-01 5.208943e-05 1 
67.000 9.885101e-01 4.056451e-05 2 
67.000 9.885101e-01 4.056451e-05 1 
67.000 1.037718e+00 3.129352e-05 0 
67.000 8.945387e-01 3.190330e-05 2 
67.000 8.945387e-01 3.190330e-05 1 
67.000 9.544300e-01 2.513419e-05 2 
67.000 9.544300e-01 2.513419e-05 1 
67.000 1.001536e+00 1.967667e-05 0 
67.000 8.837152e-01 1.998775e-05 2 
67.000 8.837152e-01 1.998775e-05 1 
67.000 9.103101e-01 1.591154e-05 2 
67.000 9.103101e-01 1.591154e-05 1 
67.000 9.489362e-01 1.256952e-05 2 
67.000 9.489362e-01 1.256952e-05 1 
67.000 9.492075e-01 9.838172e-06 2 
67.000 9.492075e-01 9.838172e-06 1 
67.000 9.613647e-01 7.652546e-06 2 
67.000 9.613647e-01 7.652546e-06 1 
67.000 9.436879e-01 5.894648e-06 2 
67.000 9.436879e-01 5.894648e-06 1 
67.000 9.638258e-01 4.485696e-06 2 
67.000 9.638258e-01 4.485696e-06 1 
67.000 9.110476e-01 3.385857e-06 2 
67.000 9.110476e-01 3.385857e-06 1 
67.000 9.108819e-01 2.511350e-06 2 
67.000 9.108819e-01 2.511350e-06 1 
67.000 8.965351e-01 1.818000e-06 2 
67.000 8.965351e-01 1.818000e-06 1 
67.000 8.967085e-01 1.272191e-06 2 
67.000 8.967085e-01 1.272191e-06 1 
67.000 8.784289e-01 8.585319e-07 2 
67.000 8.784289e-01 8.585319e-07 1 
67.000 7.948776e-01 5.493768e-07 2 
67.000 7.948776e-01 5.493768e-07 1 
67.000 7.605904e-01 3.162777e-07 2 
67.000 7.605904e-01 3.162777e-07 1 
67.000 6.815580e-01 1.519212e-07 2 
67.000 6.815580e-01 1.519212e-07 1 
67.000 5.269905e-01 5.149758e-08 1 
67.000 2.690325e-01 2.610911e-09 1 
67.000 3.249577e-02 0.000000e+00 1 
67.000 3.133341e-03 0.000000e+00 1 
67.000 6.346890e-04 0.000000e+00 1 
67.000 1.456096e-02 0.000000e+00 1 
67.000 1.892418e-01 0.000000e+00 1 
67.000 3.487359e-01 0.000000e+00 1 
67.000 4.289857e-01 0.000000e+00 1 
67.000 4.990159e-01 0.000000e+00 1 
67.000 5.208511e-01 0.000000e+00 1 
68.000 5.500885e-01 0.000000e+00 1 
68.000 5.245164e-01 0.000000e+00 1 
68.000 3.173236e-01 0.000000e+00 1 
68.000 9.774206e-02 0.000000e+00 1 
68.000 2.656113e-02 0.000000e+00 1 
68.000 1.137687e-02 0.000000e+00 1 
69.000 1.566238e-01 0.000000e+00 1 
69.000 7.042376e-02 0.000000e+00 1 
70.000 2.404919e-01 0.000000e+00 1 
70.000 9.959984e-02 0.000000e+00 1 
71.000 2.477897e-01 0.000000e+00 1 
72.000 9.898262e-02 0.000000e+00 1 
73.000 4.420876e-02 0.000000e+00 1 
74.000 2.742704e-02 0.000000e+00 1 
75.000 2.251652e-02 0.000000e+00 1 
76.000 2.371594e+02 4.134639e-03 0 
76.000 2.311486e-02 0.000000e+00 1 
76.000 3.247967e-04 0.000000e+00 1 
76.000 3.530457e+01 1.642631e-02 0 
76.000 7.654524e+00 1.392347e-03 0 
76.000 9.617901e+00 1.525069e-04 0 
76.000 5.231285e-04 0.000000e+00 1 
76.000 5.279343e-05 0.000000e+00 1 
76.000 2.988279e+00 9.114607e-05 0 
76.000 3.201785e+01 1.553246e-05 0 
76.000 6.857211e+01 0.000000e+00 0 
76.000 6.802626e+00 0.000000e+00 0 
76.000 2.114316e-01 0.000000e+00 1 
76.000 2.211032e-01 0.000000e+00 1 
76.000 3.815011e-01 0.000000e+00 1 
76.000 5.135875e-01 0.000000e+00 1 
76.000 6.103055e-01 0.000000e+00 1 
76.000 6.753930e-01 0.000000e+00 2 
76.000 6.753930e-01 0.000000e+00 1 
76.000 7.126820e-01 0.000000e+00 2 
76.000 7.126820e-01 0.000000e+00 1 
76.000 7.334707e-01 0.000000e+00 2 
76.000 7.334707e-01 0.000000e+00 1 
76.000 7.439782e-01 0.000000e+00 2 
76.000 7.439782e-01 0.000000e+00 1 
76.000 7.484278e-01 0.000000e+00 2 
76.000 7.484278e-01 0.000000e+00 1 
76.000 7.469255e-01 0.000000e+00 2 
76.000 7.469255e-01 0.000000e+00 1 
76.000 7.423056e-01 0.000000e+00 2 
76.000 7.423056e-01 0.000000e+00 1 
76.000 7.385887e-01 0.000000e+00 2 
76.000 7.385887e-01 0.000000e+00 1 
76.000 7.342827e-01 0.000000e+00 2 
76.000 7.342827e-01 0.000000e+00 1 
76.000 7.287469e-01 0.000000e+00 2 
76.000 7.287469e-01 0.000000e+00 1 
76.000 7.259804e-01 0.000000e+00 2 
76.000 7.259804e-01 0.000000e+00 1 
76.000 7.214430e-01 0.000000e+00 2 
76.000 7.214430e-01 0.000000e+00 1 
76.000 7.183681e-01 0.000000e+00 2 
76.000 7.183681e-01 0.000000e+00 1 
76.000 7.150722e-01 0.000000e+00 2 
76.000 7.150722e-01 0.000000e+00 1 
76.000 7.117214e-01 0.000000e+00 2 
76.000 7.117214e-01 0.000000e+00 1 
76.000 7.092901e-01 0.000000e+00 2 
76.000 7.092901e-01 0.000000e+00 1 
76.000 7.075952e-01 0.000000e+00 2 
76.000 7.075952e-01 0.000000e+00 1 
76.000 7.052474e-01 0.000000e+00 2 
76.000 7.052474e-01 0.000000e+00 1 
76.000 7.036051e-01 0.000000e+00 2 
76.000 7.036051e-01 0.000000e+00 1 
76.000 7.014265e-01 0.000000e+00 2 
76.000 7.014265e-01 0.000000e+00 1 
76.000 6.998742e-01 0.000000e+00 2 
76.000 6.998742e-01 0.000000e+00 1 
76.000 6.987662e-01 0.000000e+00 2 
76.000 6.987662e-01 0.000000e+00 1 
76.000 6.960724e-01 0.000000e+00 2 
76.000 6.960724e-01 0.000000e+00 1 
76.000 6.952487e-01 0.000000e+00 2 
76.000 6.952487e-01 0.000000e+00 1 
76.000 6.936948e-01 0.000000e+00 2 
76.000 6.936948e-01 0.000000e+00 1 
76.000 6.925902e-01 0.000000e+00 2 
76.000 6.925902e-01 0.000000e+00 1 
76.000 6.910450e-01 0.000000e+00 2 
76.000 6.910450e-01 0.000000e+00 1 
76.000 6.906899e-01 0.000000e+00 2 
76.000 6.906899e-01 0.000000e+00 1 
76.000 6.895434e-01 0.000000e+00 2 
76.000 6.895434e-01 0.000000e+00 1 
76.000 6.895400e-01 0.000000e+00 2 
76.000 6.895400e-01 0.000000e+00 1 
76.000 6.877848e-01 0.000000e+00 2 
76.000 6.877848e-01 0.000000e+00 1 
76.000 6.866364e-01 0.000000e+00 2 
76.000 6.866364e-01 0.000000e+00 1 
76.000 6.866670e-01 0.000000e+00 2 
76.000 6.866670e-01 0.000000e+00 1 
76.000 6.857551e-01 0.000000e+00 2 
76.000 6.857551e-01 0.000000e+00 1 
76.000 6.850894e-01 0.000000e+00 2 
76.000 6.850894e-01 0.000000e+00 1 
76.000 6.845824e-01 0.000000e+00 2 
76.000 6.845824e-01 0.000000e+00 1 
76.000 6.834731e-01 0.000000e+00 2 
76.000 6.834731e-01 0.000000e+00 1 
76.000 6.827602e-01 0.000000e+00 2 
76.000 6.827602e-01 0.000000e+00 1 
76.000 6.822289e-01 0.000000e+00 2 
76.000 6.822289e-01 0.000000e+00 1 
76.000 6.818213e-01 0.000000e+00 2 
76.000 6.818213e-01 0.000000e+00 1 
76.000 6.821936e-01 0.000000e+00 2 
76.000 6.821936e-01 0.000000e+00 1 
76.000 6.808828e-01 0.000000e+00 2 
76.000 6.808828e-01 0.000000e+00 1 
76.000 6.800975e-01 0.000000e+00 2 
76.000 6.800975e-01 0.000000e+00 1 
76.000 6.795840e-01 0.000000e+00 2 
76.000 6.795840e-01 0.000000e+00 1 
76.000 6.791873e-01 0.000000e+00 2 
76.000 6.791873e-01 0.000000e+00 1 
76.000 6.788780e-01 0.000000e+00 2 
76.000 6.788780e-01 0.000000e+00 1 
76.000 6.786405e-01 0.000000e+00 2 
76.000 6.786405e-01 0.000000e+00 1 
76.000 6.784167e-01 0.000000e+00 2 
76.000 6.784167e-01 0.000000e+00 1 
76.000 6.775872e-01 0.000000e+00 2 
76.000 6.775872e-01 0.000000e+00 1 
76.000 6.770523e-01 0.000000e+00 2 
76.000 6.770523e-01 0.000000e+00 1 
76.000 6.766940e-01 0.000000e+00 2 
76.000 6.766940e-01 0.000000e+00 1 
76.000 6.764257e-01 0.000000e+00 2 
76.000 6.764257e-01 0.000000e+00 1 
76.000 6.762062e-01 0.000000e+00 2 
76.000 6.762062e-01 0.000000e+00 1 
76.000 6.760131e-01 0.000000e+00 2 
76.000 6.760131e-01 0.000000e+00 1 
76.000 6.758345e-01 0.000000e+00 2 
76.000 6.758345e-01 0.000000e+00 1 
76.000 6.756425e-01 0.000000e+00 2 
76.000 6.756425e-01 0.000000e+00 1 
76.000 6.754904e-01 0.000000e+00 2 
76.000 6.754904e-01 0.000000e+00 1 
76.000 6.741663e-01 0.000000e+00 2 
76.000 6.741663e-01 0.000000e+00 1 
76.000 6.740076e-01 0.000000e+00 2 
76.000 6.740076e-01 0.000000e+00 1 
76.000 6.738605e-01 0.000000e+00 2 
76.000 6.738605e-01 0.000000e+00 1 
76.000 6.737216e-01 0.000000e+00 2 
76.000 6.737216e-01 0.000000e+00 1 
76.000 6.730287e-01 0.000000e+00 2 
76.000 6.730287e-01 0.000000e+00 1 
76.000 6.731788e-01 0.000000e+00 2 
76.000 6.731788e-01 0.000000e+00 1 
76.000 6.731928e-01 0.000000e+00 2 
76.000 6.731928e-01 0.000000e+00 1 
76.000 6.731601e-01 0.000000e+00 2 
76.000 6.731601e-01 0.000000e+00 1 
76.000 6.730419e-01 0.000000e+00 2 
76.000 6.730419e-01 0.000000e+00 1 
76.000 6.724039e-01 0.000000e+00 2 
76.000 6.724039e-01 0.000000e+00 1 
76.000 6.725687e-01 0.000000e+00 2 
76.000 6.725687e-01 0.000000e+00 1 
76.000 6.726146e-01 0.000000e+00 2 
76.000 6.726146e-01 0.000000e+00 1 
76.000 6.719889e-01 0.000000e+00 2 
76.000 6.719889e-01 0.000000e+00 1 
76.000 6.711187e-01 0.000000e+00 2 
76.000 6.711187e-01 0.000000e+00 1 
76.000 6.711838e-01 0.000000e+00 2 
76.000 6.711838e-01 0.000000e+00 1 
76.000 6.711676e-01 0.000000e+00 2 
76.000 6.711676e-01 0.000000e+00 1 
76.000 6.705338e-01 0.000000e+00 2 
76.000 6.705338e-01 0.000000e+00 1 
76.000 6.707508e-01 0.000000e+00 2 
76.000 6.707508e-01 0.000000e+00 1 
76.000 6.707733e-01 0.000000e+00 2 
76.000 6.707733e-01 0.000000e+00 1 
76.000 6.702500e-01 0.000000e+00 2 
76.000 6.702500e-01 0.000000e+00 1 
76.000 6.704749e-01 0.000000e+00 2 
76.000 6.704749e-01 0.000000e+00 1 
76.000 6.705433e-01 0.000000e+00 2 
76.000 6.705433e-01 0.000000e+00 1 
76.000 6.705143e-01 0.000000e+00 2 
76.000 6.705143e-01 0.000000e+00 1 
76.000 6.704568e-01 0.000000e+00 2 
76.000 6.704568e-01 0.000000e+00 1 
76.000 6.704047e-01 0.000000e+00 2 
76.000 6.704047e-01 0.000000e+00 1 
76.000 6.698239e-01 0.000000e+00 2 
76.000 6.698239e-01 0.000000e+00 1 
76.000 6.699882e-01 0.000000e+00 2 
76.000 6.699882e-01 0.000000e+00 1 
76.000 6.689968e-01 0.000000e+00 2 
76.000 6.689968e-01 0.000000e+00 1 
76.000 6.690140e-01 0.000000e+00 2 
76.000 6.690140e-01 0.000000e+00 1 
76.000 6.689859e-01 0.000000e+00 2 
76.000 6.689859e-01 0.000000e+00 1 
76.000 6.684384e-01 0.000000e+00 2 
76.000 6.684384e-01 0.000000e+00 1 
76.000 6.686321e-01 0.000000e+00 2 
76.000 6.686321e-01 0.000000e+00 1 
76.000 6.682009e-01 0.000000e+00 2 
76.000 6.682009e-01 0.000000e+00 1 
76.000 6.684122e-01 0.000000e+00 2 
76.000 6.684122e-01 0.000000e+00 1 
76.000 6.680311e-01 0.000000e+00 2 
76.000 6.680311e-01 0.000000e+00 1 
76.000 6.683006e-01 0.000000e+00 2 
76.000 6.683006e-01 0.000000e+00 1 
76.000 6.679165e-01 0.000000e+00 2 
76.000 6.679165e-01 0.000000e+00 1 
76.000 6.681812e-01 0.000000e+00 2 
76.000 6.681812e-01 0.000000e+00 1 
76.000 6.678001e-01 0.000000e+00 2 
76.000 6.678001e-01 0.000000e+00 1 
76.000 6.680268e-01 0.000000e+00 2 
76.000 6.680268e-01 0.000000e+00 1 
76.000 6.676676e-01 0.000000e+00 2 
76.000 6.676676e-01 0.000000e+00 1 
76.000 6.679367e-01 0.000000e+00 2 
76.000 6.679367e-01 0.000000e+00 1 
76.000 6.675850e-01 0.000000e+00 2 
76.000 6.675850e-01 0.000000e+00 1 
76.000 6.678192e-01 0.000000e+00 2 
76.000 6.678192e-01 0.000000e+00 1 
76.000 6.674552e-01 0.000000e+00 2 
76.000 6.674552e-01 0.000000e+00 1 
76.000 6.676804e-01 0.000000e+00 2 
76.000 6.676804e-01 0.000000e+00 1 
76.000 6.673507e-01 0.000000e+00 2 
76.000 6.673507e-01 0.000000e+00 1 
76.000 6.671281e-01 0.000000e+00 2 
76.000 6.671281e-01 0.000000e+00 1 
76.000 6.665505e-01 0.000000e+00 2 
76.000 6.665505e-01 0.000000e+00 1 
76.000 6.662607e-01 0.000000e+00 2 
76.000 6.662607e-01 0.000000e+00 1 
76.000 6.665185e-01 0.000000e+00 2 
76.000 6.665185e-01 0.000000e+00 1 
76.000 6.661840e-01 0.000000e+00 2 
76.000 6.661840e-01 0.000000e+00 1 
76.000 6.664506e-01 0.000000e+00 2 
76.000 6.664506e-01 0.000000e+00 1 
76.000 6.661081e-01 0.000000e+00 2 
76.000 6.661081e-01 0.000000e+00 1 
76.000 6.659025e-01 0.000000e+00 2 
76.000 6.659025e-01 0.000000e+00 1 
76.000 6.662443e-01 0.000000e+00 2 
76.000 6.662443e-01 0.000000e+00 1 
76.000 6.659614e-01 0.000000e+00 2 
76.000 6.659614e-01 0.000000e+00 1 
76.000 6.657860e-01 0.000000e+00 2 
76.000 6.657860e-01 0.000000e+00 1 
76.000 6.661053e-01 0.000000e+00 2 
76.000 6.661053e-01 0.000000e+00 1 
76.000 6.658171e-01 0.000000e+00 2 
76.000 6.658171e-01 0.000000e+00 1 
76.000 6.660939e-01 0.000000e+00 2 
76.000 6.660939e-01 0.000000e+00 1 
76.000 6.657880e-01 0.000000e+00 2 
76.000 6.657880e-01 0.000000e+00 1 
76.000 6.655703e-01 0.000000e+00 2 
76.000 6.655703e-01 0.000000e+00 1 
76.000 6.659266e-01 0.000000e+00 2 
76.000 6.659266e-01 0.000000e+00 1 
76.000 6.656160e-01 0.000000e+00 2 
76.000 6.656160e-01 0.000000e+00 1 
76.000 6.654773e-01 0.000000e+00 2 
76.000 6.654773e-01 0.000000e+00 1 
76.000 6.657876e-01 0.000000e+00 2 
76.000 6.657876e-01 0.000000e+00 1 
76.000 6.655077e-01 0.000000e+00 2 
76.000 6.655077e-01 0.000000e+00 1 
76.000 6.657782e-01 0.000000e+00 2 
76.000 6.657782e-01 0.000000e+00 1 
76.000 6.654665e-01 0.000000e+00 2 
76.000 6.654665e-01 0.000000e+00 1 
76.000 6.652800e-01 0.000000e+00 2 
76.000 6.652800e-01 0.000000e+00 1 
76.000 6.656072e-01 0.000000e+00 2 
76.000 6.656072e-01 0.000000e+00 1 
76.000 6.653287e-01 0.000000e+00 2 
76.000 6.653287e-01 0.000000e+00 1 
76.000 6.647729e-01 0.000000e+00 2 
76.000 6.647729e-01 0.000000e+00 1 
76.000 6.648707e-01 0.000000e+00 2 
76.000 6.648707e-01 0.000000e+00 1 
76.000 6.645178e-01 0.000000e+00 2 
76.000 6.645178e-01 0.000000e+00 1 
76.000 6.643153e-01 0.000000e+00 2 
76.000 6.643153e-01 0.000000e+00 1 
76.000 6.642016e-01 0.000000e+00 2 
76.000 6.642016e-01 0.000000e+00 1 
76.000 6.645424e-01 0.000000e+00 2 
76.000 6.645424e-01 0.000000e+00 1 
76.000 6.642844e-01 0.000000e+00 2 
76.000 6.642844e-01 0.000000e+00 1 
76.000 6.641441e-01 0.000000e+00 2 
76.000 6.641441e-01 0.000000e+00 1 
76.000 6.640618e-01 0.000000e+00 2 
76.000 6.640618e-01 0.000000e+00 1 
76.000 6.640233e-01 0.000000e+00 2 
76.000 6.640233e-01 0.000000e+00 1 
76.000 6.643950e-01 0.000000e+00 2 
76.000 6.643950e-01 0.000000e+00 1 
76.000 6.641290e-01 0.000000e+00 2 
76.000 6.641290e-01 0.000000e+00 1 
76.000 6.640002e-01 0.000000e+00 2 
76.000 6.640002e-01 0.000000e+00 1 
76.000 6.639395e-01 0.000000e+00 2 
76.000 6.639395e-01 0.000000e+00 1 
76.000 6.642662e-01 0.000000e+00 2 
76.000 6.642662e-01 0.000000e+00 1 
76.000 6.640424e-01 0.000000e+00 2 
76.000 6.640424e-01 0.000000e+00 1 
76.000 6.639055e-01 0.000000e+00 2 
76.000 6.639055e-01 0.000000e+00 1 
76.000 6.638263e-01 0.000000e+00 2 
76.000 6.638263e-01 0.000000e+00 1 
76.000 6.641543e-01 0.000000e+00 2 
76.000 6.641543e-01 0.000000e+00 1 
76.000 6.639361e-01 0.000000e+00 2 
76.000 6.639361e-01 0.000000e+00 1 
76.000 6.637879e-01 0.000000e+00 2 
76.000 6.637879e-01 0.000000e+00 1 
76.000 6.637323e-01 0.000000e+00 2 
76.000 6.637323e-01 0.000000e+00 1 
76.000 6.640679e-01 0.000000e+00 2 
76.000 6.640679e-01 0.000000e+00 1 
76.000 6.638146e-01 0.000000e+00 2 
76.000 6.638146e-01 0.000000e+00 1 
76.000 6.637077e-01 0.000000e+00 2 
76.000 6.637077e-01 0.000000e+00 1 
76.000 6.636434e-01 0.000000e+00 2 
76.000 6.636434e-01 0.000000e+00 1 
76.000 6.643490e-01 1.008021e-11 2 
76.000 6.643490e-01 1.008021e-11 1 
76.000 6.609926e-01 1.233627e-09 2 
76.000 6.609926e-01 1.233627e-09 1 
76.000 6.549690e-01 4.923908e-09 1 
76.000 6.514862e-01 1.045258e-08 1 
76.000 6.494671e-01 1.800587e-08 1 
76.000 6.488502e-01 2.756092e-08 1 
76.000 6.365563e-01 4.052200e-08 1 
76.000 6.339448e-01 5.440504e-08 1 
76.000 6.324930e-01 7.039267e-08 1 
76.000 6.292692e-01 8.829517e-08 1 
76.000 6.209744e-01 1.104311e-07 1 
76.000 6.207334e-01 1.327721e-07 1 
76.000 6.207283e-01 1.569807e-07 1 
76.000 6.158949e-01 1.833176e-07 1 
76.000 6.209918e-01 2.118055e-07 1 
76.000 6.041502e-01 2.483730e-07 1 
76.000 5.887899e-01 2.881067e-07 1 
76.000 5.911090e-01 3.307873e-07 1 
76.000 5.967630e-01 3.724756e-07 1 
76.000 5.912877e-01 4.208029e-07 1 
76.000 5.996794e-01 4.717494e-07 1 
76.000 5.901735e-01 5.306309e-07 1 
76.000 5.748992e-01 5.929743e-07 1 
76.000 5.832994e-01 6.638203e-07 1 
76.000 5.661044e-01 7.388681e-07 1 
76.000 5.960966e-01 8.119077e-07 1 
76.000 5.701933e-01 9.064577e-07 1 
76.000 5.770926e-01 1.000244e-06 1 
76.000 5.773956e-01 1.104903e-06 1 
76.000 5.807353e-01 1.215031e-06 1 
76.000 5.464705e-01 1.337825e-06 1 
76.000 5.799958e-01 1.466240e-06 1 
76.000 5.565543e-01 1.617172e-06 1 
76.000 5.725291e-01 1.766612e-06 1 
76.000 5.578691e-01 1.940548e-06 1 
76.000 5.651556e-01 2.122303e-06 1 
76.000 5.519724e-01 2.322718e-06 1 
76.000 5.647084e-01 2.541667e-06 1 
76.000 5.569385e-01 2.781202e-06 1 
76.000 5.468825e-01 3.042739e-06 1 
76.000 5.432553e-01 3.327760e-06 1 
76.000 5.629211e-01 3.625540e-06 1 
76.000 5.317594e-01 3.974010e-06 1 
76.000 5.527216e-01 4.338467e-06 1 
76.000 5.632402e-01 4.718911e-06 1 
76.000 5.536091e-01 5.173203e-06 1 
76.000 5.434285e-01 5.664245e-06 1 
76.000 5.424250e-01 6.192372e-06 1 
76.000 5.253828e-01 6.777509e-06 1 
76.000 5.337595e-01 7.407217e-06 1 
76.000 5.387871e-01 8.100139e-06 1 
76.000 5.402243e-01 8.862324e-06 1 
76.000 5.468155e-01 9.698827e-06 1 
76.000 5.107706e-01 1.065616e-05 1 
76.000 5.327363e-01 1.167972e-05 1 
76.000 5.198774e-01 1.281926e-05 1 
76.000 5.200545e-01 1.408243e-05 1 
76.000 5.233698e-01 1.548176e-05 1 
76.000 5.043647e-01 1.705157e-05 1 
76.000 5.179512e-01 1.875184e-05 1 
76.000 5.244484e-01 2.068009e-05 1 
76.000 4.974628e-01 2.285288e-05 1 
76.000 4.892133e-01 2.529341e-05 1 
76.000 5.039834e-01 2.802787e-05 1 
76.000 5.104977e-01 3.107783e-05 1 
76.000 4.885140e-01 3.458749e-05 1 
76.000 4.934459e-01 3.847982e-05 1 
76.000 4.756365e-01 4.299759e-05 1 
76.000 4.702666e-01 4.803005e-05 1 
76.000 4.834577e-01 5.385232e-05 1 
76.000 4.724827e-01 6.055364e-05 1 
76.000 4.669543e-01 6.822355e-05 1 
76.000 4.595177e-01 7.712966e-05 1 
76.000 4.438714e-01 8.747156e-05 1 
76.000 4.427393e-01 9.960739e-05 1 
76.000 4.299462e-01 1.138145e-04 1 
76.000 4.314946e-01 1.307042e-04 1 
76.000 4.224842e-01 1.508626e-04 1 
76.000 4.144972e-01 1.750585e-04 1 
76.000 3.984476e-01 2.042155e-04 1 
76.000 3.923416e-01 2.398216e-04 1 
76.000 3.822081e-01 2.837012e-04 1 
76.000 3.738878e-01 3.383431e-04 1 
76.000 3.585859e-01 4.069248e-04 1 
76.000 3.465643e-01 4.944035e-04 1 
76.000 3.356034e-01 6.073728e-04 1 
76.000 3.259032e-01 7.553512e-04 1 
76.000 3.086191e-01 9.521637e-04 1 
76.000 2.950565e-01 1.218399e-03 1 
76.000 2.754727e-01 1.586258e-03 1 
76.000 2.557075e-01 2.106736e-03 1 
76.000 2.331387e-01 2.863954e-03 1 
76.000 2.045893e-01 4.005512e-03 1 
76.000 1.608657e-01 5.804565e-03 1 
76.000 1.329359e-01 8.853828e-03 1 
76.000 4.523813e-01 1.444858e-02 1 
76.000 1.061232e+00 2.283362e-02 0 
76.000 8.175653e-01 2.212906e-02 2 
76.000 8.175653e-01 2.212906e-02 1 
76.000 7.237963e-01 3.086128e-02 2 
76.000 7.237963e-01 3.086128e-02 1 
76.000 1.914623e-01 3.819846e-02 1 
77.000 5.144176e-01 4.731400e-02 1 
77.000 6.701412e-01 5.919706e-02 2 
77.000 6.701412e-01 5.919706e-02 1 
77.000 3.819576e-01 7.241404e-02 1 
77.000 1.288849e-01 8.807573e-02 1 
77.000 2.404718e-01 1.117628e-01 1 
77.000 4.868994e-01 1.466318e-01 1 
77.000 5.483270e-01 1.898629e-01 1 
77.000 2.233736e-01 2.386695e-01 1 
77.000 1.271118e-01 2.764362e-01 1 
78.000 2.175078e-01 3.325894e-01 1 
78.000 2.381835e-01 4.171707e-01 1 
78.000 4.257295e-01 5.239869e-01 1 
78.000 2.819458e-01 5.783640e-01 1 
79.000 4.803667e-01 6.606920e-01 1 
79.000 2.901718e-01 7.630610e-01 1 
79.000 2.250021e-01 8.068222e-01 1 
80.000 3.411363e-01 8.709842e-01 1 
80.000 2.209781e-01 9.252974e-01 1 
81.000 2.491625e-01 9.668305e-01 1 
81.000 2.069173e-01 9.845136e-01 1 
82.000 3.052870e-01 9.966440e-01 1 
82.000 1.195999e-01 9.990507e-01 1 
83.000 2.267468e-01 9.999890e-01 1 
84.000 1.567055e-01 9.998563e-01 1 
