    0.11821089895562E+13
    0.12274342134428E+12
    0.17554442712084E+13
    0.11669502049209E+13
    0.10394949583711E+13
    0.65553925653089E+12
    0.21405299799281E+12
    0.56407424879422E+13
    0.41691028679815E+11
    0.56708922648401E+00
    0.11490816405757E+12
    0.36574356424921E-09
    0.87480789164964E+11
    0.38051746438675E+11
    0.32710788334316E+06
    0.54259619865049E+01
    0.21269128636303E+12
    0.11794857723135E+09
    0.57941264401981E+09
    0.11545042175015E+11
    0.26244328834794E+09
    0.64487538018919E+01
    0.47793118405252E-02
    0.17840573598761E-28
    0.15983186136051E+10
    0.19878865320350E+11
    0.40165080372746E+05
    0.34076726090049E-12
    0.12870065479579E+11
    0.22073731405932E+06
    0.30782071122710E+03
    0.28693234000414E+01
    0.75808311860113E+00
    0.62188809318676E+01
    0.20142769572723E+02
    0.65743666934732E+05
    0.61657067048084E+10
    0.13368903007010E+02
    0.15488006474695E+03
    0.60783678888109E+13
    0.26878431107289E+02
    0.56919630011861E+12
    0.30470473231158E+13
    0.48333026806473E-03
    0.22810430483776E+09
    0.83066894636794E+01
    0.22761006701864-313
    0.94696211964378E+08
   -0.46831098489692E-84
    0.27556176724215E-43
    0.42551408066703E-55
    0.47907808874603-125
    0.35736673578519-313
    0.19674282476929E-24
    0.78911106205546E+10
    0.45620345248428E+11
    0.19149180320474E+09
    0.72739844660461E+05
    0.40061219393605E+10
    0.17370696801933E+11
    0.11463856331296E+08
    0.65762128658258E+13
    0.19947395419966E+10
    0.11585620348166E+07
    0.31319700143119E-02
    0.52255639036806E+09
    0.15063341975457E+03
    0.11307096859714E+09
    0.41960526924463E+10
    0.56579930300112E+11
    0.91961717273039E+08
    0.10450015725120E+09
    0.31974871629031E+08
    0.51518504572606E+08
