  12.0   1.3848312144458955e-13   2.3466715859502659e-17   3.6086887886488132e-23   3.6056908240898003e-23   5.4706607022311495e-22   0.0000000000000000e+00   0.0000000000000000e+00 2 
  12.0   1.0286177290053301e-18   8.1529923636762441e-13   1.2546965418228092e-18   1.2193371524109196e-18   1.8507092899082674e-17   0.0000000000000000e+00   0.0000000000000000e+00 2 
  12.0   9.7347213817118158e-15   7.6474246331964126e-09   1.1807301286046974e-14   8.8506467743292309e-15   1.3463729514811714e-13   0.0000000000000000e+00   0.0000000000000000e+00 2 
  12.0   6.9645382218518981e-13   5.4620909993174411e-07   8.4472950625343261e-13   1.1008114541142555e-11   1.6968840350727588e-10   0.0000000000000000e+00   0.0000000000000000e+00 2 
  12.0   8.9190049861029921e-14   6.4712678453772721e-11   1.0817574310308906e-13   2.4018502074112781e-07   3.9745422910441584e-06   0.0000000000000000e+00   0.0000000000000000e+00 2 
  12.0   3.8281282052312116e-11   2.8892395664369114e-09   4.6422804009519288e-11   9.9805788679301362e-05   2.1420668052243830e-03   0.0000000000000000e+00   0.0000000000000000e+00 2 
  12.0   1.9143828533113775e-12   2.2343979926072779e-10   2.3203707664091172e-12   6.8179579463374244e-06   2.3950187123104793e-04   0.0000000000000000e+00   0.0000000000000000e+00 2 
  12.0   9.4029776279510717e-14   4.5027994121435520e-12   1.1385746607439942e-13   6.3873288660163071e-08   2.4263627997620053e-06   0.0000000000000000e+00   0.0000000000000000e+00 2 
  12.2   6.9420658343004474e-12   8.8732670845538704e-12   8.3848536685435296e-12   5.5152231143099984e-10   2.0699113237545773e-08   0.0000000000000000e+00   0.0000000000000000e+00 1 
  12.5   4.3290064567343380e-11   6.4805649236266974e-11   5.2088538570478306e-11   1.4493985119384964e-12   5.3742559913727529e-11   0.0000000000000000e+00   0.0000000000000000e+00 1 
  12.8   1.5644146470257609e-10   2.3641154056124122e-10   1.8704268285024442e-10   5.9574492693546731e-11   2.1811479289874554e-09   0.0000000000000000e+00   0.0000000000000000e+00 1 
  13.0   4.1646803137124348e-10   6.3381456053377236e-10   4.9305806810892929e-10   1.7185781122565296e-10   6.2063054058100894e-09   0.0000000000000000e+00   0.0000000000000000e+00 1 
  13.2   9.0904517076393931e-10   1.3899468758064000e-09   1.0610326377792301e-09   3.8176568018362940e-10   1.3574090507959076e-08   0.0000000000000000e+00   0.0000000000000000e+00 1 
  13.5   1.7237238084476257e-09   2.6467846483831097e-09   1.9732470036846668e-09   6.8287012297123323e-10   2.3840184902885006e-08   0.0000000000000000e+00   0.0000000000000000e+00 1 
  13.8   2.9178002836905052e-09   4.5163787955041994e-09   3.2707415101359828e-09   1.0209070236256285e-09   3.4861453465158148e-08   0.0000000000000000e+00   0.0000000000000000e+00 1 
  14.0   4.4798293237873135e-09   6.9872604941645165e-09   4.9098198630635834e-09   1.2732843052442044e-09   4.2310731888987552e-08   0.0000000000000000e+00   0.0000000000000000e+00 1 
  14.2   6.2962458335744574e-09   9.9314991427587476e-09   6.7170203135823426e-09   1.2665941428460465e-09   4.0689112988534881e-08   0.0000000000000000e+00   0.0000000000000000e+00 1 
  14.5   8.0879241019394374e-09   1.2978305308013170e-08   8.3634411758592138e-09   8.6622427034346858e-10   2.6682648878774708e-08   0.0000000000000000e+00   0.0000000000000000e+00 1 
  14.8   9.4023216454003360e-09   1.5495546167008242e-08   9.3901833759241049e-09   2.0660485986860417e-10   6.0415441194983104e-09   0.0000000000000000e+00   0.0000000000000000e+00 1 
  15.0   9.6825965240587369e-09   1.6654268586022085e-08   9.3194180752136900e-09   1.7276805705074275e-10   4.7385867406694888e-09   0.0000000000000000e+00   0.0000000000000000e+00 1 
  15.2   8.4674855307069229e-09   1.5654234966048237e-08   7.8632543852505217e-09   3.3138441554370556e-09   8.4039340466580904e-08   0.0000000000000000e+00   0.0000000000000000e+00 1 
  15.5   5.7367756396192737e-09   1.2144589438555787e-08   5.1912788551509690e-09   1.5482759928440642e-08   3.5699014459794281e-07   0.0000000000000000e+00   0.0000000000000000e+00 1 
  15.8   2.3134967860074534e-09   6.7706876398721830e-09   2.1344077351331924e-09   4.8676314307834934e-08   1.0005740902289977e-06   0.0000000000000000e+00   0.0000000000000000e+00 1 
  16.0   7.8779753078865756e-11   1.6252375264373912e-09   1.4093075767025431e-10   1.2580661907967211e-07   2.2534384005312420e-06   0.0000000000000000e+00   0.0000000000000000e+00 1 
  16.2   1.6134460768498857e-09   2.3294425280219585e-10   8.2120361274498146e-10   2.8837951787753369e-07   4.3836924098167659e-06   0.0000000000000000e+00   0.0000000000000000e+00 1 
  16.5   8.9599416389481830e-09   6.7585087523282008e-09   5.1111798045376668e-09   6.0778626987440491e-07   7.6048926448771253e-06   0.0000000000000000e+00   0.0000000000000000e+00 1 
  16.8   2.1710212791233975e-08   2.4587128359273976e-08   1.2403389652916412e-08   1.1981613793679913e-06   1.1912030473974976e-05   0.0000000000000000e+00   0.0000000000000000e+00 1 
  17.0   3.5583341842152907e-08   5.5351114196521074e-08   2.0348702851200895e-08   2.2170495409486505e-06   1.6811422929867267e-05   0.0000000000000000e+00   0.0000000000000000e+00 1 
  17.2   4.3401438009666988e-08   1.0050912394781626e-07   2.5771827540522374e-08   3.8015435450029564e-06   2.0963867396219100e-05   0.0000000000000000e+00   0.0000000000000000e+00 1 
  17.5   3.9529246303851830e-08   1.6842755604392375e-07   2.6437789930845667e-08   5.7887017593142995e-06   2.1955237916212433e-05   0.0000000000000000e+00   0.0000000000000000e+00 1 
  17.8   2.5427924885137651e-08   2.9239463402920455e-07   2.2482133992168686e-08   6.9530957807068972e-06   1.6975775287452563e-05   0.0000000000000000e+00   0.0000000000000000e+00 1 
  18.0   1.0103618229376886e-08   5.7544411904984014e-07   1.6185133642517135e-08   4.2833417739820728e-06   6.2138098810286427e-06   0.0000000000000000e+00   0.0000000000000000e+00 1 
  18.2   1.8209228518492798e-09   1.2894947513748608e-06   1.0134837094901307e-08   3.4225625595573138e-07   2.6694393982210855e-07   0.0000000000000000e+00   0.0000000000000000e+00 1 
  18.5   4.5323051269553064e-11   2.9181899764392818e-06   5.4977972489493761e-09   5.7325948711860398e-05   2.1064243832228222e-05   0.0000000000000000e+00   0.0000000000000000e+00 1 
  18.8   1.0204205565077883e-11   5.2643783784491164e-06   2.0451637562102396e-09   3.8319614697757446e-04   5.4731990325652106e-05   0.0000000000000000e+00   0.0000000000000000e+00 1 
  19.0   2.0053361573172819e-12   5.5393370904981140e-06   3.6600375428711677e-11   1.8852138512576473e-04   7.5361359196813576e-06   0.0000000000000000e+00   0.0000000000000000e+00 1 
  19.2   1.1285819981237002e-14   2.9621876985605141e-05   2.4120756611381070e-09   5.9336701072483400e-02   3.2220541837718581e-04   0.0000000000000000e+00   0.0000000000000000e+00 1 
  19.5   6.8600158410905845e-35   3.9757086957464625e-05   1.8686689749564065e-11   9.0088554151709188e-02   5.4490384601447147e-06   0.0000000000000000e+00   0.0000000000000000e+00 1 
  19.8   1.7287127033812332e-53   1.4712076629894711e-06   1.6307213913457041e-14   9.0094149496187381e-02   4.7456554251597804e-09   0.0000000000000000e+00   0.0000000000000000e+00 1 
  20.0   4.0311893515684364e-72   1.1444058557811265e-11   1.4199895595742054e-17   8.9858097378213514e-02   4.1343076026066228e-12   0.0000000000000000e+00   0.0000000000000000e+00 1 
  20.2   1.0656910556288702e-90   5.2635551391513607e-17   1.2365079271281536e-20   8.2408993359998253e-02   3.6000997724278097e-15   0.0000000000000000e+00   0.0000000000000000e+00 1 
  20.5  2.8065558610231614e-109   2.4186878343822210e-22   1.0767342342471473e-23   1.3898588552416579e-02   3.1349190270774369e-18   0.0000000000000000e+00   0.0000000000000000e+00 1 
  20.8  7.3920808562381628e-128   1.1114116318211584e-27   9.3760549247977782e-27   3.1603382687026201e-05   2.7298447519750169e-21   0.0000000000000000e+00   0.0000000000000000e+00 1 
  21.0  1.9469573411341982e-146   5.1070508403990333e-33   8.1645408071151911e-30   2.8548138177085075e-08   2.3771115955849634e-24   0.0000000000000000e+00   0.0000000000000000e+00 1 
  21.2  5.1279948623779277e-165   2.3467424050241644e-38   7.1095708298317741e-33   2.4886512245627748e-11   2.0699563709094501e-27   0.0000000000000000e+00   0.0000000000000000e+00 1 
  21.5  1.3506377196417791e-183   1.0783522798325766e-43   6.1909173557400712e-36   2.1671534671955814e-14   1.8024897886270634e-30   0.0000000000000000e+00   0.0000000000000000e+00 1 
  21.8  3.5573630183309462e-202   4.9551396732713655e-49   5.3909664342583393e-39   1.8871294914181347e-17   1.5695835350753779e-33   0.0000000000000000e+00   0.0000000000000000e+00 1 
  22.0  9.3695649901184657e-221   2.2769376613692496e-54   4.6943800773490407e-42   1.6432866805561514e-20   1.3667719446312248e-36   0.0000000000000000e+00   0.0000000000000000e+00 1 
  22.2  2.4677933810818690e-239   1.0462762819205112e-59   4.0878021741278720e-45   1.4309516401267716e-23   1.1901663765486048e-39   0.0000000000000000e+00   0.0000000000000000e+00 1 
  22.5  6.4998168858978528e-258   4.8077471627053737e-65   3.5596024053171238e-48   1.2460531804719921e-26   1.0363806554787254e-42   0.0000000000000000e+00   0.0000000000000000e+00 1 
  22.8  1.7119522925520426e-276   2.2092092862923326e-70   3.0996532474429051e-51   1.0850461224461501e-29   9.0246614609067096e-46   0.0000000000000000e+00   0.0000000000000000e+00 1 
  23.0  4.5090154479564685e-295   1.0151543967417100e-75   2.6991357911298273e-54   9.4484337128262455e-33   7.8585521693623138e-49   0.0000000000000000e+00   0.0000000000000000e+00 1 
  23.2  1.1876078530856843e-313   4.6647388982997329e-81   2.3503706503197146e-57   8.2275672691600619e-36   6.8431200955414084e-52   0.0000000000000000e+00   0.0000000000000000e+00 1 
  23.5   0.0000000000000000e+00   2.1434955174421653e-86   2.0466707203241174e-60   7.1644534137611439e-39   5.9588956887719368e-55   0.0000000000000000e+00   0.0000000000000000e+00 1 
  23.8   0.0000000000000000e+00   9.8495824385218616e-92   1.7822129615438730e-63   6.2387083616265492e-42   5.1889251297518666e-58   0.0000000000000000e+00   0.0000000000000000e+00 1 
  24.0   0.0000000000000000e+00   4.5259844690071595e-97   1.5519267504799138e-66   5.4325821906623595e-45   4.5184452637598197e-61   0.0000000000000000e+00   0.0000000000000000e+00 1 
  24.2   0.0000000000000000e+00  2.0797364295951716e-102   1.3513966573156914e-69   4.7306185106891884e-48   3.9346005369265894e-64   0.0000000000000000e+00   0.0000000000000000e+00 1 
  24.5   0.0000000000000000e+00  9.5566028699347193e-108   1.1767777859614208e-72   4.1193581078515770e-51   3.4261965081992181e-67   0.0000000000000000e+00   0.0000000000000000e+00 1 
  24.8   0.0000000000000000e+00  4.3913573428876239e-113   1.0247220533184782e-75   3.5870808822101292e-54   2.9834852109195035e-70   0.0000000000000000e+00   0.0000000000000000e+00 1 
  25.0   0.0000000000000000e+00  2.0178738800162387e-118   8.9231399426813290e-79   3.1235811305146009e-57   2.5979782486130257e-73   0.0000000000000000e+00   0.0000000000000000e+00 1 
  25.2   0.0000000000000000e+00  9.2723380898429040e-124   7.7701486153073276e-82   2.7199718655062338e-60   2.2622840413498219e-76   0.0000000000000000e+00   0.0000000000000000e+00 1 
  25.5   0.0000000000000000e+00  4.2607347517395791e-129   6.7661394858523120e-85   2.3685144198340866e-63   1.9699661020943236e-79   0.0000000000000000e+00   0.0000000000000000e+00 1 
  25.8   0.0000000000000000e+00  1.9578514554588881e-134   5.8918620233108040e-88   2.0624700674680844e-66   1.7154196256829089e-82   0.0000000000000000e+00   0.0000000000000000e+00 1 
  26.0   0.0000000000000000e+00  8.9965288735260826e-140   5.1305531277203858e-91   1.7959708176485606e-69   1.4937640241878461e-85   0.0000000000000000e+00   0.0000000000000000e+00 1 
  26.2   0.0000000000000000e+00  4.1339975791537743e-145   4.4676157201606928e-94   1.5639069040186994e-72   1.3007493481774786e-88   0.0000000000000000e+00   0.0000000000000000e+00 1 
  26.5   0.0000000000000000e+00  1.8996144207048625e-150   3.8903388633060884e-97   1.3618288116950639e-75   1.1326747996250891e-91   0.0000000000000000e+00   0.0000000000000000e+00 1 
  26.8   0.0000000000000000e+00  8.7289237070479818e-156  3.3876540462180197e-100   1.1858619637762183e-78   9.8631777406100746e-95   0.0000000000000000e+00   0.0000000000000000e+00 1 
  27.0   0.0000000000000000e+00  4.0110302518730186e-161  2.9499229604653709e-103   1.0326324315174336e-81   8.5887207144598636e-98   0.0000000000000000e+00   0.0000000000000000e+00 1 
  27.2   0.0000000000000000e+00  1.8431096686572983e-166  2.5687526984627273e-106   8.9920224376370748e-85  7.4789409104199199e-101   0.0000000000000000e+00   0.0000000000000000e+00 1 
  27.5   0.0000000000000000e+00  8.4692785578381720e-172  2.2368348307030256e-109   7.8301305528581669e-88  6.5125597863930965e-104   0.0000000000000000e+00   0.0000000000000000e+00 1 
  27.8   0.0000000000000000e+00  3.8917206344209977e-177  1.9478052764053854e-112   6.8183709393538843e-91  5.6710482780059114e-107   0.0000000000000000e+00   0.0000000000000000e+00 1 
  28.0   0.0000000000000000e+00  1.7882856719087729e-182  1.6961222807855697e-115   5.9373444609625192e-94  4.9382715286035463e-110   0.0000000000000000e+00   0.0000000000000000e+00 1 
  28.2   0.0000000000000000e+00  8.2173566521511604e-188  1.4769601593268014e-118   5.1701586143775867e-97  4.3001795249733911e-113   0.0000000000000000e+00   0.0000000000000000e+00 1 
  28.5   9.8036953033653946e-15   1.8700444854591149e-04   1.4618772769280685e-08   3.4492039126314324e+00   2.0433883303523949e-03   0.0000000000000000e+00   0.0000000000000000e+00 1 
  28.8   5.1189588678316108e-12   1.0894884120233206e-05   2.0736207326937437e-08   1.4122522008898314e-01   2.1001502426528473e-03   0.0000000000000000e+00   0.0000000000000000e+00 1 
  29.0   1.3847183739119308e-10   1.0897925244932274e-07   1.8510168928729767e-08   3.7232069100605371e-03   3.0126037024459087e-04   0.0000000000000000e+00   0.0000000000000000e+00 1 
  29.2   3.6541227915255342e-10   6.7781242309518083e-07   7.7150572496223002e-09   4.7675915752245780e-04   1.2198248045577017e-04   0.0000000000000000e+00   0.0000000000000000e+00 1 
  29.5   1.1063002067770437e-10   2.5206226662680614e-07   3.0461316630800409e-10   1.1401533643602588e-03   6.9986638327054849e-04   0.0000000000000000e+00   0.0000000000000000e+00 1 
  29.8   4.4120378522163155e-11   4.1606623046840524e-08   3.1999613872821967e-09   7.8187166217828156e-04   9.6639553550846601e-04   0.0000000000000000e+00   0.0000000000000000e+00 1 
  30.0   2.5528882221675173e-10   1.3600732089324292e-09   1.4541370747541405e-08   4.0764062847551704e-04   8.9491241080768224e-04   0.0000000000000000e+00   0.0000000000000000e+00 1 
  30.2   1.0580277119600955e-10   1.9840361126227833e-09   2.7293811919593696e-08   1.9509504763560079e-04   6.9109429052644942e-04   0.0000000000000000e+00   0.0000000000000000e+00 1 
  30.5   4.1270050133542358e-11   6.5012026938624579e-09   3.4399435562676826e-08   9.1315430145598599e-05   4.8338002283400080e-04   0.0000000000000000e+00   0.0000000000000000e+00 1 
  30.8   6.2760206505328509e-10   8.3063752396218675e-09   3.2779134262461690e-08   4.2821182055704830e-05   3.1795978612543448e-04   0.0000000000000000e+00   0.0000000000000000e+00 1 
  31.0   1.3874155647603043e-09   7.1002104944553198e-09   2.4233073436592366e-08   2.0296975062417699e-05   2.0042318505897317e-04   0.0000000000000000e+00   0.0000000000000000e+00 1 
  31.2   1.4783371786483316e-09   4.1426028810656011e-09   1.3397047526105262e-08   9.7463601723496200e-06   1.2227474479259895e-04   0.0000000000000000e+00   0.0000000000000000e+00 1 
  31.5   8.0432487040616000e-10   1.2654862047980094e-09   4.7236572451769668e-09   4.7380239179345099e-06   7.2600087177187049e-05   0.0000000000000000e+00   0.0000000000000000e+00 1 
  31.8   9.7504683878223286e-11   6.6989099895115915e-12   4.7255110705635730e-10   2.3271743072594919e-06   4.2085558284636431e-05   0.0000000000000000e+00   0.0000000000000000e+00 1 
  32.0   1.5851735890591828e-10   8.9157663916760004e-10   3.9075713114988661e-10   1.1519262240714828e-06   2.3864294024012589e-05   0.0000000000000000e+00   0.0000000000000000e+00 1 
  32.2   1.1978686455193782e-09   3.3411583513747675e-09   2.7423668656851941e-09   5.7304735551214164e-07   1.3252367625691448e-05   0.0000000000000000e+00   0.0000000000000000e+00 1 
  32.5   2.7848741778169654e-09   6.1800346116069190e-09   5.5722604466595623e-09   2.8572444830177770e-07   7.2129106976425094e-06   0.0000000000000000e+00   0.0000000000000000e+00 1 
  32.8   4.2383725954937228e-09   8.3109150041997880e-09   7.5389754632410541e-09   1.4242697109336554e-07   3.8500687942566077e-06   0.0000000000000000e+00   0.0000000000000000e+00 1 
  33.0   5.0457515850556815e-09   9.1497220836178683e-09   8.1429086007691484e-09   7.0814077398948617e-08   2.0165240881926574e-06   0.0000000000000000e+00   0.0000000000000000e+00 1 
  33.2   5.0522326047912229e-09   8.6915697201363185e-09   7.5339155684377188e-09   3.5040705070426129e-08   1.0367705781697407e-06   0.0000000000000000e+00   0.0000000000000000e+00 1 
  33.5   4.4119264355173783e-09   7.3193710003456598e-09   6.1753237740859672e-09   1.7213339537846525e-08   5.2315959334792406e-07   0.0000000000000000e+00   0.0000000000000000e+00 1 
  33.8   3.4247273148928145e-09   5.5409079454976934e-09   4.5596226929344942e-09   8.3634851678972620e-09   2.5867840820718625e-07   0.0000000000000000e+00   0.0000000000000000e+00 1 
  34.0   2.3829119930931302e-09   3.7901373968721029e-09   3.0518521710049081e-09   3.9928726678773596e-09   1.2474386784577218e-07   0.0000000000000000e+00   0.0000000000000000e+00 1 
  34.2   1.4855175226131721e-09   2.3362898730084770e-09   1.8475181185521849e-09   1.8503668774097659e-09   5.8053242399096621e-08   0.0000000000000000e+00   0.0000000000000000e+00 1 
  34.5   8.2141165317769111e-10   1.2825188862814404e-09   9.9987009963987618e-10   8.1355431808279062e-10   2.5467908833901955e-08   0.0000000000000000e+00   0.0000000000000000e+00 1 
  34.8   3.9347675968132465e-10   6.1141665726723282e-10   4.7181533180310268e-10   3.2602102500905121e-10   1.0156404921815962e-08   0.0000000000000000e+00   0.0000000000000000e+00 1 
  35.0   1.5592472468124313e-10   2.4125004041239316e-10   1.8512674551907697e-10   1.1028022464680361e-10   3.4136662306050254e-09   0.0000000000000000e+00   0.0000000000000000e+00 1 
  35.2   4.6705701900771524e-11   7.1725760319804674e-11   5.5122078599977987e-11   2.6677636817596223e-11   8.1986474668089877e-10   0.0000000000000000e+00   0.0000000000000000e+00 1 
  35.5   8.8044747832099989e-12   1.3215576997870999e-11   1.0357567139324092e-11   2.7660953193879287e-12   8.4371041080697700e-11   0.0000000000000000e+00   0.0000000000000000e+00 1 
  35.8   8.0422311243291846e-13   1.0899392752385122e-12   9.4460047070399458e-13   2.9705300248828844e-14   8.9926363009039438e-13   0.0000000000000000e+00   0.0000000000000000e+00 1 
  36.0   3.5463078681422176e-13   4.4585037623428724e-13   4.1610670664476094e-13   1.4417149814963939e-13   4.3322072570761745e-12   0.0000000000000000e+00   0.0000000000000000e+00 1 
  36.2   4.1067105287017587e-12   6.0942553452318523e-12   4.8110470527489151e-12   1.1086490670388951e-12   3.3069309142552427e-11   0.0000000000000000e+00   0.0000000000000000e+00 1 
  36.5   2.6565196189645380e-11   4.1085680518611830e-11   3.1026162767848714e-11   1.6910655113478727e-11   5.0062514607849446e-10   0.0000000000000000e+00   0.0000000000000000e+00 1 
  36.8   9.8901168309400644e-11   1.5513225568072997e-10   1.1486820060065509e-10   7.5495927088123382e-11   2.2168392865953390e-09   0.0000000000000000e+00   0.0000000000000000e+00 1 
  37.0   2.6735397927404992e-10   4.2235868800795918e-10   3.0772939850366149e-10   2.1055369288705311e-10   6.1250415015213864e-09   0.0000000000000000e+00   0.0000000000000000e+00 1 
  37.2   5.8966524820125949e-10   9.3618437585782405e-10   6.6970790287569734e-10   4.4433492849161278e-10   1.2780034629730728e-08   0.0000000000000000e+00   0.0000000000000000e+00 1 
  37.5   1.1241075041357500e-09   1.7969498219462711e-09   1.2564236238516922e-09   7.6237880047732130e-10   2.1616935136357650e-08   0.0000000000000000e+00   0.0000000000000000e+00 1 
  37.8   1.9091429847705966e-09   3.0720419093253967e-09   2.0972250999209516e-09   1.0874310568662033e-09   3.0273529242623597e-08   0.0000000000000000e+00   0.0000000000000000e+00 1 
  38.0   2.9445113884999770e-09   4.7824516009294386e-09   3.1655137124488644e-09   1.2698289088456199e-09   3.4523417447171577e-08   0.0000000000000000e+00   0.0000000000000000e+00 1 
  38.2   4.1497329517835089e-09   6.8345543161804401e-09   4.3471443663253372e-09   1.1267130179052258e-09   2.9710704202280076e-08   0.0000000000000000e+00   0.0000000000000000e+00 1 
  38.5   5.3324791685387635e-09   8.9720444605283674e-09   5.4214869306974955e-09   5.8504521751646483e-10   1.4836027711797282e-08   0.0000000000000000e+00   0.0000000000000000e+00 1 
  38.8   6.1797662899508571e-09   1.0750292398030201e-08   6.0782660292772251e-09   1.8032873659687769e-11   4.3521913558579840e-10   0.0000000000000000e+00   0.0000000000000000e+00 1 
  39.0   6.3079329884989481e-09   1.1579436097904731e-08   5.9944559532610400e-09   9.1840428363103523e-10   2.0834154723513805e-08   0.0000000000000000e+00   0.0000000000000000e+00 1 
  39.2   5.4084495962218920e-09   1.0884941401855160e-08   4.9815246708035058e-09   7.1356801344092328e-09   1.4991971957248444e-07   0.0000000000000000e+00   0.0000000000000000e+00 1 
  39.5   3.5002991700157609e-09   8.4113713773911067e-09   3.1747923626013818e-09   2.7031758458653888e-08   5.1695014896446675e-07   0.0000000000000000e+00   0.0000000000000000e+00 1 
  39.8   1.2248780082588399e-09   4.6228953642072356e-09   1.1777528937585729e-09   7.7086217781832413e-08   1.3150177951613767e-06   0.0000000000000000e+00   0.0000000000000000e+00 1 
  40.0   6.9218316969364394e-13   1.0382040634133828e-09   2.6355229082592913e-11   1.8766784163665867e-07   2.7897568313893893e-06   0.0000000000000000e+00   0.0000000000000000e+00 1 
  40.2   1.7510686891278871e-09   2.3367989897329565e-10   8.5593991916026082e-10   4.1164538815639437e-07   5.1903540152849309e-06   0.0000000000000000e+00   0.0000000000000000e+00 1 
  40.5   7.9714399229756284e-09   5.2902488050738213e-09   4.2887791940301816e-09   8.3534727516491757e-07   8.6602944894962246e-06   0.0000000000000000e+00   0.0000000000000000e+00 1 
  40.8   1.8286680025532181e-08   1.8808977775872375e-08   9.8292346056827194e-09   1.5862490848218288e-06   1.3045883314335843e-05   0.0000000000000000e+00   0.0000000000000000e+00 1 
  41.0   2.9364009414866206e-08   4.2306310765714517e-08   1.5731113157887888e-08   2.8147067424540647e-06   1.7620601202884281e-05   0.0000000000000000e+00   0.0000000000000000e+00 1 
  41.2   3.5619533253576721e-08   7.7584796064802564e-08   1.9679637278791185e-08   4.5802038595669144e-06   2.0804149732629930e-05   0.0000000000000000e+00   0.0000000000000000e+00 1 
  41.5   3.2566868711342651e-08   1.3239227895238988e-07   2.0081712864366178e-08   6.4797571320885778e-06   2.0192519221984688e-05   0.0000000000000000e+00   0.0000000000000000e+00 1 
  41.8   2.1157404433397201e-08   2.3478227154648834e-07   1.7075566664235942e-08   6.8657706794393014e-06   1.3737491984792801e-05   0.0000000000000000e+00   0.0000000000000000e+00 1 
  42.0   8.4613810860913099e-09   4.6823172055571465e-07   1.2324562141131590e-08   2.9376486537890322e-06   3.4832572655533836e-06   0.0000000000000000e+00   0.0000000000000000e+00 1 
  42.2   1.4493498763835999e-09   1.0444482206242587e-06   7.6744165701389670e-09   2.3524998190752621e-06   1.4948613215650056e-06   0.0000000000000000e+00   0.0000000000000000e+00 1 
  42.5   1.2218451489704463e-11   2.3240286013809886e-06   3.9480370567464580e-09   8.6708411677804406e-05   2.5819485118630486e-05   0.0000000000000000e+00   0.0000000000000000e+00 1 
  42.8   3.4856892588129421e-11   4.2253466189984896e-06   1.1140106878524827e-09   4.8129818288376896e-04   5.5084249383867252e-05   0.0000000000000000e+00   0.0000000000000000e+00 1 
  43.0   7.8771074739147805e-12   5.3771211607325313e-06   7.9005538645652328e-11   2.6583142252380941e-04   8.2867835721672171e-06   0.0000000000000000e+00   0.0000000000000000e+00 1 
  43.2   7.9056108910961490e-14   3.6830477174968238e-05   4.8702568787598365e-09   5.9606100401052083e-02   2.3344956093277963e-04   0.0000000000000000e+00   0.0000000000000000e+00 1 
  43.5   3.2778158870111157e-35   3.6198604838491352e-05   6.8624481940650089e-12   1.0276849898837967e-01   2.6572951092759230e-06   0.0000000000000000e+00   0.0000000000000000e+00 1 
  43.8   4.8640058324830731e-53   1.8823711007422168e-06   2.2867922781403011e-14   1.0276048638071755e-01   8.8342553830456101e-09   0.0000000000000000e+00   0.0000000000000000e+00 1 
  44.0   1.0811274698536843e-71   1.5932325853366900e-11   7.6024060147825345e-17   1.0265444938303601e-01   2.9386676537681139e-11   0.0000000000000000e+00   0.0000000000000000e+00 1 
  44.2   2.8766875438833769e-90   7.3238059490506345e-17   2.5274600443000238e-19   1.0086952338988465e-01   9.7697553587989386e-14   0.0000000000000000e+00   0.0000000000000000e+00 1 
  44.5  7.5722670268649510e-109   3.3648598360010626e-22   8.4026664347434382e-22   7.6079803207239172e-02   3.2480100014779076e-16   0.0000000000000000e+00   0.0000000000000000e+00 1 
  44.8  1.9944770961544166e-127   1.5458655370299301e-27   2.7935083322775352e-24   7.0665906969039783e-03   1.0798171117987170e-18   0.0000000000000000e+00   0.0000000000000000e+00 1 
  45.0  5.2531356856519042e-146   7.1019536712415566e-33   9.2871576402931812e-27   4.1445693954015502e-05   3.5899058144531232e-21   0.0000000000000000e+00   0.0000000000000000e+00 1 
  45.2  1.3835927592598298e-164   3.2627505731307328e-38   3.0875618323414106e-29   1.4315529226727237e-07   1.1934820753241317e-23   0.0000000000000000e+00   0.0000000000000000e+00 1 
  45.5  3.6441437671466103e-183   1.4989595691808269e-43   1.0264753154475205e-31   4.7698733658672292e-10   3.9677906267115083e-26   0.0000000000000000e+00   0.0000000000000000e+00 1 
  45.8  9.5980943793189680e-202   6.8864589502049327e-49   3.4125683320314123e-34   1.5859718009419969e-12   1.3191117640216560e-28   0.0000000000000000e+00   0.0000000000000000e+00 1 
  46.0  2.5279801037240022e-220   3.1637488995403771e-54   1.1345253456685401e-36   5.2726813144112148e-15   4.3854527864100331e-31   0.0000000000000000e+00   0.0000000000000000e+00 1 
  46.2  6.6582785732036496e-239   1.4534766229942868e-59   3.7717860412719821e-39   1.7529299233139219e-17   1.4579656300839933e-33   0.0000000000000000e+00   0.0000000000000000e+00 1 
  46.5  1.7536854777916996e-257   6.6775030530917526e-65   1.2539490629670519e-41   5.8277030161304102e-20   4.8470793827569639e-36   0.0000000000000000e+00   0.0000000000000000e+00 1 
  46.8  4.6189180069860382e-276   3.0677512330576729e-70   4.1688161399146843e-44   1.9374489079539824e-22   1.6114356921702038e-38   0.0000000000000000e+00   0.0000000000000000e+00 1 
  47.0  1.2165498729096084e-294   1.4093737663737737e-75   1.3859436975287770e-46   6.4411454316081809e-25   5.3572982510615711e-41   0.0000000000000000e+00   0.0000000000000000e+00 1 
  47.2  3.2041887454944426e-313   6.4748875069849077e-81   4.6076388793655524e-49   2.1413908928179490e-27   1.7810604971877534e-43   0.0000000000000000e+00   0.0000000000000000e+00 1 
  47.5   0.0000000000000000e+00   2.9746664247850132e-86   1.5318325037659398e-51   7.1191607215090891e-30   5.9212243671782146e-46   0.0000000000000000e+00   0.0000000000000000e+00 1 
  47.8   0.0000000000000000e+00   1.3666091232024664e-91   5.0926534848513803e-54   2.3668004542584796e-32   1.9685405443456194e-48   0.0000000000000000e+00   0.0000000000000000e+00 1 
  48.0   0.0000000000000000e+00   6.2784199265401442e-97   1.6930780260249505e-56   7.8685460399194684e-35   6.5445111254571100e-51   0.0000000000000000e+00   0.0000000000000000e+00 1 
  48.2   0.0000000000000000e+00  2.8844060898446295e-102   5.6287222579257592e-59   2.6159373372999481e-37   2.1757553327645482e-53   0.0000000000000000e+00   0.0000000000000000e+00 1 
  48.5   0.0000000000000000e+00  1.3251420880525814e-107   1.8712967606846206e-61   8.6968140212470476e-40   7.2334070143745624e-56   0.0000000000000000e+00   0.0000000000000000e+00 1 
  48.8   0.0000000000000000e+00  6.0879137639850578e-113   6.2212193213442011e-64   2.8912991546741573e-42   2.4047822035725991e-58   0.0000000000000000e+00   0.0000000000000000e+00 1 
  49.0   0.0000000000000000e+00  2.7968845252038989e-118   2.0682753616324572e-66   9.6122681034643860e-45   7.9948182580174615e-61   0.0000000000000000e+00   0.0000000000000000e+00 1 
  49.2   0.0000000000000000e+00  1.2849332875898083e-123   6.8760844949790712e-69   3.1956464257082941e-47   2.6579171653787988e-63   0.0000000000000000e+00   0.0000000000000000e+00 1 
  49.5   0.0000000000000000e+00  5.9031881319328933e-129   2.2859885515811150e-71   1.0624085770622258e-49   8.8363780514092569e-66   0.0000000000000000e+00   0.0000000000000000e+00 1 
  49.8   0.0000000000000000e+00  2.7120186283282742e-134   7.5998828428822192e-74   3.5320302507033760e-52   2.9376979119023847e-68   0.0000000000000000e+00   0.0000000000000000e+00 1 
  50.0   0.0000000000000000e+00  1.2459445431892828e-139   2.5266189187862175e-76   1.1742410557697379e-54   9.7665230837642336e-71   0.0000000000000000e+00   0.0000000000000000e+00 1 
  50.2   0.0000000000000000e+00  5.7240676317066839e-145   8.3998704884606038e-79   3.9038228984042359e-57   3.2469292625099097e-73   0.0000000000000000e+00   0.0000000000000000e+00 1 
  50.5   0.0000000000000000e+00  2.6297278182662963e-150   2.7925787976291261e-81   1.2978453740160996e-59   1.0794578116821133e-75   0.0000000000000000e+00   0.0000000000000000e+00 1 
  50.8   0.0000000000000000e+00  1.2081388346718071e-155   9.2840673575636428e-84   4.3147516132033265e-62   3.5887112807034360e-78   0.0000000000000000e+00   0.0000000000000000e+00 1 
  51.0   0.0000000000000000e+00  5.5503821867231498e-161   3.0865344524192575e-86   1.4344606727711644e-64   1.1930849466158480e-80   0.0000000000000000e+00   0.0000000000000000e+00 1 
  51.2   0.0000000000000000e+00  2.5499339591265705e-166   1.0261337578738656e-88   4.7689359809972100e-67   3.9664703524500530e-83   0.0000000000000000e+00   0.0000000000000000e+00 1 
  51.5   0.0000000000000000e+00  1.1714802651713838e-171   3.4114328068589912e-91   1.5854565288927735e-69   1.3186728322649096e-85   0.0000000000000000e+00   0.0000000000000000e+00 1 
  51.8   0.0000000000000000e+00  5.3819668810445736e-177   1.1341478346670134e-93   5.2709292282911131e-72   4.3839935359139644e-88   0.0000000000000000e+00   0.0000000000000000e+00 1 
  52.0   0.0000000000000000e+00  2.4725612859025146e-182   3.7705309871374429e-96   1.7523466852198012e-74   1.4574804949856273e-90   0.0000000000000000e+00   0.0000000000000000e+00 1 
  52.2   0.0000000000000000e+00  1.1359340270355021e-187   1.2535318139664799e-98   5.8257638685777011e-77   4.8454665269497494e-93   0.0000000000000000e+00   0.0000000000000000e+00 1 
  52.5   6.6544624016505066e-14   1.4380792157424595e-04   2.0171325564512036e-08   2.8256702514578773e+00   1.5215040229455534e-03   0.0000000000000000e+00   0.0000000000000000e+00 1 
  52.8   1.5995759132341105e-11   7.6555203276159687e-06   2.6310563841346517e-08   1.2942705572966681e-01   1.6715491771866495e-03   0.0000000000000000e+00   0.0000000000000000e+00 1 
  53.0   2.2276448649467516e-10   2.6652912916838410e-08   2.1178060662193916e-08   5.3720633872226340e-03   3.7022199945647874e-04   0.0000000000000000e+00   0.0000000000000000e+00 1 
  53.2   4.6047655002754794e-10   3.9839875610820450e-07   8.7987089666022418e-09   9.0589930727015148e-05   1.9500637101941857e-05   0.0000000000000000e+00   0.0000000000000000e+00 1 
  53.5   1.3968392480465787e-10   1.7098930437722153e-07   6.1401665220534218e-10   7.2150636670795200e-04   3.6934807223775910e-04   0.0000000000000000e+00   0.0000000000000000e+00 1 
  53.8   2.6813111883605803e-11   3.0469360569667458e-08   2.1032485990296561e-09   6.2119817192031696e-04   6.3697781606790872e-04   0.0000000000000000e+00   0.0000000000000000e+00 1 
  54.0   1.9324550525912334e-10   9.1888908770519997e-10   1.1323158851505505e-08   3.6607882451000914e-04   6.6525725108817146e-04   0.0000000000000000e+00   0.0000000000000000e+00 1 
  54.2   6.9480657218467861e-11   1.8453024438675296e-09   2.2135461216816434e-08   1.9009765996320636e-04   5.5735264683186595e-04   0.0000000000000000e+00   0.0000000000000000e+00 1 
  54.5   5.3376118906462581e-11   5.7549899889989695e-09   2.8506222777648176e-08   9.4327774710359374e-05   4.1379756034001835e-04   0.0000000000000000e+00   0.0000000000000000e+00 1 
  54.8   6.0552510296430261e-10   7.2742182147055114e-09   2.7732841111748497e-08   4.6176088738577921e-05   2.8473685667985607e-04   0.0000000000000000e+00   0.0000000000000000e+00 1 
  55.0   1.3029442124355539e-09   6.2286584747980470e-09   2.1114155342068922e-08   2.2595908682232815e-05   1.8577688765954837e-04   0.0000000000000000e+00   0.0000000000000000e+00 1 
  55.2   1.4252683302702031e-09   3.7215654963357444e-09   1.2301114528916944e-08   1.1108581204648673e-05   1.1637601575080182e-04   0.0000000000000000e+00   0.0000000000000000e+00 1 
  55.5   8.5998888090965333e-10   1.2493934871418716e-09   4.8926656606756133e-09   5.4932282016170062e-06   7.0505290705679381e-05   0.0000000000000000e+00   0.0000000000000000e+00 1 
  55.8   1.7817192697927460e-10   3.7043243587481023e-11   8.1613375888512871e-10   2.7305138546266850e-06   4.1494530764112849e-05   0.0000000000000000e+00   0.0000000000000000e+00 1 
  56.0   3.9851342175874963e-11   5.1403142745756908e-10   6.9419350247554895e-11   1.3620810352335039e-06   2.3789219185258138e-05   0.0000000000000000e+00   0.0000000000000000e+00 1 
  56.2   6.6442207692681343e-10   2.2565459370236964e-09   1.4198587167540599e-09   6.8045526418143458e-07   1.3309897783835802e-05   0.0000000000000000e+00   0.0000000000000000e+00 1 
  56.5   1.7663490370991236e-09   4.3728603040740091e-09   3.3825862790807992e-09   3.3967733388256735e-07   7.2764090062910314e-06   0.0000000000000000e+00   0.0000000000000000e+00 1 
  56.8   2.8406187601722516e-09   6.0148455872307550e-09   4.8827757725802542e-09   1.6906866303623648e-07   3.8907105774672636e-06   0.0000000000000000e+00   0.0000000000000000e+00 1 
  57.0   3.4850596843175033e-09   6.7136907397735525e-09   5.4642033030408810e-09   8.3738405807117306e-08   2.0364768265479078e-06   0.0000000000000000e+00   0.0000000000000000e+00 1 
  57.2   3.5567641361015969e-09   6.4393392048360043e-09   5.1707917212383836e-09   4.1194842033732520e-08   1.0441866411759950e-06   0.0000000000000000e+00   0.0000000000000000e+00 1 
  57.5   3.1474539532570224e-09   5.4628780413767760e-09   4.3053501681334264e-09   2.0087185941589137e-08   5.2461010070303293e-07   0.0000000000000000e+00   0.0000000000000000e+00 1 
  57.8   2.4672164361061982e-09   4.1602312081195492e-09   3.2158988300347871e-09   9.6784771440761640e-09   2.5799843167887714e-07   0.0000000000000000e+00   0.0000000000000000e+00 1 
  58.0   1.7295261693728108e-09   2.8597462968858935e-09   2.1715116248756638e-09   4.5816989250434482e-09   1.2372298015387911e-07   0.0000000000000000e+00   0.0000000000000000e+00 1 
  58.2   1.0843867052392499e-09   1.7699073657911361e-09   1.3235166582089331e-09   2.1076421881487102e-09   5.7315593847753813e-08   0.0000000000000000e+00   0.0000000000000000e+00 1 
  58.5   6.0213165780020334e-10   9.7459094707407516e-10   7.1989038299881667e-10   9.2282423159521983e-10   2.5155255492026194e-08   0.0000000000000000e+00   0.0000000000000000e+00 1 
  58.8   2.8914173189610435e-10   4.6541282705985087e-10   3.4075472198232911e-10   3.7017677265615397e-10   1.0068145756170010e-08   0.0000000000000000e+00   0.0000000000000000e+00 1 
  59.0   1.1453192605769894e-10   1.8348320526086271e-10   1.3371849123904557e-10   1.2680279967430614e-10   3.4356211799328102e-09   0.0000000000000000e+00   0.0000000000000000e+00 1 
  59.2   3.4071530943035131e-11   5.4166121884369103e-11   3.9559594663803732e-11   3.2035273513043865e-11   8.6387651337329019e-10   0.0000000000000000e+00   0.0000000000000000e+00 1 
  59.5   6.2440731868192517e-12   9.7009044065404150e-12   7.2292552781750855e-12   4.0043690274494006e-12   1.0743255802740191e-10   0.0000000000000000e+00   0.0000000000000000e+00 1 
  59.8   4.9957650977162602e-13   6.9488586165198732e-13   5.7768913252607527e-13   7.3539580701705774e-15   1.9627798741568228e-13   0.0000000000000000e+00   0.0000000000000000e+00 1 
  60.0   2.0003740147550049e-13   2.5396206271351906e-13   2.3115443907707054e-13   1.9715671046226650e-14   5.2352455360918074e-13   0.0000000000000000e+00   0.0000000000000000e+00 1 
  60.2   2.8794569129104550e-12   4.4207391840295580e-12   3.3232447092746711e-12   1.7534310595339712e-12   4.6322398653653161e-11   0.0000000000000000e+00   0.0000000000000000e+00 1 
  60.5   1.9659727123566331e-11   3.1442937273755423e-11   2.2628065238623904e-11   1.9842632628912658e-11   5.2140530688996846e-10   0.0000000000000000e+00   0.0000000000000000e+00 1 
  60.8   7.4591705144672344e-11   1.2090320505807136e-10   8.5408782278957615e-11   8.3201389017770878e-11   2.1731671693580345e-09   0.0000000000000000e+00   0.0000000000000000e+00 1 
  61.0   2.0365593633164093e-10   3.3230088535342552e-10   2.3118844015180507e-10   2.2557692763365576e-10   5.8491535839701795e-09   0.0000000000000000e+00   0.0000000000000000e+00 1 
  61.2   4.5204717238246014e-10   7.4122716510824798e-10   5.0665259596667034e-10   4.6643793395024587e-10   1.1982182069915644e-08   0.0000000000000000e+00   0.0000000000000000e+00 1 
  61.5   8.6356532021451128e-10   1.4253760808254911e-09   9.5552188555518899e-10   7.8372515210867875e-10   1.9885572894417062e-08   0.0000000000000000e+00   0.0000000000000000e+00 1 
  61.8   1.4718635189889643e-09   2.4466830846244129e-09   1.6014647537371377e-09   1.0876140743769334e-09   2.7143935365698386e-08   0.0000000000000000e+00   0.0000000000000000e+00 1 
  62.0   2.2755277011295519e-09   3.8219972084088701e-09   2.4244862149554745e-09   1.2162055067552417e-09   2.9692350108801522e-08   0.0000000000000000e+00   0.0000000000000000e+00 1 
  62.2   3.2102649225073516e-09   5.4776216641407457e-09   3.3354107304392159e-09   9.9166495574366568e-10   2.3518149313889129e-08   0.0000000000000000e+00   0.0000000000000000e+00 1 
  62.5   4.1221909573928582e-09   7.2070475049410326e-09   4.1605299118984810e-09   4.0145335968717453e-10   9.1684933368740357e-09   0.0000000000000000e+00   0.0000000000000000e+00 1 
  62.8   4.7609130380067927e-09   8.6486634010580472e-09   4.6547590840200810e-09   8.9437692495723346e-12   1.9463004393283079e-10   0.0000000000000000e+00   0.0000000000000000e+00 1 
  63.0   4.8214884076836352e-09   9.3202976445772387e-09   4.5639239619960099e-09   1.7582894296682266e-09   3.5999310605858709e-08   0.0000000000000000e+00   0.0000000000000000e+00 1 
  63.2   4.0657525174335324e-09   8.7510014971874012e-09   3.7444828535989681e-09   1.0430345280995738e-08   1.9792119203848131e-07   0.0000000000000000e+00   0.0000000000000000e+00 1 
  63.5   2.5320323789289077e-09   6.7323579019547281e-09   2.3177012938109064e-09   3.6139448880443362e-08   6.2447785011217768e-07   0.0000000000000000e+00   0.0000000000000000e+00 1 
  63.8   7.7949062569225738e-10   3.6516724814185907e-09   7.8636382806197214e-10   9.8427882507490508e-08   1.5173965888104159e-06   0.0000000000000000e+00   0.0000000000000000e+00 1 
  64.0   1.3247187454940990e-11   7.7266136476174477e-10   2.1657087966619120e-12   2.3263295956462631e-07   3.1246902712991003e-06   0.0000000000000000e+00   0.0000000000000000e+00 1 
  64.2   1.8486970774955339e-09   2.4323536533482758e-10   8.8587479239711906e-10   4.9892420668061684e-07   5.6815548054416618e-06   0.0000000000000000e+00   0.0000000000000000e+00 1 
  64.5   7.5185729200356699e-09   4.6471946218113012e-09   3.9208368560481537e-09   9.9257880345390940e-07   9.2866537456941187e-06   0.0000000000000000e+00   0.0000000000000000e+00 1 
  64.8   1.6650045688523412e-08   1.6212449605392087e-08   8.6602819723651398e-09   1.8472890366842842e-06   1.3696696109279899e-05   0.0000000000000000e+00   0.0000000000000000e+00 1 
  65.0   2.6343532101605934e-08   3.6368123212025252e-08   1.3627606207528804e-08   3.2029139773240279e-06   1.8053459523587884e-05   0.0000000000000000e+00   0.0000000000000000e+00 1 
  65.2   3.1770676562037532e-08   6.7011918938879150e-08   1.6895458436269290e-08   5.0585127445715486e-06   2.0658003468744790e-05   0.0000000000000000e+00   0.0000000000000000e+00 1 
  65.5   2.9025957088781663e-08   1.1550650649824455e-07   1.7159519429899117e-08   6.8495224209934043e-06   1.9161006618619757e-05   0.0000000000000000e+00   0.0000000000000000e+00 1 
  65.8   1.8878759130155780e-08   2.0733676089556132e-07   1.4560159479124572e-08   6.6976975480867280e-06   1.2010751323007118e-05   0.0000000000000000e+00   0.0000000000000000e+00 1 
  66.0   7.5027788176150097e-09   4.1679188601331793e-07   1.0486895408094230e-08   2.1507177780767750e-06   2.2816761600043013e-06   0.0000000000000000e+00   0.0000000000000000e+00 1 
  66.2   1.2016189471642997e-09   9.2862261501559025e-07   6.4590917224951962e-09   4.5961626183583371e-06   2.6076466260042510e-06   0.0000000000000000e+00   0.0000000000000000e+00 1 
  66.5   6.9589333471535996e-13   2.0535313686610353e-06   3.1612738863819033e-09   1.0798362187832917e-04   2.8615375203099001e-05   0.0000000000000000e+00   0.0000000000000000e+00 1 
  66.8   6.4057372519680257e-11   3.7746232396335306e-06   6.9148653125766650e-10   5.4770917280294856e-04   5.5419177366786337e-05   0.0000000000000000e+00   0.0000000000000000e+00 1 
  67.0   1.4273410087745791e-11   5.3458518762991096e-06   3.0219828529410460e-10   3.2842208535893534e-04   8.9154168540859804e-06   0.0000000000000000e+00   0.0000000000000000e+00 1 
  67.2   1.5432788954488953e-13   4.0419438206557209e-05   6.4463019285342501e-09   5.8638788988972151e-02   1.9169313041752091e-04   0.0000000000000000e+00   0.0000000000000000e+00 1 
  67.5   7.2580553854824033e-36   3.4633342531552864e-05   3.7315126942692035e-12   1.0895570944171248e-01   1.6979521155035940e-06   0.0000000000000000e+00   0.0000000000000000e+00 1 
  67.8   7.5794449567028472e-53   2.1498422926927601e-06   1.8960462978795281e-14   1.0893911596877173e-01   8.6054451709714542e-09   0.0000000000000000e+00   0.0000000000000000e+00 1 
  68.0   1.6822987321162363e-71   1.9094844059149899e-11   9.6099649871231942e-17   1.0884524546274130e-01   4.3640697164820706e-11   0.0000000000000000e+00   0.0000000000000000e+00 1 
  68.2   4.4874356394948465e-90   8.7757074282798583e-17   4.8708398631227385e-19   1.0756329130795002e-01   2.2119418234990109e-13   0.0000000000000000e+00   0.0000000000000000e+00 1 
  68.5  1.1808571749769100e-108   4.0315121255321714e-22   2.4687970189720203e-21   9.1713085687728180e-02   1.1211312666619955e-15   0.0000000000000000e+00   0.0000000000000000e+00 1 
  68.8  3.1103681090189837e-127   1.8518887898689758e-27   1.2513158683203641e-23   2.1277657191093629e-02   5.6824815213959417e-18   0.0000000000000000e+00   0.0000000000000000e+00 1 
  69.0  8.1921687903474141e-146   8.5067661406522573e-33   6.3423253548258212e-26   3.1031127219334460e-04   2.8801798220461286e-20   0.0000000000000000e+00   0.0000000000000000e+00 1 
  69.2  2.1576788604714886e-164   3.9076341403127805e-38   3.2146232571037807e-28   1.7411615939753354e-06   1.4598262502462208e-22   0.0000000000000000e+00   0.0000000000000000e+00 1 
  69.5  5.6829537011746174e-183   1.7949952774574140e-43   1.6293397305668370e-30   8.8910252561224209e-09   7.3991653739440586e-25   0.0000000000000000e+00   0.0000000000000000e+00 1 
  69.8  1.4967925306982115e-201   8.2454188986783184e-49   8.2583486314993340e-33   4.5088304958126689e-11   3.7502852286607473e-27   0.0000000000000000e+00   0.0000000000000000e+00 1 
  70.0  3.9423003382060527e-220   3.7875828242658598e-54   4.1857643829537221e-35   2.2853982290813506e-13   1.9008413227041672e-29   0.0000000000000000e+00   0.0000000000000000e+00 1 
  70.2  1.0383320021369816e-238   1.7398489787860498e-59   2.1215650066861788e-37   1.1583628486491528e-15   9.6344611510752999e-32   0.0000000000000000e+00   0.0000000000000000e+00 1 
  70.5  2.7347984045927843e-257   7.9921010560862771e-65   1.0753204590123551e-39   5.8711918078373524e-18   4.8832504093255102e-34   0.0000000000000000e+00   0.0000000000000000e+00 1 
  70.8  7.2029855808528024e-276   3.6712197477782946e-70   5.4502882821236738e-42   2.9758280966888367e-20   2.4750875203348852e-36   0.0000000000000000e+00   0.0000000000000000e+00 1 
  71.0  1.8971509488501784e-294   1.6863968988741901e-75   2.7624920654386448e-44   1.5083058157045337e-22   1.2545042174406182e-38   0.0000000000000000e+00   0.0000000000000000e+00 1 
  71.2  4.9967683433071273e-313   7.7465657081797201e-81   1.4001759203529662e-46   7.6448852478004965e-25   6.3584855834244337e-41   0.0000000000000000e+00   0.0000000000000000e+00 1 
  71.5   0.0000000000000000e+00   3.5584316071285619e-86   7.0968262043676076e-49   3.8748289531050304e-27   3.2228141087560300e-43   0.0000000000000000e+00   0.0000000000000000e+00 1 
  71.8   0.0000000000000000e+00   1.6345869872677602e-91   3.5970438744798972e-51   1.9639666167745288e-29   1.6334912839423681e-45   0.0000000000000000e+00   0.0000000000000000e+00 1 
  72.0   0.0000000000000000e+00   7.5085737592658638e-97   1.8231705641840976e-53   9.9544132618103573e-32   8.2793908822300634e-48   0.0000000000000000e+00   0.0000000000000000e+00 1 
  72.2   0.0000000000000000e+00  3.4491085722313020e-102   9.2407849948395901e-56   5.0454189261954928e-34   4.1964296996623249e-50   0.0000000000000000e+00   0.0000000000000000e+00 1 
  72.5   0.0000000000000000e+00  1.5843687928541838e-107   4.6837146780651574e-58   2.5572830332927240e-36   2.1269707487786839e-52   0.0000000000000000e+00   0.0000000000000000e+00 1 
  72.8   0.0000000000000000e+00  7.2778934591480573e-113   2.3739523425523801e-60   1.2961652160166794e-38   1.0780603727316438e-54   0.0000000000000000e+00   0.0000000000000000e+00 1 
  73.0   0.0000000000000000e+00  3.3431441872323448e-118   1.2032436030108836e-62   6.5696453827731297e-41   5.4641756024226030e-57   0.0000000000000000e+00   0.0000000000000000e+00 1 
  73.2   0.0000000000000000e+00  1.5356934144972901e-123   6.0986698942320628e-65   3.3298409741337444e-43   2.7695308880018366e-59   0.0000000000000000e+00   0.0000000000000000e+00 1 
  73.5   0.0000000000000000e+00  7.0543001774788619e-129   3.0911258855432779e-67   1.6877381147686281e-45   1.4037435649387583e-61   0.0000000000000000e+00   0.0000000000000000e+00 1 
  73.8   0.0000000000000000e+00  3.2404352668401487e-134   1.5667447830407230e-69   8.5543422829187228e-48   7.1149088989892952e-64   0.0000000000000000e+00   0.0000000000000000e+00 1 
  74.0   0.0000000000000000e+00  1.4885134534124438e-139   7.9410845953105750e-72   4.3357894955973655e-50   3.6062091328714702e-66   0.0000000000000000e+00   0.0000000000000000e+00 1 
  74.2   0.0000000000000000e+00  6.8375761851013112e-145   4.0249583233007684e-74   2.1976056052457065e-52   1.8278159980169304e-68   0.0000000000000000e+00   0.0000000000000000e+00 1 
  74.5   0.0000000000000000e+00  3.1408817958538209e-150   2.0400600585309316e-76   1.1138618240371807e-54   9.2643304908563901e-71   0.0000000000000000e+00   0.0000000000000000e+00 1 
  74.8   0.0000000000000000e+00  1.4427829670122121e-155   1.0340094749105817e-78   5.6456361418349955e-57   4.6956487708243146e-73   0.0000000000000000e+00   0.0000000000000000e+00 1 
  75.0   0.0000000000000000e+00  6.6275104419793477e-161   5.2409025397751696e-81   2.8615046101920920e-59   2.3800011669170990e-75   0.0000000000000000e+00   0.0000000000000000e+00 1 
  75.2   0.0000000000000000e+00  3.0443868317554597e-166   2.6563643852293044e-83   1.4503606729939183e-61   1.2063094645667700e-77   0.0000000000000000e+00   0.0000000000000000e+00 1 
  75.5   0.0000000000000000e+00  1.3984574241725773e-171   1.3463848437482113e-85   7.3511888615344621e-64   6.1142092891841965e-80   0.0000000000000000e+00   0.0000000000000000e+00 1 
  75.8   0.0000000000000000e+00  6.4238983916967187e-177   6.8241848051971959e-88   3.7259682149541460e-66   3.0990020662212126e-82   0.0000000000000000e+00   0.0000000000000000e+00 1 
  76.0   0.0000000000000000e+00  2.9508564103231037e-182   3.4588549085148313e-90   1.8885161842992978e-68   1.5707368446533454e-84   0.0000000000000000e+00   0.0000000000000000e+00 1 
  76.2   0.0000000000000000e+00  1.3554936618565056e-187   1.7531291457765894e-92   9.5719908829235278e-71   7.9613184581059809e-87   0.0000000000000000e+00   0.0000000000000000e+00 1 
  76.5   1.2720884991529786e-13   1.2496494489498591e-04   2.3081103602098412e-08   2.5160554469118992e+00   1.2806533709145611e-03   0.0000000000000000e+00   0.0000000000000000e+00 1 
  76.8   2.6023095490583590e-11   6.2989918540874388e-06   2.9216841103052039e-08   1.2282775928775330e-01   1.4623607458861016e-03   0.0000000000000000e+00   0.0000000000000000e+00 1 
  77.0   2.9476486751054996e-10   8.3761223595056587e-09   2.2920548935494979e-08   6.2964856526814220e-03   3.9610522056618582e-04   0.0000000000000000e+00   0.0000000000000000e+00 1 
  77.2   5.5135919483218861e-10   2.9187989057719177e-07   9.7215775856890362e-09   8.9139878629770575e-06   1.7416109945409593e-06   0.0000000000000000e+00   0.0000000000000000e+00 1 
  77.5   1.7129633957419849e-10   1.3570033046880448e-07   9.0019567914141800e-10   5.2684466890551664e-04   2.4381874385718885e-04   0.0000000000000000e+00   0.0000000000000000e+00 1 
  77.8   1.6940689432309793e-11   2.5063853060471894e-08   1.5575935632585613e-09   5.3291593410795582e-04   4.9287834182880363e-04   0.0000000000000000e+00   0.0000000000000000e+00 1 
  78.0   1.6163593865417865e-10   6.8210149484555172e-10   9.7502835517293103e-09   3.3976825855622927e-04   5.5642070764108219e-04   0.0000000000000000e+00   0.0000000000000000e+00 1 
  78.2   5.3384522466639700e-11   1.8153026867739916e-09   1.9690760258698087e-08   1.8558420511516509e-04   4.9042001522033745e-04   0.0000000000000000e+00   0.0000000000000000e+00 1 
  78.5   6.0187352969546769e-11   5.4315161257019243e-09   2.5763221634707769e-08   9.5411450322920160e-05   3.7756154529767523e-04   0.0000000000000000e+00   0.0000000000000000e+00 1 
  78.8   5.9517529074297664e-10   6.8080481589773268e-09   2.5415055744706696e-08   4.7920733787660709e-05   2.6689345440372269e-04   0.0000000000000000e+00   0.0000000000000000e+00 1 
  79.0   1.2651742931699682e-09   5.8365896504860061e-09   1.9710479046816655e-08   2.3893173275076890e-05   1.7769739851899438e-04   0.0000000000000000e+00   0.0000000000000000e+00 1 
  79.2   1.4078953572843661e-09   3.5412874359547944e-09   1.1848014880972117e-08   1.1907234105354264e-05   1.1302618724117257e-04   0.0000000000000000e+00   0.0000000000000000e+00 1 
  79.5   9.0081981129756750e-10   1.2583863918678204e-09   5.0358428703958808e-09   5.9454105871467995e-06   6.9260908837583883e-05   0.0000000000000000e+00   0.0000000000000000e+00 1 
  79.8   2.3669221661166100e-10   6.6271481850045167e-11   1.0557253670847763e-09   2.9747893859306578e-06   4.1103344361924111e-05   0.0000000000000000e+00   0.0000000000000000e+00 1 
  80.0   7.7667385044607108e-12   3.5009388669054615e-10   4.2254811241682280e-12   1.4899834374337642e-06   2.3702689584507949e-05   0.0000000000000000e+00   0.0000000000000000e+00 1 
  80.2   4.3691379526770966e-10   1.7584165396517180e-09   8.8521568106530519e-10   7.4581655004312681e-07   1.3310851215346916e-05   0.0000000000000000e+00   0.0000000000000000e+00 1 
  80.5   1.3070668118979684e-09   3.5319462051351799e-09   2.4330255095677112e-09   3.7236366115485088e-07   7.2906554786622527e-06   0.0000000000000000e+00   0.0000000000000000e+00 1 
  80.8   2.1971577055371594e-09   4.9396096113208852e-09   3.6999150640137906e-09   1.8507220732003296e-07   3.8993532801425271e-06   0.0000000000000000e+00   0.0000000000000000e+00 1 
  81.0   2.7585562280658458e-09   5.5676958523480436e-09   4.2537857309396402e-09   9.1404758708934468e-08   2.0385905529130434e-06   0.0000000000000000e+00   0.0000000000000000e+00 1 
  81.2   2.8554341652486949e-09   5.3756077987038530e-09   4.0924546522863410e-09   4.4784063898435264e-08   1.0427209990161174e-06   0.0000000000000000e+00   0.0000000000000000e+00 1 
  81.5   2.5511043098533475e-09   4.5828333931882696e-09   3.4457208532526651e-09   2.1727529078211254e-08   5.2206066188728879e-07   0.0000000000000000e+00   0.0000000000000000e+00 1 
  81.8   2.0135187846075865e-09   3.5034266386483117e-09   2.5944551360534642e-09   1.0409465946078472e-08   2.5567934598804512e-07   0.0000000000000000e+00   0.0000000000000000e+00 1 
  82.0   1.4187194496241697e-09   2.4157069747491248e-09   1.7623390469540859e-09   4.8989473843958949e-09   1.2207544016482736e-07   0.0000000000000000e+00   0.0000000000000000e+00 1 
  82.2   8.9292746751174449e-10   1.4987755760493116e-09   1.0789271545162252e-09   2.2414633080752995e-09   5.6329373630380419e-08   0.0000000000000000e+00   0.0000000000000000e+00 1 
  82.5   4.9716428767947616e-10   8.2677794875932543e-10   5.8872685080626951e-10   9.7747633595083412e-10   2.4662292444019250e-08   0.0000000000000000e+00   0.0000000000000000e+00 1 
  82.8   2.3909615963761511e-10   3.9518818389235174e-10   2.7919247641526157e-10   3.9157224472264995e-10   9.8782398626785467e-09   0.0000000000000000e+00   0.0000000000000000e+00 1 
  83.0   9.4664917969114842e-11   1.5568040352732390e-10   1.0954186935733775e-10   1.3459192529864549e-10   3.3868429631364391e-09   0.0000000000000000e+00   0.0000000000000000e+00 1 
  83.2   2.8025466722784547e-11   4.5739255964005215e-11   3.2258211822728205e-11   3.4533484792295967e-11   8.6600412741728911e-10   0.0000000000000000e+00   0.0000000000000000e+00 1 
  83.5   5.0358734246860878e-12   8.0379066431233120e-12   5.7811122831402084e-12   4.6062622953305468e-12   1.1506677056851501e-10   0.0000000000000000e+00   0.0000000000000000e+00 1 
  83.8   3.6517721982055849e-13   5.2082274704016942e-13   4.1877379453022979e-13   3.8131817294348697e-14   9.4878637999912537e-13   0.0000000000000000e+00   0.0000000000000000e+00 1 
  84.0   1.3490713351862640e-13   1.7381233984838475e-13   1.5462449799004582e-13   1.5423879403180040e-15   3.8226944675362261e-14   0.0000000000000000e+00   0.0000000000000000e+00 1 
