    0.10000000000075E+01
    0.10000002461825E-07
    0.10000059305447E-07
    0.10000000027659E-07
    0.10000005972821E-07
    0.10000000467032E-07
    0.99999999503769E-08
    0.10003070212425E-07
    0.99999999524288E-08
    0.10011725897597E-07
    0.99999991352854E-08
    0.99999994278959E-08
    0.99999996126247E-08
    0.99999847175755E-08
    0.99999967471104E-08
    0.99042803900220E-08
    0.99999314039081E-08
    0.99882739808535E-08
    0.99996658069034E-08
    0.99984194332282E-08
   -0.69249986240669E-22
   -0.69200788167082E-22
    0.29398844058276E-05
    0.99785363621797E-08
   -0.10398307562410E-21
   -0.23139995610976E-25
    0.13484540149217E-11
    0.99977926528052E-08
    0.14954827717578E+04
    0.99950150471741E-08
    0.80330645374236E-12
   -0.17376989398179E-21
    0.99995496112773E-08
    0.11822067651851E-15
    0.47822042853584E-15
    0.99435261196477E-08
    0.28733599104456E-17
    0.10000847507956E-07
    0.10050900111491E-07
    0.99878499999409E-08
    0.10201848162387E+03
    0.22835985896479E-15
    0.99949510865549E-08
    0.10011946933561E-07
    0.24825107626613E-14
    0.99967400021431E-08
    0.10007095223620E-07
    0.10032228664599E-07
    0.10025806773908E-07
    0.99949510865959E-08
    0.19992157547318E-07
    0.99949510754971E-08
    0.10139937271896E-07
    0.30037650581132E-07
    0.99949510857480E-08
    0.19990070236119E-07
    0.26567270579783E-12
    0.33790061606889E-16
    0.10018957874680E-07
    0.99627038351449E-08
    0.10000052335452E-07
    0.62843739351275E-14
    0.99949661590085E-08
    0.98549445537948E-08
    0.20167079377703E+03
    0.20004282116043E-07
    0.99977903035756E-08
    0.99975776471722E-08
    0.99945076987424E-08
    0.99945077127973E-08
    0.30517943962122E-03
    0.50197008399740E-07
    0.99590537177395E-08
    0.23998022732248E-01
    0.99807340579758E-08
    0.18118588919998E-07
    0.22434166044073E-03
    0.50000000000022E+01
    0.21764417023986E-14
    0.99977903529546E-08
    0.20000007784623E+00
    0.19211386269446E+01
    0.16401344525531E-17
    0.33813672323645E-02
