12.000 1.879556e-15 1.000000e+00 1 
12.000 4.046865e-13 1.000000e+00 1 
12.000 8.625285e-11 1.000000e+00 1 
12.000 1.772514e-08 1.000000e+00 1 
12.000 2.911448e-06 1.000000e+00 1 
12.000 1.629567e-04 1.000000e+00 1 
12.000 3.549052e-04 1.000000e+00 1 
12.000 8.433826e-05 9.999534e-01 1 
12.000 1.301928e-06 9.993315e-01 1 
13.000 3.265608e-05 9.966889e-01 1 
14.000 1.005915e-04 9.727961e-01 1 
15.000 1.852469e-04 8.952028e-01 1 
16.000 2.326525e-04 7.272587e-01 1 
17.000 1.476719e-04 4.602862e-01 1 
18.000 1.634197e-04 1.619141e-01 1 
19.000 6.371313e-04 7.153549e-04 1 
20.000 1.545871e-09 0.000000e+00 1 
21.000 1.537304e-09 0.000000e+00 1 
22.000 1.528785e-09 0.000000e+00 1 
23.000 1.520312e-09 0.000000e+00 1 
24.000 1.511887e-09 0.000000e+00 1 
25.000 1.503509e-09 0.000000e+00 1 
26.000 1.495178e-09 0.000000e+00 1 
27.000 1.486892e-09 0.000000e+00 1 
28.000 1.478653e-09 0.000000e+00 1 
29.000 5.006533e-04 1.291226e-01 1 
30.000 3.252810e-05 4.211738e-01 1 
31.000 2.115048e-04 6.980916e-01 1 
32.000 2.299956e-04 8.793530e-01 1 
33.000 1.499197e-04 9.666672e-01 1 
34.000 6.600069e-05 9.953397e-01 1 
35.000 1.499254e-05 9.999210e-01 1 
36.000 2.022170e-06 9.999719e-01 1 
37.000 2.350401e-05 9.966889e-01 1 
38.000 7.387423e-05 9.727961e-01 1 
39.000 1.376666e-04 8.952028e-01 1 
40.000 1.745033e-04 7.272587e-01 1 
41.000 1.117980e-04 4.602862e-01 1 
42.000 1.215006e-04 1.619141e-01 1 
43.000 4.758009e-04 7.153549e-04 1 
44.000 3.765310e-09 0.000000e+00 1 
45.000 3.744384e-09 0.000000e+00 1 
46.000 3.723575e-09 0.000000e+00 1 
47.000 3.702884e-09 0.000000e+00 1 
48.000 3.682308e-09 0.000000e+00 1 
49.000 3.661848e-09 0.000000e+00 1 
50.000 3.641502e-09 0.000000e+00 1 
51.000 3.621271e-09 0.000000e+00 1 
52.000 3.601153e-09 0.000000e+00 1 
53.000 3.747481e-04 1.291226e-01 1 
54.000 2.658891e-05 4.211738e-01 1 
55.000 1.560849e-04 6.980916e-01 1 
56.000 1.716948e-04 8.793530e-01 1 
57.000 1.129267e-04 9.666672e-01 1 
58.000 5.005124e-05 9.953397e-01 1 
59.000 1.126879e-05 9.999210e-01 1 
60.000 1.302995e-06 9.999719e-01 1 
61.000 1.820051e-05 9.966889e-01 1 
62.000 5.836549e-05 9.727961e-01 1 
63.000 1.100295e-04 8.952028e-01 1 
64.000 1.407048e-04 7.272587e-01 1 
65.000 9.093278e-05 4.602862e-01 1 
66.000 9.712516e-05 1.619141e-01 1 
67.000 3.819808e-04 7.153549e-04 1 
68.000 5.165052e-09 0.000000e+00 1 
69.000 5.136291e-09 0.000000e+00 1 
70.000 5.107693e-09 0.000000e+00 1 
71.000 5.079257e-09 0.000000e+00 1 
72.000 5.050981e-09 0.000000e+00 1 
73.000 5.022865e-09 0.000000e+00 1 
74.000 4.994909e-09 0.000000e+00 1 
75.000 4.967110e-09 0.000000e+00 1 
76.000 4.939468e-09 0.000000e+00 1 
77.000 3.014050e-04 1.291226e-01 1 
78.000 2.310513e-05 4.211738e-01 1 
79.000 1.237638e-04 6.980916e-01 1 
80.000 1.376734e-04 8.793530e-01 1 
81.000 9.132409e-05 9.666672e-01 1 
82.000 4.072991e-05 9.953397e-01 1 
83.000 9.090380e-06 9.999210e-01 1 
84.000 8.783473e-07 9.999719e-01 1 
85.000 1.509318e-05 9.966889e-01 1 
86.000 4.926720e-05 9.727961e-01 1 
87.000 9.379549e-05 8.952028e-01 1 
88.000 1.208280e-04 7.272587e-01 1 
89.000 7.864462e-05 4.602862e-01 1 
90.000 8.280034e-05 1.619141e-01 1 
91.000 3.268224e-04 7.153549e-04 1 
92.000 6.065656e-09 0.000000e+00 1 
93.000 6.031848e-09 0.000000e+00 1 
94.000 5.998232e-09 0.000000e+00 1 
95.000 5.964807e-09 0.000000e+00 1 
96.000 5.931572e-09 0.000000e+00 1 
97.000 5.898526e-09 0.000000e+00 1 
98.000 5.865667e-09 0.000000e+00 1 
99.000 5.832996e-09 0.000000e+00 1 
100.000 5.800509e-09 0.000000e+00 1 
101.000 2.582145e-04 1.291226e-01 1 
102.000 2.102102e-05 4.211738e-01 1 
103.000 1.047528e-04 6.980916e-01 1 
104.000 1.176365e-04 8.793530e-01 1 
105.000 7.858594e-05 9.666672e-01 1 
106.000 3.522738e-05 9.953397e-01 1 
107.000 7.804540e-06 9.999210e-01 1 
108.000 6.266418e-07 9.999719e-01 1 
109.000 1.325200e-05 9.966889e-01 1 
110.000 4.385907e-05 9.727961e-01 1 
111.000 8.412319e-05 8.952028e-01 1 
112.000 1.089612e-04 7.272587e-01 1 
113.000 7.129119e-05 4.602862e-01 1 
114.000 7.426859e-05 1.619141e-01 1 
115.000 2.939260e-04 7.153549e-04 1 
116.000 6.656076e-09 0.000000e+00 1 
117.000 6.618970e-09 0.000000e+00 1 
118.000 6.582075e-09 0.000000e+00 1 
119.000 6.545390e-09 0.000000e+00 1 
120.000 6.508915e-09 0.000000e+00 1 
121.000 6.472647e-09 0.000000e+00 1 
122.000 6.436587e-09 0.000000e+00 1 
123.000 6.400731e-09 0.000000e+00 1 
124.000 6.365080e-09 0.000000e+00 1 
125.000 2.324344e-04 1.291226e-01 1 
126.000 1.974474e-05 4.211738e-01 1 
127.000 9.343425e-05 6.980916e-01 1 
128.000 1.056793e-04 8.793530e-01 1 
129.000 7.096924e-05 9.666672e-01 1 
130.000 3.193172e-05 9.953397e-01 1 
131.000 7.035412e-06 9.999210e-01 1 
132.000 4.773273e-07 9.999719e-01 1 
