12.000 1.601097e-13 1.000000e+00 1 
12.000 1.405579e-12 1.000000e+00 1 
12.000 4.793452e-13 1.000000e+00 1 
12.000 8.225072e-11 1.000000e+00 1 
12.000 7.306230e-08 1.000000e+00 1 
12.000 2.235213e-05 1.000000e+00 1 
12.000 1.153855e-04 9.999995e-01 1 
12.000 1.014705e-05 9.994089e-01 1 
12.000 7.686330e-07 9.992204e-01 1 
13.000 1.218820e-05 9.875747e-01 1 
14.000 1.834837e-05 9.381533e-01 1 
15.000 1.626466e-05 8.133019e-01 1 
16.000 2.254713e-06 5.868240e-01 1 
17.000 4.271379e-05 2.871103e-01 1 
18.000 8.983701e-05 4.043234e-02 1 
19.000 7.818318e-05 0.000000e+00 1 
20.000 2.464440e-10 0.000000e+00 1 
21.000 1.768992e-10 0.000000e+00 1 
22.000 5.265914e-10 0.000000e+00 1 
23.000 1.945017e-10 0.000000e+00 1 
24.000 4.138258e-10 0.000000e+00 1 
25.000 4.218356e-10 0.000000e+00 1 
26.000 6.776928e-10 0.000000e+00 1 
27.000 2.653565e-10 0.000000e+00 1 
28.000 1.445705e-04 4.043234e-02 1 
29.000 8.759957e-05 2.871103e-01 1 
30.000 6.477276e-05 5.868240e-01 1 
31.000 1.925970e-05 8.133019e-01 1 
32.000 6.969778e-06 9.381533e-01 1 
33.000 1.356613e-05 9.875747e-01 1 
34.000 1.006090e-05 9.992204e-01 1 
35.000 4.188001e-06 1.000000e+00 1 
36.000 1.938789e-06 9.992204e-01 1 
37.000 7.836371e-06 9.875747e-01 1 
38.000 1.283509e-05 9.381533e-01 1 
39.000 1.274095e-05 8.133019e-01 1 
40.000 1.851326e-06 5.868240e-01 1 
41.000 2.520264e-05 2.871103e-01 1 
42.000 6.062527e-05 4.043234e-02 1 
43.000 4.316824e-05 0.000000e+00 1 
44.000 9.313490e-10 0.000000e+00 1 
45.000 9.404950e-10 0.000000e+00 1 
46.000 6.029393e-10 0.000000e+00 1 
47.000 1.068301e-09 0.000000e+00 1 
48.000 5.904756e-10 0.000000e+00 1 
49.000 6.235651e-10 0.000000e+00 1 
50.000 8.594721e-10 0.000000e+00 1 
51.000 5.083904e-10 0.000000e+00 1 
52.000 9.428797e-05 4.043234e-02 1 
53.000 4.953922e-05 2.871103e-01 1 
54.000 4.101011e-05 5.868240e-01 1 
55.000 1.546859e-05 8.133019e-01 1 
56.000 1.733159e-06 9.381533e-01 1 
57.000 6.938845e-06 9.875747e-01 1 
58.000 5.928843e-06 9.992204e-01 1 
59.000 2.657305e-06 1.000000e+00 1 
60.000 1.368513e-06 9.992204e-01 1 
61.000 5.890685e-06 9.875747e-01 1 
62.000 1.018825e-05 9.381533e-01 1 
63.000 1.134398e-05 8.133019e-01 1 
64.000 3.721390e-06 5.868240e-01 1 
65.000 1.682989e-05 2.871103e-01 1 
66.000 4.558615e-05 4.043234e-02 1 
67.000 2.622032e-05 0.000000e+00 1 
68.000 7.001652e-10 0.000000e+00 1 
69.000 1.290028e-09 0.000000e+00 1 
70.000 2.105147e-09 0.000000e+00 1 
71.000 8.818142e-10 0.000000e+00 1 
72.000 4.266759e-10 0.000000e+00 1 
73.000 5.435583e-10 0.000000e+00 1 
74.000 1.181728e-09 0.000000e+00 1 
75.000 9.808497e-10 0.000000e+00 1 
76.000 6.952015e-05 4.043234e-02 1 
77.000 3.072841e-05 2.871103e-01 1 
78.000 2.983917e-05 5.868240e-01 1 
79.000 1.344588e-05 8.133019e-01 1 
80.000 1.371080e-06 9.381533e-01 1 
81.000 3.619242e-06 9.875747e-01 1 
82.000 3.764451e-06 9.992204e-01 1 
83.000 1.857247e-06 1.000000e+00 1 
84.000 1.070377e-06 9.992204e-01 1 
85.000 4.882645e-06 9.875747e-01 1 
86.000 8.851059e-06 9.381533e-01 1 
87.000 1.048260e-05 8.133019e-01 1 
88.000 4.911710e-06 5.868240e-01 1 
89.000 1.239201e-05 2.871103e-01 1 
90.000 3.778668e-05 4.043234e-02 1 
91.000 1.683731e-05 0.000000e+00 1 
92.000 1.409419e-09 0.000000e+00 1 
93.000 1.603730e-09 0.000000e+00 1 
94.000 7.772789e-10 0.000000e+00 1 
95.000 5.707114e-10 0.000000e+00 1 
96.000 5.898764e-10 0.000000e+00 1 
97.000 7.862135e-10 0.000000e+00 1 
98.000 1.037481e-09 0.000000e+00 1 
99.000 2.379208e-09 0.000000e+00 1 
100.000 5.612969e-05 4.043234e-02 1 
101.000 2.040047e-05 2.871103e-01 1 
102.000 2.303522e-05 5.868240e-01 1 
103.000 1.249552e-05 8.133019e-01 1 
104.000 2.921784e-06 9.381533e-01 1 
105.000 1.531042e-06 9.875747e-01 1 
106.000 2.475056e-06 9.992204e-01 1 
107.000 1.405481e-06 1.000000e+00 1 
108.000 9.053801e-07 9.992204e-01 1 
109.000 4.299325e-06 9.875747e-01 1 
110.000 8.181759e-06 9.381533e-01 1 
111.000 1.022922e-05 8.133019e-01 1 
112.000 5.958023e-06 5.868240e-01 1 
113.000 9.639003e-06 2.871103e-01 1 
114.000 3.349391e-05 4.043234e-02 1 
115.000 1.057066e-05 0.000000e+00 1 
116.000 1.375784e-09 0.000000e+00 1 
117.000 6.706997e-10 0.000000e+00 1 
118.000 1.420728e-09 0.000000e+00 1 
119.000 2.674448e-09 0.000000e+00 1 
120.000 6.473664e-10 0.000000e+00 1 
121.000 2.653511e-09 0.000000e+00 1 
122.000 6.303253e-10 0.000000e+00 1 
123.000 1.415870e-09 0.000000e+00 1 
124.000 4.851127e-05 4.043234e-02 1 
125.000 1.363367e-05 2.871103e-01 1 
126.000 1.921552e-05 5.868240e-01 1 
127.000 1.219217e-05 8.133019e-01 1 
128.000 4.339110e-06 9.381533e-01 1 
129.000 2.433089e-07 9.875747e-01 1 
130.000 1.650751e-06 9.992204e-01 1 
131.000 1.123159e-06 1.000000e+00 1 
132.000 8.080339e-07 9.992204e-01 1 
