  12.0   9.9060000000000002e+01   6.6240000000000000e+08   5.3260000000000000e+11   8.7250000000000000e+08   2.2400000000000000e+08   8.1200000000000000e+16   1.6970000000000000e+16 
  12.2   9.9653107959993392e+01   6.7149296653926194e+08   5.3770021114717041e+11   9.4332642816640389e+08   1.5317357183359611e+08   8.1200000000000000e+16   1.6970000000000000e+16 
  12.5   1.0057703514702365e+02   6.7765233794758654e+08   5.4272721375885956e+11   9.4252674211022925e+08   1.5397325788977075e+08   8.1200000000000000e+16   1.6970000000000000e+16 
  12.8   1.0145951096682055e+02   6.8357148701639235e+08   5.4770427212591852e+11   9.4171633984481883e+08   1.5478366015518108e+08   8.1200000000000000e+16   1.6970000000000000e+16 
  13.0   1.0226193022816801e+02   6.8903548700218451e+08   5.5262678619459509e+11   9.4086659989629376e+08   1.5563340010370612e+08   8.1200000000000000e+16   1.6970000000000000e+16 
  13.2   1.0292824659003705e+02   6.9373170671221590e+08   5.5748574367792126e+11   9.3993572319347787e+08   1.5656427680652201e+08   8.1200000000000000e+16   1.6970000000000000e+16 
  13.5   1.0338513821062493e+02   6.9725019073748589e+08   5.6226635303528149e+11   9.3886952644111025e+08   1.5763047355888966e+08   8.1200000000000000e+16   1.6970000000000000e+16 
  13.8   1.0354235684836210e+02   6.9908465939337111e+08   5.6694683659344983e+11   9.3760076413224041e+08   1.5889923586775950e+08   8.1200000000000000e+16   1.6970000000000000e+16 
  14.0   1.0329411358042066e+02   6.9863872471013975e+08   5.7149748953385303e+11   9.3604814433831036e+08   1.6045185566168958e+08   8.1200000000000000e+16   1.6970000000000000e+16 
  14.2   1.0252194242996478e+02   6.9523956044181144e+08   5.7588015620067712e+11   9.3411472151030719e+08   1.6238527848969275e+08   8.1200000000000000e+16   1.6970000000000000e+16 
  14.5   1.0109951222309451e+02   6.8816144752111065e+08   5.8004831345573804e+11   9.3168542357009280e+08   1.6481457642990711e+08   8.1200000000000000e+16   1.6970000000000000e+16 
  14.8   9.8899806877121833e+01   6.7666141235116899e+08   5.8394797805139917e+11   9.2862338113519275e+08   1.6787661886480719e+08   8.1200000000000000e+16   1.6970000000000000e+16 
  15.0   9.5804938822579089e+01   6.6002846769629157e+08   5.8751965335433496e+11   9.2476462798847902e+08   1.7173537201152092e+08   8.1200000000000000e+16   1.6970000000000000e+16 
  15.2   9.1718547681884687e+01   6.3764646650786436e+08   5.9070148318951782e+11   9.1991058456465304e+08   1.7658941543534681e+08   8.1200000000000000e+16   1.6970000000000000e+16 
  15.5   8.6580263911684014e+01   6.0906832818512166e+08   5.9343367459506409e+11   9.1381752718904471e+08   1.8268247281095511e+08   8.1200000000000000e+16   1.6970000000000000e+16 
  15.8   8.0381089761276840e+01   5.7409633459255075e+08   5.9566406960778540e+11   9.0618193198792493e+08   1.9031806801207498e+08   8.1200000000000000e+16   1.6970000000000000e+16 
  16.0   7.3177846845315997e+01   5.3285978209496725e+08   5.9735449584058179e+11   8.9662015361566138e+08   1.9987984638433847e+08   8.1200000000000000e+16   1.6970000000000000e+16 
  16.2   6.5104198119270464e+01   4.8587810177682239e+08   5.9848722467938403e+11   8.8464030998160410e+08   2.1185969001839578e+08   8.1200000000000000e+16   1.6970000000000000e+16 
  16.5   5.6375372439677086e+01   4.3409569093860239e+08   5.9907057212145618e+11   8.6960351020101905e+08   2.2689648979898092e+08   8.1200000000000000e+16   1.6970000000000000e+16 
  16.8   4.7283803095010086e+01   3.7887504468808973e+08   5.9914247050143945e+11   8.5067076565116322e+08   2.4582923434883675e+08   8.1200000000000000e+16   1.6970000000000000e+16 
  17.0   3.8183613831835721e+01   3.2193828364887077e+08   5.9877083231245117e+11   8.2673147680448592e+08   2.6976852319551408e+08   8.1200000000000000e+16   1.6970000000000000e+16 
  17.2   2.9463264886514928e+01   2.6525382689638466e+08   5.9804982422678955e+11   7.9631045201150715e+08   3.0018954798849279e+08   8.1200000000000000e+16   1.6970000000000000e+16 
  17.5   2.1507593770403084e+01   2.1087412845575580e+08   5.9709183013187854e+11   7.5745615830868268e+08   3.3904384169131732e+08   8.1200000000000000e+16   1.6970000000000000e+16 
  17.8   1.4652706546633150e+01   1.6074061903841114e+08   5.9601586368019897e+11   7.0763129299046993e+08   3.8886870700953031e+08   8.1200000000000000e+16   1.6970000000000000e+16 
  18.0   9.1394238320743959e+00   1.1648167555487864e+08   5.9493430006104785e+11   6.4367651088585937e+08   4.5282348911414087e+08   8.1200000000000000e+16   1.6970000000000000e+16 
  18.2   5.0730544350221205e+00   7.9237419114202231e+07   5.9394067719334985e+11   5.6203863673865557e+08   5.3446136326134467e+08   8.1200000000000000e+16   1.6970000000000000e+16 
  18.5   2.3195463584467135e+00   4.9216533322678164e+07   5.9310118516445813e+11   4.5965089183834779e+08   6.3684910816165233e+08   8.1200000000000000e+16   1.6970000000000000e+16 
  18.8   8.2621101485145054e-01   2.7016044298636958e+07   5.9245297855649304e+11   3.3711778659793603e+08   7.5938221340206397e+08   8.1200000000000000e+16   1.6970000000000000e+16 
  19.0   1.8883739211815431e-01   1.1856262545735523e+07   5.9200831912106836e+11   2.0258985827145678e+08   8.9391014172854328e+08   8.1200000000000000e+16   1.6970000000000000e+16 
  19.2   1.2381436725348683e-02   2.9482423207333358e+06   5.9175844503526392e+11   7.9853997626306877e+07   1.0166460023736932e+09   8.1200000000000000e+16   1.6970000000000000e+16 
  19.5   2.4227807488582091e-13   3.6943574506126904e+00   5.9166931569282373e+11   9.1542804424975514e+06   1.0873457195575025e+09   8.1200000000000000e+16   1.6970000000000000e+16 
  19.8  -1.6722179054128632e-68   1.5927509866988247e-11   5.9166050763040808e+11   3.4621440017655701e+05   1.0961537855998235e+09   8.1200000000000000e+16   1.6970000000000000e+16 
  20.0 -4.2930835314339596e-102   6.2812060768555363e-19   5.9166017424233459e+11   1.2826326692665618e+04   1.0964871736733069e+09   8.1200000000000000e+16   1.6970000000000000e+16 
  20.2  1.9540159397624318e-128  -2.0008957688637198e-25   5.9166016188992566e+11   4.7391759919915137e+02   1.0964995260824008e+09   8.1200000000000000e+16   1.6970000000000000e+16 
  20.5 -8.9421124978454087e-155   6.4089081454997935e-32   5.9166016143349353e+11   1.7485515575332759e+01   1.0964999825144846e+09   8.1200000000000000e+16   1.6970000000000000e+16 
  20.8 -1.1347662548207528e-172   1.3984029599969208e-36   5.9166016141652441e+11   5.1642838382296330e-01   1.0964999994835720e+09   8.1200000000000000e+16   1.6970000000000000e+16 
  21.0 -1.5680051245245236e-190   3.3143263408697185e-41   5.9166016141602112e+11   1.3107286221323513e-02   1.0964999999868932e+09   8.1200000000000000e+16   1.6970000000000000e+16 
  21.2  8.6610484052793072e-200  -7.6455542674882750e-44   5.9166016141600745e+11  -4.5442887983933138e-04   1.0965000000004549e+09   8.1200000000000000e+16   1.6970000000000000e+16 
  21.5 -4.7840267072003458e-209   1.7636917446070324e-46   5.9166016141600793e+11   1.5755023835217492e-05   1.0964999999999847e+09   8.1200000000000000e+16   1.6970000000000000e+16 
  21.8  2.6425108132121564e-218  -4.0685193789153045e-49   5.9166016141600793e+11  -5.4622579475151233e-07   1.0965000000000012e+09   8.1200000000000000e+16   1.6970000000000000e+16 
  22.0 -1.4596197608293219e-227   9.3853418474266166e-52   5.9166016141600793e+11   1.8937617738475505e-08   1.0965000000000007e+09   8.1200000000000000e+16   1.6970000000000000e+16 
  22.2  8.0623750749633404e-237  -2.1650294219940879e-54   5.9166016141600793e+11  -6.5656614728671395e-10   1.0965000000000007e+09   8.1200000000000000e+16   1.6970000000000000e+16 
  22.5 -4.4533406942938971e-246   4.9943331572792892e-57   5.9166016141600793e+11   2.2763111586474596e-11   1.0965000000000007e+09   8.1200000000000000e+16   1.6970000000000000e+16 
  22.8  2.4598530907398910e-255  -1.1521027581662568e-59   5.9166016141600793e+11  -7.8919580493086635e-13   1.0965000000000007e+09   8.1200000000000000e+16   1.6970000000000000e+16 
  23.0 -1.3587254711070473e-264   2.6576936771612390e-62   5.9166016141600793e+11   2.7361374395342062e-14   1.0965000000000007e+09   8.1200000000000000e+16   1.6970000000000000e+16 
  23.2  7.5050690367369907e-274  -6.1308209112052105e-65   5.9166016141600793e+11  -9.4861731920592128e-16   1.0965000000000007e+09   8.1200000000000000e+16   1.6970000000000000e+16 
  23.5 -4.1455076423833707e-283   1.4142700254843458e-67   5.9166016141600793e+11   3.2888509374390802e-17   1.0965000000000007e+09   8.1200000000000000e+16   1.6970000000000000e+16 
  23.8  2.2898164368690513e-292  -3.2624663710647218e-70   5.9166016141600793e+11  -1.1402427796435653e-18   1.0965000000000007e+09   8.1200000000000000e+16   1.6970000000000000e+16 
  24.0 -1.2648051881172885e-301   7.5259226530557343e-73   5.9166016141600793e+11   3.9532153364836967e-20   1.0965000000000007e+09   8.1200000000000000e+16   1.6970000000000000e+16 
  24.2  6.9614937017640760e-311  -1.7360948845978960e-75   5.9166016141600793e+11  -1.3705775450290662e-21   1.0965000000000007e+09   8.1200000000000000e+16   1.6970000000000000e+16 
  24.5 -1.2879529458804907e-314   4.0048583904902318e-78   5.9166016141600793e+11   4.7517846791739808e-23   1.0965000000000007e+09   8.1200000000000000e+16   1.6970000000000000e+16 
  24.8 -1.2879529458804907e-314  -9.2384874065149088e-81   5.9166016141600793e+11  -1.6474410892784528e-24   1.0965000000000007e+09   8.1200000000000000e+16   1.6970000000000000e+16 
  25.0 -1.2879529458804907e-314   2.1311527459502317e-83   5.9166016141600793e+11   5.7116690378208705e-26   1.0965000000000007e+09   8.1200000000000000e+16   1.6970000000000000e+16 
  25.2 -1.2879529458804907e-314  -4.9161857636662269e-86   5.9166016141600793e+11  -1.9802324592917734e-27   1.0965000000000007e+09   8.1200000000000000e+16   1.6970000000000000e+16 
  25.5 -1.2879529458804907e-314   1.1340755611631482e-88   5.9166016141600793e+11   6.8654548554319315e-29   1.0965000000000007e+09   8.1200000000000000e+16   1.6970000000000000e+16 
  25.8 -1.2879529458804907e-314  -2.6161081786873390e-91   5.9166016141600793e+11  -2.3802493566250920e-30   1.0965000000000007e+09   8.1200000000000000e+16   1.6970000000000000e+16 
  26.0 -1.2879529458804907e-314   6.0348906518875207e-94   5.9166016141600793e+11   8.2523112000825007e-32   1.0965000000000007e+09   8.1200000000000000e+16   1.6970000000000000e+16 
  26.2 -1.2879529458804907e-314  -1.3921406414661578e-96   5.9166016141600793e+11  -2.8610716752620148e-33   1.0965000000000007e+09   8.1200000000000000e+16   1.6970000000000000e+16 
  26.5 -1.2879529458804907e-314   3.2114178655678600e-99   5.9166016141600793e+11   9.9193194882238392e-35   1.0965000000000007e+09   8.1200000000000000e+16   1.6970000000000000e+16 
  26.8 -1.2879529458804907e-314 -7.4081629399341101e-102   5.9166016141600793e+11  -3.4390225159405166e-36   1.0965000000000007e+09   8.1200000000000000e+16   1.6970000000000000e+16 
  27.0 -1.2879529458804907e-314  1.7089298385312792e-104   5.9166016141600793e+11   1.1923071818774051e-37   1.0965000000000007e+09   8.1200000000000000e+16   1.6970000000000000e+16 
  27.2 -1.2879529458804907e-314 -3.9421935190976125e-107   5.9166016141600793e+11  -4.1337223276877555e-39   1.0965000000000007e+09   8.1200000000000000e+16   1.6970000000000000e+16 
  27.5 -1.2879529458804907e-314  9.0939308282987338e-110   5.9166016141600793e+11   1.4331592178718696e-40   1.0965000000000007e+09   8.1200000000000000e+16   1.6970000000000000e+16 
  27.8 -1.2879529458804907e-314 -2.0978061454679367e-112   5.9166016141600793e+11  -4.9687549887271008e-42   1.0965000000000007e+09   8.1200000000000000e+16   1.6970000000000000e+16 
  28.0 -1.2879529458804907e-314  4.8392611589571424e-115   5.9166016141600793e+11   1.7226645741888456e-43   1.0965000000000007e+09   8.1200000000000000e+16   1.6970000000000000e+16 
  28.2 -1.2879529458804907e-314 -1.1163304395492869e-117   5.9166016141600793e+11  -5.9724684390716066e-45   1.0965000000000007e+09   8.1200000000000000e+16   1.6970000000000000e+16 
  28.5 -1.2879529458804907e-314  2.5751733773612274e-120   5.9166016141600793e+11   2.0706514657679493e-46   1.0965000000000007e+09   8.1200000000000000e+16   1.6970000000000000e+16 
  28.8   1.2278676010158196e-02   2.9434456466329871e+06   5.9166371490486902e+11   2.8571661938881028e+07   1.0679283380611197e+09   8.1200000000000000e+16   1.6970000000000000e+16 
  29.0   1.7977267086164289e-01   1.1795442685468886e+07   5.9161463525186365e+11   1.3294813062663290e+08   9.6355186937336767e+08   8.1200000000000000e+16   1.6970000000000000e+16 
  29.2   8.2207124220256600e-01   2.6981662678346246e+07   5.9139294340430200e+11   2.7578405559949762e+08   8.2071594440050292e+08   8.1200000000000000e+16   1.6970000000000000e+16 
  29.5   2.3099168656505955e+00   4.9036834500581674e+07   5.9092616249603003e+11   4.1539742198224008e+08   6.8110257801776040e+08   8.1200000000000000e+16   1.6970000000000000e+16 
  29.8   4.9821445394066224e+00   7.8532089479130238e+07   5.9020714374701685e+11   5.3279698825697172e+08   5.6370301174302876e+08   8.1200000000000000e+16   1.6970000000000000e+16 
  30.0   9.0094345031137824e+00   1.1522934006990886e+08   5.8928016919320300e+11   6.2535127725292814e+08   4.7114872274707228e+08   8.1200000000000000e+16   1.6970000000000000e+16 
  30.2   1.4435698729110499e+01   1.5856859055873773e+08   5.8822678149462280e+11   6.9661223409466493e+08   3.9988776590533561e+08   8.1200000000000000e+16   1.6970000000000000e+16 
  30.5   2.1144014641695183e+01   2.0737198802250317e+08   5.8715611921039783e+11   7.5097257161864054e+08   3.4552742838135993e+08   8.1200000000000000e+16   1.6970000000000000e+16 
  30.8   2.8968887777017226e+01   2.6044413322484815e+08   5.8619391082298950e+11   7.9275010826455486e+08   3.0374989173544568e+08   8.1200000000000000e+16   1.6970000000000000e+16 
  31.0   3.7429764251543133e+01   3.1523857455641836e+08   5.8546958589467566e+11   8.2521449866444886e+08   2.7128550133555168e+08   8.1200000000000000e+16   1.6970000000000000e+16 
  31.2   4.6265063800599421e+01   3.7041780941061962e+08   5.8510042028353052e+11   8.5038041496249008e+08   2.4611958503751042e+08   8.1200000000000000e+16   1.6970000000000000e+16 
  31.5   5.5145978112837916e+01   4.2439821137350899e+08   5.8518167525872620e+11   8.6997317459482539e+08   2.2652682540517503e+08   8.1200000000000000e+16   1.6970000000000000e+16 
  31.8   6.3783350612372878e+01   4.7585179169504821e+08   5.8577825243519165e+11   8.8524963093022227e+08   2.1125036906977829e+08   8.1200000000000000e+16   1.6970000000000000e+16 
  32.0   7.1943789395036703e+01   5.2375526394703257e+08   5.8692157312627307e+11   8.9714887478013861e+08   1.9935112521986195e+08   8.1200000000000000e+16   1.6970000000000000e+16 
  32.2   7.9455928634243307e+01   5.6740057315550661e+08   5.8861080190196936e+11   9.0638012205808377e+08   1.9011987794191673e+08   8.1200000000000000e+16   1.6970000000000000e+16 
  32.5   8.6209447495242657e+01   6.0637745450102556e+08   5.9081741825118567e+11   9.1348632145718694e+08   1.8301367854281345e+08   8.1200000000000000e+16   1.6970000000000000e+16 
  32.8   9.2149413401659103e+01   6.4053897242631483e+08   5.9349181264768152e+11   9.1888938497360945e+08   1.7761061502639091e+08   8.1200000000000000e+16   1.6970000000000000e+16 
  33.0   9.7268038950959379e+01   6.6995845575410950e+08   5.9657061604457568e+11   9.2292234690139079e+08   1.7357765309860957e+08   8.1200000000000000e+16   1.6970000000000000e+16 
  33.2   1.0159536091026301e+02   6.9488359907157969e+08   5.9998371965443982e+11   9.2585227945790434e+08   1.7064772054209599e+08   8.1200000000000000e+16   1.6970000000000000e+16 
  33.5   1.0518984328753049e+02   7.1569139780801690e+08   6.0366028433817151e+11   9.2789665658967364e+08   1.6860334341032675e+08   8.1200000000000000e+16   1.6970000000000000e+16 
  33.8   1.0812953278160103e+02   7.3284614975419259e+08   6.0753337720137573e+11   9.2923503824664152e+08   1.6726496175335890e+08   8.1200000000000000e+16   1.6970000000000000e+16 
  34.0   1.1050413675127379e+02   7.4686184016627014e+08   6.1154315193797876e+11   9.3001737935363603e+08   1.6648262064636439e+08   8.1200000000000000e+16   1.6970000000000000e+16 
  34.2   1.1240821693075623e+02   7.5826961904783762e+08   6.1563868234391357e+11   9.3036988001771498e+08   1.6613011998228529e+08   8.1200000000000000e+16   1.6970000000000000e+16 
  34.5   1.1393556273883870e+02   7.6759061859980392e+08   6.1977866895039685e+11   9.3039903279918754e+08   1.6610096720081258e+08   8.1200000000000000e+16   1.6970000000000000e+16 
  34.8   1.1517470736434791e+02   7.7531396575658250e+08   6.2393127927691956e+11   9.3019434503591383e+08   1.6630565496408626e+08   8.1200000000000000e+16   1.6970000000000000e+16 
  35.0   1.1620547836793141e+02   7.8187954411631942e+08   6.2807337582328662e+11   9.2983009678103614e+08   1.6666990321896392e+08   8.1200000000000000e+16   1.6970000000000000e+16 
  35.2   1.1709642097193961e+02   7.8766480522887194e+08   6.3218934926475610e+11   9.2936640969340897e+08   1.6713359030659100e+08   8.1200000000000000e+16   1.6970000000000000e+16 
  35.5   1.1790290428779228e+02   7.9297478874071324e+08   6.3626972684735742e+11   9.2884984146117496e+08   1.6765015853882498e+08   8.1200000000000000e+16   1.6970000000000000e+16 
  35.8   1.1866571892681453e+02   7.9803447657688797e+08   6.4030967466986633e+11   9.2831367477232540e+08   1.6818632522767463e+08   8.1200000000000000e+16   1.6970000000000000e+16 
  36.0   1.1940998735868709e+02   8.0298265500288594e+08   6.4430746940918250e+11   9.2777802763896644e+08   1.6872197236103356e+08   8.1200000000000000e+16   1.6970000000000000e+16 
  36.2   1.2014424443368924e+02   8.0786661351094055e+08   6.4826297971739307e+11   9.2724987698591018e+08   1.6925012301408991e+08   8.1200000000000000e+16   1.6970000000000000e+16 
  36.5   1.2085959427785492e+02   8.1263723041052747e+08   6.5217617386298572e+11   9.2672305108051741e+08   1.6977694891948265e+08   8.1200000000000000e+16   1.6970000000000000e+16 
  36.8   1.2152891072606580e+02   8.1714429316699600e+08   6.5604565868924390e+11   9.2617821217515600e+08   1.7032178782484412e+08   8.1200000000000000e+16   1.6970000000000000e+16 
  37.0   1.2210612344702645e+02   8.2113225466244125e+08   6.5986725367729883e+11   9.2558281437012148e+08   1.7091718562987846e+08   8.1200000000000000e+16   1.6970000000000000e+16 
  37.2   1.2252571683217737e+02   8.2423705448824275e+08   6.6363261538248401e+11   9.2489098779229236e+08   1.7160901220770755e+08   8.1200000000000000e+16   1.6970000000000000e+16 
  37.5   1.2270266077008780e+02   8.2598508532325017e+08   6.6732794807017932e+11   9.2404326235857630e+08   1.7245673764142367e+08   8.1200000000000000e+16   1.6970000000000000e+16 
  37.8   1.2253309255339592e+02   8.2579589541465902e+08   6.7093286754470654e+11   9.2296600865475631e+08   1.7353399134524360e+08   8.1200000000000000e+16   1.6970000000000000e+16 
  38.0   1.2189616020235229e+02   8.2299068033188295e+08   6.7441952375973901e+11   9.2157043232153881e+08   1.7492956767846113e+08   8.1200000000000000e+16   1.6970000000000000e+16 
  38.2   1.2065750975477899e+02   8.1680900290572679e+08   6.7775212934238489e+11   9.1975091229475725e+08   1.7674908770524275e+08   8.1200000000000000e+16   1.6970000000000000e+16 
  38.5   1.1867492168061224e+02   8.0643632890399563e+08   6.8088708036567859e+11   9.1738241587040925e+08   1.7911758412959072e+08   8.1200000000000000e+16   1.6970000000000000e+16 
  38.8   1.1580654332313021e+02   7.9104473002860141e+08   6.8377388076341382e+11   9.1431664744266748e+08   1.8218335255733252e+08   8.1200000000000000e+16   1.6970000000000000e+16 
  39.0   1.1192198556050229e+02   7.6984828654923534e+08   6.8635707952875891e+11   9.1037648488792050e+08   1.8612351511207944e+08   8.1200000000000000e+16   1.6970000000000000e+16 
  39.2   1.0691620969503120e+02   7.4217311515856504e+08   6.8857938401600171e+11   9.0534810905125618e+08   1.9115189094874376e+08   8.1200000000000000e+16   1.6970000000000000e+16 
  39.5   1.0072561632418780e+02   7.0753949662115002e+08   6.9038600635612878e+11   8.9897002866197145e+08   1.9752997133802858e+08   8.1200000000000000e+16   1.6970000000000000e+16 
  39.8   9.3345066900519100e+01   6.6575030023027241e+08   6.9173012143990942e+11   8.9091791462706399e+08   2.0558208537293604e+08   8.1200000000000000e+16   1.6970000000000000e+16 
  40.0   8.4843807524799232e+01   6.1697622814512336e+08   6.9257906785615674e+11   8.8078377561232865e+08   2.1571622438767141e+08   8.1200000000000000e+16   1.6970000000000000e+16 
  40.2   7.5377563934991514e+01   5.6182498456562400e+08   6.9292062725638220e+11   8.6804751872549987e+08   2.2845248127450031e+08   8.1200000000000000e+16   1.6970000000000000e+16 
  40.5   6.5193645488524922e+01   5.0137935955502373e+08   6.9276842775027881e+11   8.5203840108172333e+08   2.4446159891827688e+08   8.1200000000000000e+16   1.6970000000000000e+16 
  40.8   5.4625961039475712e+01   4.3718948594734734e+08   6.9216531558619690e+11   8.3188347502056110e+08   2.6461652497943905e+08   8.1200000000000000e+16   1.6970000000000000e+16 
  41.0   4.4077593129682683e+01   3.7120808216588950e+08   6.9118353312905859e+11   8.0644043010307062e+08   2.9005956989692950e+08   8.1200000000000000e+16   1.6970000000000000e+16 
  41.2   3.3990053564784191e+01   3.0566453617893636e+08   6.8992083584780164e+11   7.7421469306677246e+08   3.2228530693322772e+08   8.1200000000000000e+16   1.6970000000000000e+16 
  41.5   2.4800458503154175e+01   2.4288362844557601e+08   6.8849233358366187e+11   7.3326882746312153e+08   3.6323117253687865e+08   8.1200000000000000e+16   1.6970000000000000e+16 
  41.8   1.6890372636294948e+01   1.8506610888110209e+08   6.8701880766511914e+11   6.8115438211421502e+08   4.1534561788578504e+08   8.1200000000000000e+16   1.6970000000000000e+16 
  42.0   1.0532711185550479e+01   1.3405965594289896e+08   6.8561333980060095e+11   6.1494995345909727e+08   4.8155004654090273e+08   8.1200000000000000e+16   1.6970000000000000e+16 
  42.2   5.8455874267659578e+00   9.1158541111400187e+07   6.8436893236827942e+11   5.3160690538363475e+08   5.6489309461636531e+08   8.1200000000000000e+16   1.6970000000000000e+16 
  42.5   2.6724957813692307e+00   5.6592321003894061e+07   6.8334965383502649e+11   4.2906404693987077e+08   6.6743595306012928e+08   8.1200000000000000e+16   1.6970000000000000e+16 
  42.8   9.5191643077048504e-01   3.1044438663133420e+07   6.8258778939251978e+11   3.0909392812316161e+08   7.8740607187683845e+08   8.1200000000000000e+16   1.6970000000000000e+16 
  43.0   2.0671455812646303e-01   1.3533200725583201e+07   6.8208707285672546e+11   1.8108187265709820e+08   9.1541812734290195e+08   8.1200000000000000e+16   1.6970000000000000e+16 
  43.2   1.4159881695494096e-02   3.3795683892841740e+06   6.8182339367755066e+11   6.8124459353387147e+07   1.0283755406466128e+09   8.1200000000000000e+16   1.6970000000000000e+16 
  43.5   1.5507631443655664e-16   4.3224177758639177e+00   6.8173995104804346e+11   6.3114084222294306e+06   1.0901885915777698e+09   8.1200000000000000e+16   1.6970000000000000e+16 
  43.8   1.6885266364914395e-79  -1.2620128167838484e-12   6.8173378542775562e+11   1.4578389191134402e+05   1.0963542161080880e+09   8.1200000000000000e+16   1.6970000000000000e+16 
  44.0  4.8805717613099155e-114  -1.0094181761182701e-20   6.8173364293728247e+11   3.2934188480032417e+03   1.0964967065811515e+09   8.1200000000000000e+16   1.6970000000000000e+16 
  44.2  1.5149900197560648e-148  -8.6473772837531952e-29   6.8173363971791406e+11   7.4050332445318801e+01   1.0964999259496670e+09   8.1200000000000000e+16   1.6970000000000000e+16 
  44.5 -7.0942114337824667e-175   2.8308093457835367e-35   6.8173363964543127e+11   1.5674980538335372e+00   1.0964999984325016e+09   8.1200000000000000e+16   1.6970000000000000e+16 
  44.8 -8.8483744051305633e-193   6.0725274563640679e-40   6.8173363964388696e+11   2.3063222890939358e-02   1.0964999999769363e+09   8.1200000000000000e+16   1.6970000000000000e+16 
  45.0  4.8874899881136756e-202  -1.4006789468425005e-42   6.8173363964386243e+11  -1.4647052756128834e-03   1.0965000000014641e+09   8.1200000000000000e+16   1.6970000000000000e+16 
  45.2 -2.6996563546108236e-211   3.2307824487046265e-45   6.8173363964386401e+11   9.3020891076347448e-05   1.0964999999999063e+09   8.1200000000000000e+16   1.6970000000000000e+16 
  45.5  1.4911819062207070e-220  -7.4520683374695368e-48   6.8173363964386389e+11  -5.9075954191653031e-06   1.0965000000000052e+09   8.1200000000000000e+16   1.6970000000000000e+16 
  45.8 -8.2366904447329151e-230   1.7188815213673683e-50   6.8173363964386389e+11   3.7518113654596779e-07   1.0964999999999990e+09   8.1200000000000000e+16   1.6970000000000000e+16 
  46.0  4.5496215716700537e-239  -3.9647431433809998e-53   6.8173363964386389e+11  -2.3827103115976832e-08   1.0964999999999993e+09   8.1200000000000000e+16   1.6970000000000000e+16 
  46.2 -2.5130296121309518e-248   9.1450097040331702e-56   6.8173363964386389e+11   1.5132179835214935e-09   1.0964999999999993e+09   8.1200000000000000e+16   1.6970000000000000e+16 
  46.5  1.3880978707771232e-257  -2.1093725233223765e-58   6.8173363964386389e+11  -9.6101848995543911e-11   1.0964999999999993e+09   8.1200000000000000e+16   1.6970000000000000e+16 
  46.8 -7.6672983019434993e-267   4.8654431062957459e-61   6.8173363964386389e+11   6.1032617117526881e-12   1.0964999999999993e+09   8.1200000000000000e+16   1.6970000000000000e+16 
  47.0  4.2351130256260972e-276  -1.1222549056113109e-63   6.8173363964386389e+11  -3.8760756334535840e-13   1.0964999999999993e+09   8.1200000000000000e+16   1.6970000000000000e+16 
  47.2 -2.3393060409481031e-285   2.5885742483318425e-66   6.8173363964386389e+11   2.4616283924580543e-14   1.0964999999999993e+09   8.1200000000000000e+16   1.6970000000000000e+16 
  47.5  1.2921396137438804e-294  -5.9707617276818769e-69   6.8173363964386389e+11  -1.5633374876012226e-15   1.0964999999999993e+09   8.1200000000000000e+16   1.6970000000000000e+16 
  47.8 -7.1372676280445656e-304   1.3772058356731278e-71   6.8173363964386389e+11   9.9284851752088787e-17   1.0964999999999993e+09   8.1200000000000000e+16   1.6970000000000000e+16 
  48.0  5.6888985986818094e-313  -3.1766397661092755e-74   6.8173363964386389e+11  -6.3054086949321951e-18   1.0964999999999993e+09   8.1200000000000000e+16   1.6970000000000000e+16 
  48.2  1.2978857883619799e-314   7.3271837384415257e-77   6.8173363964386389e+11   4.0044556756151993e-19   1.0964999999999993e+09   8.1200000000000000e+16   1.6970000000000000e+16 
  48.5  1.2978857883619799e-314  -1.6900758502634622e-79   6.8173363964386389e+11  -2.5431603300916992e-20   1.0964999999999993e+09   8.1200000000000000e+16   1.6970000000000000e+16 
  48.8  1.2978857883619799e-314   3.8983004679651887e-82   6.8173363964386389e+11   1.6151170067723326e-21   1.0964999999999993e+09   8.1200000000000000e+16   1.6970000000000000e+16 
  49.0  1.2978857883619799e-314  -8.9917541488829263e-85   6.8173363964386389e+11  -1.0257327918728493e-22   1.0964999999999993e+09   8.1200000000000000e+16   1.6970000000000000e+16 
  49.2  1.2978857883619799e-314   2.0740228553027933e-87   6.8173363964386389e+11   6.5142510165616507e-24   1.0964999999999993e+09   8.1200000000000000e+16   1.6970000000000000e+16 
  49.5  1.2978857883619799e-314  -4.7839061579021432e-90   6.8173363964386389e+11  -4.1370878110753150e-25   1.0964999999999993e+09   8.1200000000000000e+16   1.6970000000000000e+16 
  49.8  1.2978857883619799e-314   1.1034477305351822e-92   6.8173363964386389e+11   2.6273926984136914e-26   1.0964999999999993e+09   8.1200000000000000e+16   1.6970000000000000e+16 
  50.0  1.2978857883619799e-314  -2.5451939353199745e-95   6.8173363964386389e+11  -1.6686115226264153e-27   1.0964999999999993e+09   8.1200000000000000e+16   1.6970000000000000e+16 
  50.2  1.2978857883619799e-314   5.8707014289151150e-98   6.8173363964386389e+11   1.0597062308663169e-28   1.0964999999999993e+09   8.1200000000000000e+16   1.6970000000000000e+16 
  50.5  1.2978857883619799e-314 -1.3541260958229261e-100   6.8173363964386389e+11  -6.7300104338804582e-30   1.0964999999999993e+09   8.1200000000000000e+16   1.6970000000000000e+16 
  50.8  1.2978857883619799e-314  3.1234044272081765e-103   6.8173363964386389e+11   4.2741128740096696e-31   1.0964999999999993e+09   8.1200000000000000e+16   1.6970000000000000e+16 
  51.0  1.2978857883619799e-314 -7.2043920030765944e-106   6.8173363964386389e+11  -2.7144149387658508e-32   1.0964999999999993e+09   8.1200000000000000e+16   1.6970000000000000e+16 
  51.2  1.2978857883619799e-314  1.6617529155634003e-108   6.8173363964386389e+11   1.7238778378080214e-33   1.0964999999999993e+09   8.1200000000000000e+16   1.6970000000000000e+16 
  51.5  1.2978857883619799e-314 -3.8329712642022198e-111   6.8173363964386389e+11  -1.0948049088754319e-34   1.0964999999999993e+09   8.1200000000000000e+16   1.6970000000000000e+16 
  51.8  1.2978857883619799e-314  8.8410669086882225e-114   6.8173363964386389e+11   6.9529160489806760e-36   1.0964999999999993e+09   8.1200000000000000e+16   1.6970000000000000e+16 
  52.0  1.2978857883619799e-314 -2.0392655904801335e-116   6.8173363964386389e+11  -4.4156763631823860e-37   1.0964999999999993e+09   8.1200000000000000e+16   1.6970000000000000e+16 
  52.2  1.2978857883619799e-314  4.7037356367386113e-119   6.8173363964386389e+11   2.8043194548891619e-38   1.0964999999999993e+09   8.1200000000000000e+16   1.6970000000000000e+16 
  52.5  1.2978857883619799e-314 -1.0849557332603751e-121   6.8173363964386389e+11  -1.7809746363300267e-39   1.0964999999999993e+09   8.1200000000000000e+16   1.6970000000000000e+16 
  52.8   1.4109310164535782e-02   3.3700798253912874e+06   6.8173187568894446e+11   2.7217588170443326e+07   1.0692824118295561e+09   8.1200000000000000e+16   1.6970000000000000e+16 
  53.0   2.0701260511034419e-01   1.3530661395046236e+07   6.8164961607452490e+11   1.2387883804257695e+08   9.7262116195742249e+08   8.1200000000000000e+16   1.6970000000000000e+16 
  53.2   9.4702796581732662e-01   3.0989171202477403e+07   6.8135203793001782e+11   2.5684273788320476e+08   8.3965726211679471e+08   8.1200000000000000e+16   1.6970000000000000e+16 
  53.5   2.6610236952170636e+00   5.6364108345307201e+07   6.8075644592108350e+11   3.8993085892809445e+08   7.0656914107190490e+08   8.1200000000000000e+16   1.6970000000000000e+16 
  53.8   5.7387720012185044e+00   9.0304434548090875e+07   6.7984641355460242e+11   5.0498778329860842e+08   5.9151221670139086e+08   8.1200000000000000e+16   1.6970000000000000e+16 
  54.0   1.0375861866251919e+01   1.3252160618369637e+08   6.7866021114336047e+11   5.9793233713681233e+08   4.9856766286318702e+08   8.1200000000000000e+16   1.6970000000000000e+16 
  54.2   1.6620970578908100e+01   1.8235056854517505e+08   6.7727725996644885e+11   6.7087362466913188e+08   4.2562637533086741e+08   8.1200000000000000e+16   1.6970000000000000e+16 
  54.5   2.4336368353888020e+01   2.3840720783558354e+08   6.7580768986938037e+11   7.2730724035746825e+08   3.6919275964253104e+08   8.1200000000000000e+16   1.6970000000000000e+16 
  54.8   3.3326786427782345e+01   2.9928998860032350e+08   6.7438030896382361e+11   7.7116346390572119e+08   3.2533653609427810e+08   8.1200000000000000e+16   1.6970000000000000e+16 
  55.0   4.3033606980532745e+01   3.6202798606613195e+08   6.7312911692393628e+11   8.0551273600249767e+08   2.9098726399750161e+08   8.1200000000000000e+16   1.6970000000000000e+16 
  55.2   5.3149776422236755e+01   4.2505086165397692e+08   6.7217675341323865e+11   8.3232047949632025e+08   2.6417952050367904e+08   8.1200000000000000e+16   1.6970000000000000e+16 
  55.5   6.3291231035054395e+01   4.8650746088910848e+08   6.7162444552179224e+11   8.5331192642784357e+08   2.4318807357215565e+08   8.1200000000000000e+16   1.6970000000000000e+16 
  55.8   7.3120820470005512e+01   5.4484995194818878e+08   6.7154334335683667e+11   8.6976608738242567e+08   2.2673391261757344e+08   8.1200000000000000e+16   1.6970000000000000e+16 
  56.0   8.2367551654507807e+01   5.9889337002290452e+08   6.7197116511322668e+11   8.8265156948818326e+08   2.1384843051181591e+08   8.1200000000000000e+16   1.6970000000000000e+16 
  56.2   9.0834154796479496e+01   6.4782887357100010e+08   6.7291322750643176e+11   8.9270727542621219e+08   2.0379272457378700e+08   8.1200000000000000e+16   1.6970000000000000e+16 
  56.5   9.8395914465199652e+01   6.9120274665759206e+08   6.7434686360477686e+11   9.0050309145791113e+08   1.9599690854208803e+08   8.1200000000000000e+16   1.6970000000000000e+16 
  56.8   1.0499376493148334e+02   7.2887408280927908e+08   6.7622790267610657e+11   9.0648426859946299e+08   1.9001573140053618e+08   8.1200000000000000e+16   1.6970000000000000e+16 
  57.0   1.1062417713354189e+02   7.6096152716077828e+08   6.7849791811480505e+11   9.1100363706484079e+08   1.8549636293515840e+08   8.1200000000000000e+16   1.6970000000000000e+16 
  57.2   1.1532771895995275e+02   7.8778648107195973e+08   6.8109119677975769e+11   9.1434491928828931e+08   1.8215508071170989e+08   8.1200000000000000e+16   1.6970000000000000e+16 
  57.5   1.1917757469199029e+02   8.0981765516585457e+08   6.8394072478560681e+11   9.1673957178816557e+08   1.7976042821183366e+08   8.1200000000000000e+16   1.6970000000000000e+16 
  57.8   1.2226883682400586e+02   8.2761997323137093e+08   6.8698282346921021e+11   9.1837891541244543e+08   1.7812108458755386e+08   8.1200000000000000e+16   1.6970000000000000e+16 
  58.0   1.2470904065679363e+02   8.4180953612119126e+08   6.9016034771226929e+11   9.1942281753513992e+08   1.7707718246485940e+08   8.1200000000000000e+16   1.6970000000000000e+16 
  58.2   1.2661016636874426e+02   8.5301544322226620e+08   6.9342455263713989e+11   9.2000583599232936e+08   1.7649416400766996e+08   8.1200000000000000e+16   1.6970000000000000e+16 
  58.5   1.2808215661470163e+02   8.6184860419903970e+08   6.9673584456168860e+11   9.2024148776453352e+08   1.7625851223546585e+08   8.1200000000000000e+16   1.6970000000000000e+16 
  58.8   1.2922787061788341e+02   8.6887717065927553e+08   7.0006367414194641e+11   9.2022513400295830e+08   1.7627486599704117e+08   8.1200000000000000e+16   1.6970000000000000e+16 
  59.0   1.3013930859758892e+02   8.7460784948876882e+08   7.0338582265460181e+11   9.2003585487178791e+08   1.7646414512821156e+08   8.1200000000000000e+16   1.6970000000000000e+16 
  59.2   1.3089488581913932e+02   8.7947211209080446e+08   7.0668729689617810e+11   9.1973760202678096e+08   1.7676239797321847e+08   8.1200000000000000e+16   1.6970000000000000e+16 
  59.5   1.3155751346483160e+02   8.8381619987939584e+08   7.0995900056090222e+11   9.1937985464259422e+08   1.7712014535740519e+08   8.1200000000000000e+16   1.6970000000000000e+16 
  59.8   1.3217324763657913e+02   8.8789382869667006e+08   7.1319629996646741e+11   9.1899795516278946e+08   1.7750204483720997e+08   8.1200000000000000e+16   1.6970000000000000e+16 
  60.0   1.3277029442776765e+02   8.9186060328049183e+08   7.1639755847231628e+11   9.1861325886200845e+08   1.7788674113799098e+08   8.1200000000000000e+16   1.6970000000000000e+16 
  60.2   1.3335820325668510e+02   8.9576935208368027e+08   7.1956267935262122e+11   9.1823319254279935e+08   1.7826680745720020e+08   8.1200000000000000e+16   1.6970000000000000e+16 
  60.5   1.3392714108096649e+02   8.9956586883327198e+08   7.2269167353126917e+11   9.1785128113050687e+08   1.7864871886949277e+08   8.1200000000000000e+16   1.6970000000000000e+16 
  60.8   1.3444720992615930e+02   9.0308488337424111e+08   7.2578325677996924e+11   9.1744716333230793e+08   1.7905283666769180e+08   8.1200000000000000e+16   1.6970000000000000e+16 
  61.0   1.3486785367956384e+02   9.0604648458834136e+08   7.2883348037224451e+11   9.1698658166338968e+08   1.7951341833661008e+08   8.1200000000000000e+16   1.6970000000000000e+16 
  61.2   1.3511749166875066e+02   9.0805366925091040e+08   7.3183440955500085e+11   9.1642129469343078e+08   1.8007870530656895e+08   8.1200000000000000e+16   1.6970000000000000e+16 
  61.5   1.3510361554151345e+02   9.0859218274491322e+08   7.3477288549268616e+11   9.1568882215742612e+08   1.8081117784257367e+08   8.1200000000000000e+16   1.6970000000000000e+16 
  61.8   1.3471369061099222e+02   9.0703434065184474e+08   7.3762943623335510e+11   9.1471189550934589e+08   1.8178810449065384e+08   8.1200000000000000e+16   1.6970000000000000e+16 
  62.0   1.3381729655379809e+02   9.0264900216929436e+08   7.4037744071725513e+11   9.1339744461156106e+08   1.8310255538843873e+08   8.1200000000000000e+16   1.6970000000000000e+16 
  62.2   1.3227001569713835e+02   8.9462025319224000e+08   7.4298269075096399e+11   9.1163490482632303e+08   1.8486509517367676e+08   8.1200000000000000e+16   1.6970000000000000e+16 
  62.5   1.2991959651350462e+02   8.8207749438879812e+08   7.4540353449439294e+11   9.0929357009893715e+08   1.8720642990106258e+08   8.1200000000000000e+16   1.6970000000000000e+16 
  62.8   1.2661485473460874e+02   8.6413936015330350e+08   7.4759180924596191e+11   9.0621864222157431e+08   1.9028135777842531e+08   8.1200000000000000e+16   1.6970000000000000e+16 
  63.0   1.2221758188069215e+02   8.3997302118922329e+08   7.4949476946429529e+11   9.0222552402347744e+08   1.9427447597652218e+08   8.1200000000000000e+16   1.6970000000000000e+16 
  63.2   1.1661737107667732e+02   8.0886873343554604e+08   7.5105816975278357e+11   8.9709175965225422e+08   1.9940824034774539e+08   8.1200000000000000e+16   1.6970000000000000e+16 
  63.5   1.0974872669257442e+02   7.7032692505753624e+08   7.5223055723928479e+11   8.9054582823108804e+08   2.0595417176891163e+08   8.1200000000000000e+16   1.6970000000000000e+16 
  63.8   1.0160911373025920e+02   7.2415170916905701e+08   7.5296865116325452e+11   8.8225172626975572e+08   2.1424827373024398e+08   8.1200000000000000e+16   1.6970000000000000e+16 
  64.0   9.2275802031448862e+01   6.7054086071308923e+08   7.5324344207262146e+11   8.7178792268100524e+08   2.2471207731899449e+08   8.1200000000000000e+16   1.6970000000000000e+16 
  64.2   8.1918624725995585e+01   6.1015873069230413e+08   7.5304635067175378e+11   8.5861884846883464e+08   2.3788115153116512e+08   8.1200000000000000e+16   1.6970000000000000e+16 
  64.5   7.0805307885516910e+01   5.4417631313751245e+08   7.5239449956166064e+11   8.4205666978298008e+08   2.5444333021701971e+08   8.1200000000000000e+16   1.6970000000000000e+16 
  64.8   5.9296079773955761e+01   4.7426287919792962e+08   7.5133395151698450e+11   8.2121093105779290e+08   2.7528906894220674e+08   8.1200000000000000e+16   1.6970000000000000e+16 
  65.0   4.7825027572460982e+01   4.0251720124833286e+08   7.4993976340643665e+11   7.9492440481923151e+08   3.0157559518076813e+08   8.1200000000000000e+16   1.6970000000000000e+16 
  65.2   3.6867207083608456e+01   3.3133366490155733e+08   7.4831199648743164e+11   7.6169674221614683e+08   3.3480325778385276e+08   8.1200000000000000e+16   1.6970000000000000e+16 
  65.5   2.6892743509295393e+01   2.6320898251786399e+08   7.4656747004928748e+11   7.1960701479718888e+08   3.7689298520281070e+08   8.1200000000000000e+16   1.6970000000000000e+16 
  65.8   1.8311860348267182e+01   2.0050741293459782e+08   7.4482800016557446e+11   6.6627015040872324e+08   4.3022984959127623e+08   8.1200000000000000e+16   1.6970000000000000e+16 
  66.0   1.1417654002588797e+01   1.4521470639989620e+08   7.4320693220868457e+11   5.9891710621322191e+08   4.9758289378677756e+08   8.1200000000000000e+16   1.6970000000000000e+16 
  66.2   6.3362033551051891e+00   9.8721937476438984e+07   7.4179659654957947e+11   5.1480237034593827e+08   5.8169762965406108e+08   8.1200000000000000e+16   1.6970000000000000e+16 
  66.5   2.8966271737086307e+00   6.1270990572381660e+07   7.4065916297953857e+11   4.1243583656008571e+08   6.8406416343991375e+08   8.1200000000000000e+16   1.6970000000000000e+16 
  66.8   1.0317408322447923e+00   3.3599522031848103e+07   7.3982302650402087e+11   2.9418670269776911e+08   8.0231329730223024e+08   8.1200000000000000e+16   1.6970000000000000e+16 
  67.0   2.2405017358496054e-01   1.4640870424843613e+07   7.3928547125756360e+11   1.6997194804077220e+08   9.2652805195922709e+08   8.1200000000000000e+16   1.6970000000000000e+16 
  67.2   1.5349149159295016e-02   3.6546729643791309e+06   7.3901197067411255e+11   6.2383357509012587e+07   1.0341166424909866e+09   8.1200000000000000e+16   1.6970000000000000e+16 
  67.5   6.9944625313871527e-16   4.6981258353333786e+00   7.3893099685633594e+11   5.1000504598701764e+06   1.0913999495401285e+09   8.1200000000000000e+16   1.6970000000000000e+16 
  67.8   8.3754829012203935e-79  -1.3634247900577473e-12   7.3892598216699622e+11   8.5356509910843146e+04   1.0964146434900877e+09   8.1200000000000000e+16   1.6970000000000000e+16 
  68.0  2.0555418669796089e-113  -9.3676645192765169e-21   7.3892589821236536e+11   1.4018789687783576e+03   1.0964985981210296e+09   8.1200000000000000e+16   1.6970000000000000e+16 
  68.2  5.3108275752429320e-148  -6.7648429630018486e-29   7.3892589683334167e+11   2.2855346880525694e+01   1.0964999771446514e+09   8.1200000000000000e+16   1.6970000000000000e+16 
  68.5 -3.1412518384692933e-174   2.7672869276455349e-35   7.3892589681077087e+11   2.8466084783896789e-01   1.0964999997153375e+09   8.1200000000000000e+16   1.6970000000000000e+16 
  68.8 -1.0198844053014102e-191   1.4797359338022179e-39   7.3892589681047546e+11  -1.0767795780716039e-02   1.0965000000107660e+09   8.1200000000000000e+16   1.6970000000000000e+16 
  69.0  5.6334383634328749e-201  -3.4129114653074287e-42   7.3892589681048706e+11   8.3353286227445030e-04   1.0964999999991646e+09   8.1200000000000000e+16   1.6970000000000000e+16 
  69.2 -3.1116804990356561e-210   7.8716508822762883e-45   7.3892589681048621e+11  -6.4523607861860651e-05   1.0965000000000627e+09   8.1200000000000000e+16   1.6970000000000000e+16 
  69.5  1.7187643654621328e-219  -1.8155433635708535e-47   7.3892589681048621e+11   4.9947592469849102e-06   1.0964999999999933e+09   8.1200000000000000e+16   1.6970000000000000e+16 
  69.8 -9.4937606231014642e-229   4.1874287291196009e-50   7.3892589681048621e+11  -3.8664328858906858e-07   1.0964999999999988e+09   8.1200000000000000e+16   1.6970000000000000e+16 
  70.0  5.2439668048094780e-238  -9.6580228890651673e-53   7.3892589681048621e+11   2.9929977646312264e-08   1.0964999999999986e+09   8.1200000000000000e+16   1.6970000000000000e+16 
  70.2 -2.8965490594008787e-247   2.2275580591277518e-55   7.3892589681048621e+11  -2.3168734291954269e-09   1.0964999999999986e+09   8.1200000000000000e+16   1.6970000000000000e+16 
  70.5  1.5999343266213685e-256  -5.1377129292194251e-58   7.3892589681048621e+11   1.7934869682647961e-10   1.0964999999999986e+09   8.1200000000000000e+16   1.6970000000000000e+16 
  70.8 -8.8373827466757443e-266   1.1849789519471353e-60   7.3892589681048621e+11  -1.3883345826330639e-11   1.0964999999999986e+09   8.1200000000000000e+16   1.6970000000000000e+16 
  71.0  4.8814109977834937e-275  -2.7330742996009885e-63   7.3892589681048621e+11   1.0747069521222949e-12   1.0964999999999986e+09   8.1200000000000000e+16   1.6970000000000000e+16 
  71.2 -2.6962942496182961e-284   6.3036521575905877e-66   7.3892589681048621e+11  -8.3192844677935894e-14   1.0964999999999986e+09   8.1200000000000000e+16   1.6970000000000000e+16 
  71.5  1.4893234413634356e-293  -1.4538949976472335e-68   7.3892589681048621e+11   6.4399410387545212e-15   1.0964999999999986e+09   8.1200000000000000e+16   1.6970000000000000e+16 
  71.8 -8.2264095472156610e-303   3.3533110827490214e-71   7.3892589681048621e+11  -4.9851451459784015e-16   1.0964999999999986e+09   8.1200000000000000e+16   1.6970000000000000e+16 
  72.0  4.4459814910889489e-312  -7.7341866062408825e-74   7.3892589681048621e+11   3.8589906300257534e-17   1.0964999999999986e+09   8.1200000000000000e+16   1.6970000000000000e+16 
  72.2 -1.3041903817108619e-315   1.7838381523231243e-76   7.3892589681048621e+11  -2.9872367296346505e-18   1.0964999999999986e+09   8.1200000000000000e+16   1.6970000000000000e+16 
  72.5 -1.3041903817108619e-315  -4.1143027905698657e-79   7.3892589681048621e+11   2.3124138238238645e-19   1.0964999999999986e+09   8.1200000000000000e+16   1.6970000000000000e+16 
  72.8 -1.3041903817108619e-315   9.4893628272557668e-82   7.3892589681048621e+11  -1.7900347968959619e-20   1.0964999999999986e+09   8.1200000000000000e+16   1.6970000000000000e+16 
  73.0 -1.3041903817108619e-315  -2.1886577495858842e-84   7.3892589681048621e+11   1.3856622638588903e-21   1.0964999999999986e+09   8.1200000000000000e+16   1.6970000000000000e+16 
  73.2 -1.3041903817108619e-315   5.0479919801013725e-87   7.3892589681048621e+11  -1.0726383156417114e-22   1.0964999999999986e+09   8.1200000000000000e+16   1.6970000000000000e+16 
  73.5 -1.3041903817108619e-315  -1.1642854181280226e-89   7.3892589681048621e+11   8.3032711952373288e-24   1.0964999999999986e+09   8.1200000000000000e+16   1.6970000000000000e+16 
  73.8 -1.3041903817108619e-315   2.6853460548447687e-92   7.3892589681048621e+11  -6.4275451973214068e-25   1.0964999999999986e+09   8.1200000000000000e+16   1.6970000000000000e+16 
  74.0 -1.3041903817108619e-315  -6.1935701693059097e-95   7.3892589681048621e+11   4.9755495505562175e-26   1.0964999999999986e+09   8.1200000000000000e+16   1.6970000000000000e+16 
  74.2 -1.3041903817108619e-315   1.4285053270091025e-97   7.3892589681048621e+11  -3.8515626992956647e-27   1.0964999999999986e+09   8.1200000000000000e+16   1.6970000000000000e+16 
  74.5 -1.3041903817108619e-315 -3.2947515140884937e-100   7.3892589681048621e+11   2.9814867836955694e-28   1.0964999999999986e+09   8.1200000000000000e+16   1.6970000000000000e+16 
  74.8 -1.3041903817108619e-315  7.5991228974396296e-103   7.3892589681048621e+11  -2.3079628024689627e-29   1.0964999999999986e+09   8.1200000000000000e+16   1.6970000000000000e+16 
  75.0 -1.3041903817108619e-315 -1.7526866157722872e-105   7.3892589681048621e+11   1.7865892703968035e-30   1.0964999999999986e+09   8.1200000000000000e+16   1.6970000000000000e+16 
  75.2 -1.3041903817108619e-315  4.0424538654874091e-108   7.3892589681048621e+11  -1.3829950888647003e-31   1.0964999999999986e+09   8.1200000000000000e+16   1.6970000000000000e+16 
  75.5 -1.3041903817108619e-315 -9.3236481111612274e-111   7.3892589681048621e+11   1.0705736609506646e-32   1.0964999999999986e+09   8.1200000000000000e+16   1.6970000000000000e+16 
  75.8 -1.3041903817108619e-315  2.1504367642363101e-113   7.3892589681048621e+11  -8.2872887456321761e-34   1.0964999999999986e+09   8.1200000000000000e+16   1.6970000000000000e+16 
  76.0 -1.3041903817108619e-315 -4.9598378465666559e-116   7.3892589681048621e+11   6.4151732158714821e-35   1.0964999999999986e+09   8.1200000000000000e+16   1.6970000000000000e+16 
  76.2 -1.3041903817108619e-315  1.1439532597915727e-118   7.3892589681048621e+11  -4.9659724250980602e-36   1.0964999999999986e+09   8.1200000000000000e+16   1.6970000000000000e+16 
  76.5 -1.3041903817108619e-315 -2.6384512983488484e-121   7.3892589681048621e+11   3.8441490661268563e-37   1.0964999999999986e+09   8.1200000000000000e+16   1.6970000000000000e+16 
  76.8   1.5298646242110541e-02   3.6441410787775149e+06   7.3892080105271033e+11   2.6444179751900338e+07   1.0700558202480978e+09   8.1200000000000000e+16   1.6970000000000000e+16 
  77.0   2.2439771908000608e-01   1.4635647774978224e+07   7.3881789845174854e+11   1.1893040656305107e+08   9.7756959343694723e+08   8.1200000000000000e+16   1.6970000000000000e+16 
  77.2   1.0264481967287906e+00   3.3533685980221488e+07   7.3847220170091772e+11   2.4660828831773672e+08   8.4989171168226159e+08   8.1200000000000000e+16   1.6970000000000000e+16 
  77.5   2.8839987812406878e+00   6.1012506341041028e+07   7.3779326938968311e+11   3.7606976643046671e+08   7.2043023356953156e+08   8.1200000000000000e+16   1.6970000000000000e+16 
  77.8   6.2191995486798151e+00   9.7772151267834440e+07   7.3675804536158716e+11   4.8968089305114853e+08   6.0681910694884992e+08   8.1200000000000000e+16   1.6970000000000000e+16 
  78.0   1.1243324337812378e+01   1.4349013779314691e+08   7.3540055652324487e+11   5.8268155237334549e+08   5.1381844762665302e+08   8.1200000000000000e+16   1.6970000000000000e+16 
  78.2   1.8007995196402955e+01   1.9743421196724990e+08   7.3379861785243774e+11   6.5644227667141378e+08   4.4005772332858461e+08   8.1200000000000000e+16   1.6970000000000000e+16 
  78.5   2.6362121330438796e+01   2.5808816905369717e+08   7.3206289002237866e+11   7.1396462458018982e+08   3.8253537541980851e+08   8.1200000000000000e+16   1.6970000000000000e+16 
  78.8   3.6091343370364129e+01   3.2391868791876107e+08   7.3032418625574780e+11   7.5894232134521997e+08   3.3755767865477848e+08   8.1200000000000000e+16   1.6970000000000000e+16 
  79.0   4.6587333484218490e+01   3.9168436857082075e+08   7.2871959778309937e+11   7.9432808471197665e+08   3.0217191528802180e+08   8.1200000000000000e+16   1.6970000000000000e+16 
  79.2   5.7514037622546162e+01   4.5966648397560912e+08   7.2737544579921790e+11   8.2204885093835425e+08   2.7445114906164414e+08   8.1200000000000000e+16   1.6970000000000000e+16 
  79.5   6.8452250869167230e+01   5.2584383607642186e+08   7.2639708849013672e+11   8.4382377648996866e+08   2.5267622351002970e+08   8.1200000000000000e+16   1.6970000000000000e+16 
  79.8   7.9034362351943685e+01   5.8852922430785644e+08   7.2586002604806958e+11   8.6094066204769933e+08   2.3555933795229912e+08   8.1200000000000000e+16   1.6970000000000000e+16 
  80.0   8.8965584037652519e+01   6.4643560370015299e+08   7.2580637461527087e+11   8.7438261489131749e+08   2.2211738510868099e+08   8.1200000000000000e+16   1.6970000000000000e+16 
  80.2   9.8032332303595510e+01   6.9869098947156107e+08   7.2624575475447681e+11   8.8490410096468961e+08   2.1159589903530893e+08   8.1200000000000000e+16   1.6970000000000000e+16 
  80.5   1.0610092015238665e+02   7.4481508846807289e+08   7.2715959560828674e+11   8.9308958999270666e+08   2.0341041000729185e+08   8.1200000000000000e+16   1.6970000000000000e+16 
  80.8   1.1310983995301650e+02   7.8467188527588844e+08   7.2850752857786536e+11   8.9939721453796279e+08   1.9710278546203560e+08   8.1200000000000000e+16   1.6970000000000000e+16 
  81.0   1.1905844363375122e+02   8.1840981029139268e+08   7.3023457494683179e+11   9.0419087072985864e+08   1.9230912927013969e+08   8.1200000000000000e+16   1.6970000000000000e+16 
  81.2   1.2399414304047896e+02   8.4639795066352165e+08   7.3227807836725403e+11   9.0776367072693086e+08   1.8873632927306741e+08   8.1200000000000000e+16   1.6970000000000000e+16 
  81.5   1.2799959647826353e+02   8.6916396267240524e+08   7.3457367419714734e+11   9.1035500564898431e+08   1.8614499435101396e+08   8.1200000000000000e+16   1.6970000000000000e+16 
  81.8   1.3118081300599570e+02   8.8733717950747550e+08   7.3705992606802539e+11   9.1216289966773617e+08   1.8433710033226201e+08   8.1200000000000000e+16   1.6970000000000000e+16 
  82.0   1.3365670687027873e+02   9.0159886559271288e+08   7.3968153885154797e+11   9.1335288746366334e+08   1.8314711253633475e+08   8.1200000000000000e+16   1.6970000000000000e+16 
  82.2   1.3555034601138343e+02   9.1264046532335520e+08   7.4239125061593311e+11   9.1406431527782333e+08   1.8243568472217470e+08   8.1200000000000000e+16   1.6970000000000000e+16 
  82.5   1.3698193194894091e+02   9.2112990335702860e+08   7.4515061703203271e+11   9.1441473024090922e+08   1.8208526975908878e+08   8.1200000000000000e+16   1.6970000000000000e+16 
  82.8   1.3806340312858472e+02   9.2768541089477766e+08   7.4792994335438342e+11   9.1450285481321430e+08   1.8199714518678358e+08   8.1200000000000000e+16   1.6970000000000000e+16 
  83.0   1.3889445886602493e+02   9.3285595591618502e+08   7.5070761290734473e+11   9.1441052650389314e+08   1.8208947349610475e+08   8.1200000000000000e+16   1.6970000000000000e+16 
  83.2   1.3955974516349633e+02   9.3710710619298589e+08   7.5346902614356250e+11   9.1420389725950515e+08   1.8229610274049273e+08   8.1200000000000000e+16   1.6970000000000000e+16 
  83.5   1.4012692488672718e+02   9.4081105537908459e+08   7.5620531641902600e+11   9.1393412376189065e+08   1.8256587623810732e+08   8.1200000000000000e+16   1.6970000000000000e+16 
  83.8   1.4064536485088769e+02   9.4423957941505694e+08   7.5891195989481018e+11   9.1363772981292737e+08   1.8286227018707061e+08   8.1200000000000000e+16   1.6970000000000000e+16 
  84.0   1.4114520504877507e+02   9.4755882461653328e+08   7.6158735302328503e+11   9.1333677782173932e+08   1.8316322217825872e+08   8.1200000000000000e+16   1.6970000000000000e+16 
