12.000 3.359042e-06 1.000000e+00 1 
12.000 6.371308e-04 1.000000e+00 1 
12.000 8.269609e-02 1.000000e+00 1 
12.000 3.471918e-01 1.000000e+00 1 
12.000 2.935692e-01 1.000000e+00 1 
12.000 1.616713e-01 1.000000e+00 1 
12.000 5.404527e-02 1.000000e+00 1 
12.000 1.311331e-03 1.000000e+00 1 
12.000 2.668197e-02 1.000000e+00 1 
12.000 1.577036e-01 1.000000e+00 1 
12.000 5.629819e-02 1.000000e+00 1 
12.000 9.887542e-04 9.999998e-01 1 
12.000 8.502735e-05 9.999985e-01 1 
12.250 3.624772e-04 9.999871e-01 1 
12.500 2.248630e-03 9.998928e-01 1 
12.750 5.561493e-03 9.995756e-01 1 
13.000 9.427217e-03 9.988210e-01 1 
13.250 1.489202e-02 9.973426e-01 1 
13.500 2.162892e-02 9.947829e-01 1 
13.750 2.925831e-02 9.907160e-01 1 
14.000 3.885351e-02 9.846525e-01 1 
14.250 4.938990e-02 9.760457e-01 1 
14.500 6.065088e-02 9.643030e-01 1 
14.750 7.312150e-02 9.487993e-01 1 
15.000 8.688255e-02 9.288973e-01 1 
15.250 1.012825e-01 9.039718e-01 1 
15.500 1.168166e-01 8.734418e-01 1 
15.750 1.325563e-01 8.368082e-01 1 
16.000 1.493029e-01 7.936981e-01 1 
16.250 1.654846e-01 7.439154e-01 1 
16.500 1.831573e-01 6.874955e-01 1 
16.750 2.024494e-01 6.247625e-01 1 
17.000 2.251202e-01 5.563855e-01 1 
17.250 2.485101e-01 4.834286e-01 1 
17.500 2.790667e-01 4.073928e-01 1 
17.750 3.229933e-01 3.302372e-01 1 
18.000 3.962626e-01 2.543786e-01 1 
18.250 5.468397e-01 1.826572e-01 1 
18.500 8.848476e-01 1.182652e-01 2 
18.500 8.848476e-01 1.182652e-01 1 
18.750 1.801608e+00 6.462730e-02 0 
18.750 9.423589e-01 7.006237e-02 2 
18.750 9.423589e-01 7.006237e-02 1 
18.750 1.986220e-01 4.626024e-02 1 
19.000 2.155066e+00 2.976065e-02 0 
19.000 9.802378e-01 3.284167e-02 2 
19.000 9.802378e-01 3.284167e-02 1 
19.000 1.476276e+00 1.870562e-02 0 
19.000 8.688968e-01 1.978105e-02 2 
19.000 8.688968e-01 1.978105e-02 1 
19.000 3.187940e-01 1.287138e-02 1 
19.250 1.849986e+00 7.872155e-03 0 
19.250 8.503192e-01 8.553848e-03 2 
19.250 8.503192e-01 8.553848e-03 1 
19.250 1.287879e+00 4.787845e-03 0 
19.250 7.395167e-01 5.027517e-03 2 
19.250 7.395167e-01 5.027517e-03 1 
19.250 1.299318e+00 2.712626e-03 0 
19.250 6.655943e-01 2.864527e-03 1 
19.250 1.296640e+00 1.439909e-03 0 
19.250 5.440690e-01 1.531619e-03 1 
19.250 1.241216e+00 6.874017e-04 0 
19.250 3.173608e-01 7.362747e-04 1 
19.250 9.779610e-01 2.648873e-04 2 
19.250 9.779610e-01 2.648873e-04 1 
19.250 6.994257e-01 3.388719e-05 1 
19.250 4.052762e+00 1.718367e-08 0 
19.250 1.643324e+00 3.031814e-08 0 
19.250 9.862395e-01 3.554936e-08 2 
19.250 9.862395e-01 3.554936e-08 1 
19.250 7.985564e-01 8.593497e-09 2 
19.250 7.985564e-01 8.593497e-09 1 
19.250 1.307246e-01 5.720399e-10 1 
19.500 6.345419e-01 0.000000e+00 1 
19.500 5.435710e-01 0.000000e+00 1 
19.500 3.922692e-01 0.000000e+00 1 
19.500 2.354025e-01 0.000000e+00 1 
19.500 1.085519e-01 0.000000e+00 1 
19.500 2.056763e-02 0.000000e+00 1 
19.500 3.824884e-03 0.000000e+00 1 
19.500 1.495517e-02 0.000000e+00 1 
19.500 3.976631e-01 0.000000e+00 1 
19.500 6.185132e-01 0.000000e+00 1 
19.500 6.942154e-01 0.000000e+00 1 
19.500 9.889016e-02 0.000000e+00 1 
19.750 7.180029e-01 0.000000e+00 1 
19.750 7.250755e-01 0.000000e+00 1 
19.750 7.262810e-01 0.000000e+00 1 
19.750 6.587828e-02 0.000000e+00 1 
20.000 7.209960e-01 0.000000e+00 1 
20.000 7.096073e-01 0.000000e+00 1 
20.000 6.779775e-01 0.000000e+00 1 
20.000 4.105030e-02 0.000000e+00 1 
20.250 5.520321e-01 0.000000e+00 1 
20.250 4.202877e-01 0.000000e+00 1 
20.250 1.953850e-01 0.000000e+00 1 
20.500 8.855899e-02 0.000000e+00 1 
20.500 4.108485e-02 0.000000e+00 1 
20.750 6.618569e-03 0.000000e+00 1 
20.750 7.185330e-07 0.000000e+00 1 
21.000 9.471966e-06 0.000000e+00 1 
21.250 4.461120e-07 0.000000e+00 1 
21.500 2.101113e-08 0.000000e+00 1 
21.750 9.895901e-10 0.000000e+00 1 
22.000 4.660772e-11 0.000000e+00 1 
22.250 2.195151e-12 0.000000e+00 1 
22.500 1.033875e-13 0.000000e+00 1 
22.750 4.869396e-15 0.000000e+00 1 
23.000 2.293392e-16 0.000000e+00 1 
23.250 1.080148e-17 0.000000e+00 1 
23.500 5.087316e-19 0.000000e+00 1 
23.750 2.396040e-20 0.000000e+00 1 
24.000 1.128619e-21 0.000000e+00 1 
24.250 5.293956e-23 0.000000e+00 1 
24.500 0.000000e+00 0.000000e+00 1 
24.750 0.000000e+00 0.000000e+00 1 
25.000 0.000000e+00 0.000000e+00 1 
25.250 0.000000e+00 0.000000e+00 1 
25.500 0.000000e+00 0.000000e+00 1 
25.750 0.000000e+00 0.000000e+00 1 
26.000 0.000000e+00 0.000000e+00 1 
26.250 0.000000e+00 0.000000e+00 1 
26.500 0.000000e+00 0.000000e+00 1 
26.750 0.000000e+00 0.000000e+00 1 
27.000 0.000000e+00 0.000000e+00 1 
27.250 0.000000e+00 0.000000e+00 1 
27.500 0.000000e+00 0.000000e+00 1 
27.750 0.000000e+00 0.000000e+00 1 
28.000 0.000000e+00 0.000000e+00 1 
28.250 0.000000e+00 0.000000e+00 1 
28.500 3.141662e+01 2.051805e-03 0 
28.500 2.674808e+01 1.687759e-04 0 
28.500 3.058212e+00 1.533203e-05 0 
28.500 5.641545e+01 1.533183e-07 0 
28.500 1.136824e+01 1.525444e-09 0 
28.500 1.858049e-01 1.513362e-11 1 
28.500 1.853029e-01 1.615869e-10 1 
28.500 4.496723e-01 6.067655e-10 1 
28.500 6.111010e-01 1.591324e-09 1 
28.500 6.796636e-01 3.214880e-09 1 
28.500 7.087149e-01 5.526865e-09 1 
28.500 7.205445e-01 8.593497e-09 1 
28.500 7.266070e-01 1.230771e-08 1 
28.500 7.248707e-01 1.671807e-08 1 
28.500 7.341501e-01 2.159176e-08 2 
28.500 7.341501e-01 2.159176e-08 1 
28.500 7.353089e-01 2.732395e-08 2 
28.500 7.353089e-01 2.732395e-08 1 
28.500 7.363153e-01 3.373019e-08 2 
28.500 7.363153e-01 3.373019e-08 1 
28.500 7.290961e-01 4.081048e-08 2 
28.500 7.290961e-01 4.081048e-08 1 
28.500 7.258620e-01 4.825008e-08 1 
28.500 7.183990e-01 5.659547e-08 1 
28.500 7.091210e-01 6.578952e-08 1 
28.500 7.008351e-01 7.554412e-08 1 
28.500 7.144758e-01 8.555384e-08 1 
28.500 7.090442e-01 9.707547e-08 1 
28.500 7.095650e-01 1.093247e-07 1 
28.500 7.020105e-01 1.224683e-07 1 
28.500 7.059667e-01 1.361818e-07 1 
28.500 6.992120e-01 1.508081e-07 1 
28.500 6.879898e-01 1.673485e-07 1 
28.500 6.953182e-01 1.840329e-07 1 
28.500 6.967937e-01 2.016169e-07 1 
28.500 6.969284e-01 2.206745e-07 1 
28.500 6.985686e-01 2.405927e-07 1 
28.500 6.803113e-01 2.622253e-07 1 
28.500 6.757869e-01 2.855529e-07 1 
28.500 6.995971e-01 3.090786e-07 1 
28.500 6.795868e-01 3.353278e-07 1 
28.500 7.050084e-01 3.617858e-07 1 
28.500 6.748881e-01 3.911844e-07 1 
28.500 6.677957e-01 4.228158e-07 1 
28.500 7.034442e-01 4.545510e-07 1 
28.500 6.745494e-01 4.897676e-07 1 
28.500 6.657235e-01 5.271631e-07 1 
28.500 6.841353e-01 5.661137e-07 1 
28.500 6.830015e-01 6.077527e-07 1 
28.500 7.067858e-01 6.508693e-07 1 
28.500 6.534821e-01 6.994455e-07 1 
28.500 6.723226e-01 7.472945e-07 1 
28.500 6.647465e-01 8.005616e-07 1 
28.500 6.832712e-01 8.543397e-07 1 
28.500 6.843352e-01 9.125969e-07 1 
28.500 6.641526e-01 9.763058e-07 1 
28.500 6.796906e-01 1.042164e-06 1 
28.500 6.830367e-01 1.111680e-06 1 
28.500 6.665911e-01 1.187073e-06 1 
28.500 6.567423e-01 1.266818e-06 1 
28.500 6.810421e-01 1.350817e-06 1 
28.500 6.592786e-01 1.439800e-06 1 
28.500 6.639387e-01 1.534869e-06 1 
28.500 6.587871e-01 1.637244e-06 1 
28.500 6.816920e-01 1.743240e-06 1 
28.500 6.617625e-01 1.861006e-06 1 
28.500 6.968793e-01 1.980943e-06 1 
28.500 6.475224e-01 2.110856e-06 1 
28.500 6.569788e-01 2.247753e-06 1 
28.500 6.765046e-01 2.391163e-06 1 
28.500 6.673905e-01 2.549275e-06 1 
28.500 6.394559e-01 2.714804e-06 1 
28.500 6.573613e-01 2.891619e-06 1 
28.500 6.594538e-01 3.079447e-06 1 
28.500 6.601631e-01 3.281386e-06 1 
28.500 6.635509e-01 3.492856e-06 1 
28.500 6.821377e-01 3.723340e-06 1 
28.500 6.665499e-01 3.967359e-06 1 
28.500 6.445535e-01 4.225981e-06 1 
28.500 6.615012e-01 4.499340e-06 1 
28.500 6.631302e-01 4.792220e-06 1 
28.500 6.430877e-01 5.112107e-06 1 
28.500 6.634558e-01 5.445667e-06 1 
28.500 6.617996e-01 5.805841e-06 1 
28.500 6.711276e-01 6.188812e-06 1 
28.500 6.660713e-01 6.596867e-06 1 
28.500 6.431488e-01 7.034380e-06 1 
28.500 6.561267e-01 7.493769e-06 1 
28.500 6.514816e-01 7.995978e-06 1 
28.500 6.515981e-01 8.532572e-06 1 
28.500 6.673777e-01 9.097373e-06 1 
28.500 6.338605e-01 9.713683e-06 1 
28.500 6.599692e-01 1.036554e-05 1 
28.500 6.334760e-01 1.107661e-05 1 
28.500 6.571411e-01 1.183341e-05 1 
28.500 6.783985e-01 1.264826e-05 1 
28.500 6.373927e-01 1.352528e-05 1 
28.500 6.624317e-01 1.444439e-05 1 
28.500 6.404962e-01 1.545082e-05 1 
28.500 6.306305e-01 1.652892e-05 1 
28.500 6.518936e-01 1.769048e-05 1 
28.500 6.466893e-01 1.894748e-05 1 
28.500 6.490544e-01 2.029699e-05 1 
28.500 6.536134e-01 2.175292e-05 1 
28.500 6.223445e-01 2.332717e-05 1 
28.500 6.466109e-01 2.501361e-05 1 
28.500 6.463873e-01 2.684901e-05 1 
28.500 6.623644e-01 2.881718e-05 1 
28.500 6.428953e-01 3.095435e-05 1 
28.500 6.312007e-01 3.323940e-05 1 
28.500 6.277854e-01 3.572114e-05 1 
28.500 6.496185e-01 3.841182e-05 1 
28.500 6.255409e-01 4.135182e-05 1 
28.500 6.409230e-01 4.451467e-05 1 
28.500 6.423915e-01 4.797223e-05 1 
28.500 6.339986e-01 5.170985e-05 1 
28.500 6.193694e-01 5.577624e-05 1 
28.500 6.431724e-01 6.019426e-05 1 
28.500 6.311236e-01 6.503418e-05 1 
28.500 6.162151e-01 7.030289e-05 1 
28.500 6.220554e-01 7.605513e-05 1 
28.500 6.109690e-01 8.238153e-05 1 
28.500 6.194324e-01 8.932978e-05 1 
28.500 6.313128e-01 9.698612e-05 1 
28.500 6.139478e-01 1.054120e-04 1 
28.500 6.075357e-01 1.146452e-04 1 
28.500 6.284479e-01 1.248539e-04 1 
28.500 6.151495e-01 1.361287e-04 1 
28.500 5.995322e-01 1.485437e-04 1 
28.500 6.063659e-01 1.623103e-04 1 
28.500 6.083594e-01 1.776545e-04 1 
28.500 6.035509e-01 1.947314e-04 1 
28.500 5.952620e-01 2.137298e-04 1 
28.500 5.953542e-01 2.349696e-04 1 
28.500 5.955554e-01 2.588463e-04 1 
28.500 5.893044e-01 2.856398e-04 1 
28.500 5.851696e-01 3.157654e-04 1 
28.500 5.791006e-01 3.498617e-04 1 
28.500 5.667459e-01 3.885286e-04 1 
28.500 5.636913e-01 4.327094e-04 1 
28.500 5.617397e-01 4.834515e-04 1 
28.500 5.539692e-01 5.419706e-04 1 
28.500 5.402197e-01 6.097188e-04 1 
28.500 5.356793e-01 6.887771e-04 1 
28.500 5.275946e-01 7.818588e-04 1 
28.500 5.110613e-01 8.920435e-04 1 
28.500 4.977946e-01 1.023911e-03 1 
28.500 4.832709e-01 1.183709e-03 1 
28.500 4.696082e-01 1.379964e-03 1 
28.500 4.438487e-01 1.624543e-03 1 
28.500 4.105541e-01 1.935127e-03 1 
28.500 3.744282e-01 2.341066e-03 1 
28.500 3.198087e-01 2.891950e-03 1 
28.500 2.284929e-01 3.680965e-03 1 
28.500 7.629936e-02 4.935817e-03 1 
28.500 8.785841e-01 7.671190e-03 2 
28.500 8.785841e-01 7.671190e-03 1 
28.500 1.615254e-01 1.040831e-02 1 
28.750 5.156319e-01 1.271966e-02 1 
28.750 3.678959e-01 1.869532e-02 1 
28.750 4.521932e-01 2.713826e-02 1 
28.750 5.503268e-02 3.630992e-02 1 
29.000 3.520556e-01 4.697654e-02 1 
29.000 4.055986e-01 6.568646e-02 1 
29.000 6.899835e-03 8.224755e-02 1 
29.250 3.770812e-01 1.003548e-01 1 
29.250 1.399636e-01 1.304796e-01 1 
29.500 3.635781e-01 1.659513e-01 1 
29.500 4.029838e-02 2.023114e-01 1 
29.750 4.544230e-01 2.422479e-01 1 
29.750 1.931085e-02 2.836035e-01 1 
30.000 4.592391e-01 3.203788e-01 1 
30.250 4.020958e-01 3.975125e-01 1 
30.500 3.406395e-01 4.738114e-01 1 
30.750 2.882437e-01 5.472564e-01 1 
31.000 2.451897e-01 6.162894e-01 1 
31.250 2.091278e-01 6.797916e-01 1 
31.500 1.794771e-01 7.370461e-01 1 
31.750 1.537351e-01 7.876876e-01 1 
32.000 1.318254e-01 8.316468e-01 1 
32.250 1.139579e-01 8.690935e-01 1 
32.500 9.858167e-02 9.003806e-01 1 
32.750 8.413992e-02 9.259938e-01 1 
33.000 7.150774e-02 9.465058e-01 1 
33.250 5.999171e-02 9.625380e-01 1 
33.500 4.964164e-02 9.747277e-01 1 
33.750 4.042101e-02 9.837027e-01 1 
34.000 3.209978e-02 9.900609e-01 1 
34.250 2.467566e-02 9.943553e-01 1 
34.500 1.823715e-02 9.970831e-01 1 
34.750 1.275005e-02 9.986787e-01 1 
35.000 8.247439e-03 9.995085e-01 1 
35.250 4.589372e-03 9.998683e-01 1 
35.500 2.131536e-03 9.999818e-01 1 
35.750 6.595509e-04 9.999997e-01 1 
36.000 3.977465e-04 9.999999e-01 1 
36.250 5.143322e-04 9.999871e-01 1 
36.500 2.123524e-03 9.998928e-01 1 
36.750 4.638513e-03 9.995756e-01 1 
37.000 8.281379e-03 9.988210e-01 1 
37.250 1.321152e-02 9.973426e-01 1 
37.500 1.916083e-02 9.947829e-01 1 
37.750 2.591349e-02 9.907160e-01 1 
38.000 3.376669e-02 9.846525e-01 1 
38.250 4.284054e-02 9.760457e-01 1 
38.500 5.288976e-02 9.643030e-01 1 
38.750 6.371323e-02 9.487993e-01 1 
39.000 7.613012e-02 9.288973e-01 1 
39.250 8.912036e-02 9.039718e-01 1 
39.500 1.023281e-01 8.734418e-01 1 
39.750 1.163113e-01 8.368082e-01 1 
40.000 1.317681e-01 7.936981e-01 1 
40.250 1.476663e-01 7.439154e-01 1 
40.500 1.642842e-01 6.874955e-01 1 
40.750 1.822261e-01 6.247625e-01 1 
41.000 2.047283e-01 5.563855e-01 1 
41.250 2.323396e-01 4.834286e-01 1 
41.500 2.642775e-01 4.073928e-01 1 
41.750 3.083200e-01 3.302372e-01 1 
42.000 3.801747e-01 2.543786e-01 1 
42.250 5.112979e-01 1.826572e-01 1 
42.500 8.083537e-01 1.182652e-01 2 
42.500 8.083537e-01 1.182652e-01 1 
42.750 1.618685e+00 6.462730e-02 0 
42.750 8.666508e-01 6.949352e-02 2 
42.750 8.666508e-01 6.949352e-02 1 
42.750 2.402911e-02 4.564288e-02 1 
43.000 2.155352e+00 2.911140e-02 0 
43.000 8.837825e-01 3.236827e-02 2 
43.000 8.837825e-01 3.236827e-02 1 
43.000 1.386485e+00 1.736535e-02 0 
43.000 7.115855e-01 1.842022e-02 1 
43.000 4.226157e-01 1.194028e-02 1 
43.250 2.058962e+00 7.392856e-03 0 
43.250 6.657956e-01 8.265036e-03 1 
43.250 9.290340e-01 4.023331e-03 2 
43.250 9.290340e-01 4.023331e-03 1 
43.250 1.451578e+00 1.338714e-03 0 
43.250 6.290800e-01 1.512426e-03 1 
43.250 7.244089e-01 3.371733e-04 1 
43.250 4.490689e+01 1.436115e-05 0 
43.250 3.041874e+01 3.570120e-05 0 
43.250 1.424437e+01 4.226751e-05 0 
43.250 3.205625e-01 4.481582e-05 1 
43.250 5.128620e-01 4.415432e-05 1 
43.250 8.025352e-01 4.347887e-05 2 
43.250 8.025352e-01 4.347887e-05 1 
43.250 3.053931e-01 4.276653e-05 1 
43.250 2.994463e-01 4.199824e-05 1 
43.250 3.580765e-01 4.093128e-05 1 
43.250 3.853495e-01 3.957601e-05 1 
43.250 4.973480e-01 3.790813e-05 1 
43.250 6.335832e-01 3.597094e-05 1 
43.250 7.221027e-01 3.391496e-05 1 
43.250 7.632238e-01 3.184811e-05 2 
43.250 7.632238e-01 3.184811e-05 1 
43.250 7.561495e-01 2.988012e-05 2 
43.250 7.561495e-01 2.988012e-05 1 
43.250 8.299128e-01 2.797614e-05 2 
43.250 8.299128e-01 2.797614e-05 1 
43.250 8.171823e-01 2.620070e-05 2 
43.250 8.171823e-01 2.620070e-05 1 
43.250 7.992761e-01 2.454483e-05 2 
43.250 7.992761e-01 2.454483e-05 1 
43.250 8.084281e-01 2.299100e-05 2 
43.250 8.084281e-01 2.299100e-05 1 
43.250 7.876108e-01 2.154327e-05 2 
43.250 7.876108e-01 2.154327e-05 1 
43.250 7.908183e-01 2.018972e-05 2 
43.250 7.908183e-01 2.018972e-05 1 
43.250 7.649426e-01 1.890495e-05 2 
43.250 7.649426e-01 1.890495e-05 1 
43.250 8.283255e-01 1.767644e-05 2 
43.250 8.283255e-01 1.767644e-05 1 
43.250 8.019071e-01 1.652892e-05 2 
43.250 8.019071e-01 1.652892e-05 1 
43.250 7.970520e-01 1.547051e-05 2 
43.250 7.970520e-01 1.547051e-05 1 
43.250 7.618102e-01 1.448157e-05 2 
43.250 7.618102e-01 1.448157e-05 1 
43.250 7.893003e-01 1.352528e-05 2 
43.250 7.893003e-01 1.352528e-05 1 
43.250 7.848500e-01 1.262622e-05 2 
43.250 7.848500e-01 1.262622e-05 1 
43.250 8.180543e-01 1.177852e-05 2 
43.250 8.180543e-01 1.177852e-05 1 
43.250 7.448482e-01 1.101243e-05 2 
43.250 7.448482e-01 1.101243e-05 1 
43.250 7.971182e-01 1.026446e-05 2 
43.250 7.971182e-01 1.026446e-05 1 
43.250 7.942108e-01 9.550158e-06 2 
43.250 7.942108e-01 9.550158e-06 1 
43.250 8.186464e-01 8.881498e-06 2 
43.250 8.186464e-01 8.881498e-06 1 
43.250 7.703807e-01 8.264496e-06 2 
43.250 7.703807e-01 8.264496e-06 1 
43.250 7.936033e-01 7.688202e-06 2 
43.250 7.936033e-01 7.688202e-06 1 
43.250 7.825186e-01 7.139741e-06 2 
43.250 7.825186e-01 7.139741e-06 1 
43.250 7.664433e-01 6.629363e-06 2 
43.250 7.664433e-01 6.629363e-06 1 
43.250 7.921107e-01 6.145590e-06 2 
43.250 7.921107e-01 6.145590e-06 1 
43.250 7.771639e-01 5.694359e-06 2 
43.250 7.771639e-01 5.694359e-06 1 
43.250 7.996717e-01 5.260877e-06 2 
43.250 7.996717e-01 5.260877e-06 1 
43.250 7.814011e-01 4.858734e-06 2 
43.250 7.814011e-01 4.858734e-06 1 
43.250 7.176339e-01 4.492768e-06 1 
43.250 8.357366e-01 4.128040e-06 2 
43.250 8.357366e-01 4.128040e-06 1 
43.250 7.609270e-01 3.798241e-06 2 
43.250 7.609270e-01 3.798241e-06 1 
43.250 7.459293e-01 3.492856e-06 2 
43.250 7.459293e-01 3.492856e-06 1 
43.250 7.757195e-01 3.200694e-06 2 
43.250 7.757195e-01 3.200694e-06 1 
43.250 7.951701e-01 2.921698e-06 2 
43.250 7.951701e-01 2.921698e-06 1 
43.250 7.743151e-01 2.665144e-06 2 
43.250 7.743151e-01 2.665144e-06 1 
43.250 7.920026e-01 2.420748e-06 2 
43.250 7.920026e-01 2.420748e-06 1 
43.250 8.171001e-01 2.197636e-06 2 
43.250 8.171001e-01 2.197636e-06 1 
43.250 7.731867e-01 1.990014e-06 2 
43.250 7.731867e-01 1.990014e-06 1 
43.250 7.537066e-01 1.800682e-06 2 
43.250 7.537066e-01 1.800682e-06 1 
43.250 8.247835e-01 1.617172e-06 2 
43.250 8.247835e-01 1.617172e-06 1 
43.250 8.339758e-01 1.450979e-06 2 
43.250 8.339758e-01 1.450979e-06 1 
43.250 7.450960e-01 1.304665e-06 2 
43.250 7.450960e-01 1.304665e-06 1 
43.250 7.661266e-01 1.166383e-06 2 
43.250 7.661266e-01 1.166383e-06 1 
43.250 7.832536e-01 1.035603e-06 2 
43.250 7.832536e-01 1.035603e-06 1 
43.250 7.455804e-01 9.219590e-07 2 
43.250 7.455804e-01 9.219590e-07 1 
43.250 7.700016e-01 8.089028e-07 2 
43.250 7.700016e-01 8.089028e-07 1 
43.250 7.823482e-01 7.088485e-07 2 
43.250 7.823482e-01 7.088485e-07 1 
43.250 7.895698e-01 6.127815e-07 2 
43.250 7.895698e-01 6.127815e-07 1 
43.250 7.408374e-01 5.306309e-07 2 
43.250 7.408374e-01 5.306309e-07 1 
43.250 7.543916e-01 4.545510e-07 2 
43.250 7.543916e-01 4.545510e-07 1 
43.250 7.613261e-01 3.842073e-07 2 
43.250 7.613261e-01 3.842073e-07 1 
43.250 7.620474e-01 3.199083e-07 2 
43.250 7.620474e-01 3.199083e-07 1 
43.250 7.589412e-01 2.629583e-07 2 
43.250 7.589412e-01 2.629583e-07 1 
43.250 6.975953e-01 2.132344e-07 1 
43.250 7.411700e-01 1.659859e-07 2 
43.250 7.411700e-01 1.659859e-07 1 
43.250 7.155071e-01 1.257439e-07 1 
43.250 6.806541e-01 9.122370e-08 1 
43.250 6.342080e-01 6.211206e-08 1 
43.250 6.034622e-01 3.741631e-08 1 
43.250 5.005479e-01 1.842417e-08 1 
43.250 3.911587e-01 5.403488e-09 1 
43.250 3.031212e-02 3.097341e-10 1 
43.500 2.395324e-02 0.000000e+00 1 
43.500 6.169942e-02 0.000000e+00 1 
43.500 3.527998e-03 0.000000e+00 1 
43.500 5.350061e-03 0.000000e+00 1 
43.500 3.707894e-01 0.000000e+00 1 
43.500 6.084291e-01 0.000000e+00 1 
43.500 6.909395e-01 0.000000e+00 1 
43.500 7.170021e-01 0.000000e+00 1 
43.500 1.019441e-01 0.000000e+00 1 
43.750 7.242253e-01 0.000000e+00 1 
43.750 7.249908e-01 0.000000e+00 1 
43.750 7.206576e-01 0.000000e+00 1 
43.750 7.068374e-01 0.000000e+00 1 
43.750 1.578384e-02 0.000000e+00 1 
44.000 6.524383e-01 0.000000e+00 1 
44.000 5.624076e-01 0.000000e+00 1 
44.000 4.140746e-01 0.000000e+00 1 
44.000 1.349568e-01 0.000000e+00 1 
44.250 1.015313e-01 0.000000e+00 1 
44.250 7.047253e-02 0.000000e+00 1 
44.250 8.202278e-07 0.000000e+00 1 
44.500 6.682917e-04 0.000000e+00 1 
44.750 5.854858e-05 0.000000e+00 1 
45.000 5.128993e-06 0.000000e+00 1 
45.250 4.493078e-07 0.000000e+00 1 
45.500 3.936002e-08 0.000000e+00 1 
45.750 3.447992e-09 0.000000e+00 1 
46.000 3.020499e-10 0.000000e+00 1 
46.250 2.646001e-11 0.000000e+00 1 
46.500 2.317941e-12 0.000000e+00 1 
46.750 2.030556e-13 0.000000e+00 1 
47.000 1.778801e-14 0.000000e+00 1 
47.250 1.558255e-15 0.000000e+00 1 
47.500 1.365060e-16 0.000000e+00 1 
47.750 1.195814e-17 0.000000e+00 1 
48.000 1.047553e-18 0.000000e+00 1 
48.250 9.176718e-20 0.000000e+00 1 
48.500 8.038973e-21 0.000000e+00 1 
48.750 7.043150e-22 0.000000e+00 1 
49.000 6.483746e-23 0.000000e+00 1 
49.250 0.000000e+00 0.000000e+00 1 
49.500 0.000000e+00 0.000000e+00 1 
49.750 0.000000e+00 0.000000e+00 1 
50.000 0.000000e+00 0.000000e+00 1 
50.250 0.000000e+00 0.000000e+00 1 
50.500 0.000000e+00 0.000000e+00 1 
50.750 0.000000e+00 0.000000e+00 1 
51.000 0.000000e+00 0.000000e+00 1 
51.250 0.000000e+00 0.000000e+00 1 
51.500 0.000000e+00 0.000000e+00 1 
51.750 0.000000e+00 0.000000e+00 1 
52.000 0.000000e+00 0.000000e+00 1 
52.250 0.000000e+00 0.000000e+00 1 
52.500 3.021030e+01 2.051805e-03 0 
52.500 2.028816e+01 1.732526e-04 0 
52.500 4.652420e+02 1.891947e-05 0 
52.500 6.716811e+01 1.888714e-07 0 
52.500 2.284619e+01 1.848212e-09 0 
52.500 5.231332e-01 1.008021e-11 1 
52.500 5.196509e-01 1.615869e-10 1 
52.500 6.414894e-01 5.720399e-10 1 
52.500 6.917881e-01 1.233627e-09 1 
52.500 7.131584e-01 1.994495e-09 1 
52.500 7.202202e-01 3.296501e-09 1 
52.500 7.235083e-01 4.923908e-09 1 
52.500 7.252902e-01 6.896499e-09 1 
52.500 7.268014e-01 9.177747e-09 1 
52.500 7.293748e-01 1.178439e-08 2 
52.500 7.293748e-01 1.178439e-08 1 
52.500 7.290701e-01 1.474538e-08 2 
52.500 7.290701e-01 1.474538e-08 1 
52.500 7.298271e-01 1.800587e-08 2 
52.500 7.298271e-01 1.800587e-08 1 
52.500 7.315509e-01 2.159176e-08 2 
52.500 7.315509e-01 2.159176e-08 1 
52.500 7.345183e-01 2.550305e-08 2 
52.500 7.345183e-01 2.550305e-08 1 
52.500 7.335988e-01 2.978087e-08 2 
52.500 7.335988e-01 2.978087e-08 1 
52.500 7.356490e-01 3.434600e-08 2 
52.500 7.356490e-01 3.434600e-08 1 
52.500 7.390191e-01 3.923653e-08 2 
52.500 7.390191e-01 3.923653e-08 1 
52.500 7.385800e-01 4.445246e-08 2 
52.500 7.385800e-01 4.445246e-08 1 
52.500 7.319866e-01 5.004711e-08 2 
52.500 7.319866e-01 5.004711e-08 1 
52.500 7.081358e-01 5.591689e-08 1 
52.500 7.103438e-01 6.211206e-08 1 
52.500 7.115120e-01 6.863263e-08 1 
52.500 7.124035e-01 7.554412e-08 1 
52.500 7.097828e-01 8.271854e-08 1 
52.500 7.095777e-01 9.021835e-08 1 
52.500 7.076312e-01 9.811823e-08 1 
52.500 7.091866e-01 1.062719e-07 1 
52.500 7.079016e-01 1.147509e-07 1 
52.500 7.086136e-01 1.234716e-07 1 
52.500 7.039648e-01 1.327721e-07 1 
52.500 7.062392e-01 1.422304e-07 1 
52.500 7.261472e-01 1.508081e-07 1 
52.500 7.124923e-01 1.608776e-07 1 
52.500 7.110133e-01 1.711739e-07 1 
52.500 7.072005e-01 1.818913e-07 1 
52.500 7.022436e-01 1.931435e-07 1 
52.500 7.053275e-01 2.044099e-07 1 
52.500 7.041534e-01 2.176609e-07 1 
52.500 6.802261e-01 2.328212e-07 1 
52.500 6.928584e-01 2.469492e-07 1 
52.500 6.757592e-01 2.629583e-07 1 
52.500 6.899210e-01 2.779598e-07 1 
52.500 7.220373e-01 2.933774e-07 1 
52.500 7.043425e-01 3.090786e-07 1 
52.500 7.008501e-01 3.251891e-07 1 
52.500 6.757072e-01 3.456223e-07 1 
52.500 6.869880e-01 3.648036e-07 1 
52.500 6.957269e-01 3.842073e-07 1 
52.500 7.220700e-01 4.042653e-07 1 
52.500 7.026635e-01 4.249891e-07 1 
52.500 6.765668e-01 4.479844e-07 1 
52.500 6.862334e-01 4.697864e-07 1 
52.500 7.213918e-01 4.942830e-07 1 
52.500 6.747794e-01 5.214661e-07 1 
52.500 7.199097e-01 5.470819e-07 1 
52.500 7.028716e-01 5.734925e-07 1 
52.500 6.706386e-01 6.027446e-07 1 
52.500 6.846597e-01 6.331038e-07 1 
52.500 6.613886e-01 6.665426e-07 1 
52.500 7.117294e-01 6.982496e-07 1 
52.500 6.726415e-01 7.333451e-07 1 
52.500 7.174151e-01 7.663763e-07 1 
52.500 6.697968e-01 8.063317e-07 1 
52.500 6.855389e-01 8.468635e-07 1 
52.500 7.186297e-01 8.852459e-07 1 
52.500 6.675077e-01 9.281504e-07 1 
52.500 6.891193e-01 9.716000e-07 1 
52.500 6.592593e-01 1.022784e-06 1 
52.500 7.139431e-01 1.068370e-06 1 
52.500 6.667005e-01 1.118477e-06 1 
52.500 6.846074e-01 1.169733e-06 1 
52.500 6.891819e-01 1.225830e-06 1 
52.500 6.881319e-01 1.282970e-06 1 
52.500 6.920953e-01 1.341688e-06 1 
52.500 6.892582e-01 1.405392e-06 1 
52.500 6.651003e-01 1.473756e-06 1 
52.500 6.814963e-01 1.540486e-06 1 
52.500 6.878595e-01 1.612930e-06 1 
52.500 6.911665e-01 1.690756e-06 1 
52.500 6.858730e-01 1.766612e-06 1 
52.500 6.917130e-01 1.848343e-06 1 
52.500 6.908165e-01 1.931591e-06 1 
52.500 6.580411e-01 2.025825e-06 1 
52.500 6.871907e-01 2.112935e-06 1 
52.500 6.844844e-01 2.212151e-06 1 
52.500 6.894182e-01 2.307844e-06 1 
52.500 6.899444e-01 2.415928e-06 1 
52.500 6.286581e-01 2.531415e-06 1 
52.500 7.115577e-01 2.644555e-06 1 
52.500 6.897801e-01 2.770873e-06 1 
52.500 6.896699e-01 2.900139e-06 1 
52.500 6.944100e-01 3.031521e-06 1 
52.500 6.592189e-01 3.172604e-06 1 
52.500 6.809872e-01 3.316028e-06 1 
52.500 6.880050e-01 3.469280e-06 1 
52.500 6.924333e-01 3.625540e-06 1 
52.500 6.566759e-01 3.798241e-06 1 
52.500 6.848755e-01 3.974010e-06 1 
52.500 6.594041e-01 4.160560e-06 1 
52.500 7.159439e-01 4.345422e-06 1 
52.500 6.648163e-01 4.547004e-06 1 
52.500 6.851797e-01 4.753675e-06 1 
52.500 6.560237e-01 4.972911e-06 1 
52.500 6.567292e-01 5.209599e-06 1 
52.500 6.843860e-01 5.453458e-06 1 
52.500 6.893436e-01 5.709730e-06 1 
52.500 7.244347e-01 5.971886e-06 1 
52.500 6.352118e-01 6.264368e-06 1 
52.500 6.840999e-01 6.546750e-06 1 
52.500 6.878996e-01 6.844709e-06 1 
52.500 6.597117e-01 7.174183e-06 1 
52.500 6.860218e-01 7.511402e-06 1 
52.500 6.590716e-01 7.875086e-06 1 
52.500 6.574925e-01 8.246685e-06 1 
52.500 6.912047e-01 8.645065e-06 1 
52.500 6.869605e-01 9.054277e-06 1 
52.500 6.627328e-01 9.491306e-06 1 
52.500 6.902441e-01 9.948408e-06 1 
52.500 6.633583e-01 1.042703e-05 1 
52.500 6.556535e-01 1.093976e-05 1 
52.500 6.882620e-01 1.146318e-05 1 
52.500 6.658868e-01 1.203106e-05 1 
52.500 6.830226e-01 1.260420e-05 1 
52.500 6.659881e-01 1.323401e-05 1 
52.500 7.190029e-01 1.386852e-05 1 
52.500 6.432936e-01 1.455424e-05 1 
52.500 6.890885e-01 1.524440e-05 1 
52.500 6.622412e-01 1.600106e-05 1 
52.500 6.656914e-01 1.680242e-05 1 
52.500 6.892316e-01 1.761035e-05 1 
52.500 6.654645e-01 1.849155e-05 1 
52.500 6.693415e-01 1.940686e-05 1 
52.500 6.936132e-01 2.036041e-05 1 
52.500 6.349780e-01 2.138311e-05 1 
52.500 6.680716e-01 2.242748e-05 1 
52.500 6.691831e-01 2.355920e-05 1 
52.500 6.685960e-01 2.475079e-05 1 
52.500 6.649100e-01 2.602161e-05 1 
52.500 6.403157e-01 2.735541e-05 1 
52.500 6.732162e-01 2.875705e-05 1 
52.500 7.012675e-01 3.026581e-05 1 
52.500 6.689491e-01 3.184811e-05 1 
52.500 6.691595e-01 3.350798e-05 1 
52.500 6.740552e-01 3.524539e-05 1 
52.500 6.671619e-01 3.708911e-05 1 
52.500 6.738674e-01 3.901705e-05 1 
52.500 6.729360e-01 4.105493e-05 1 
52.500 6.520076e-01 4.320576e-05 1 
52.500 6.491036e-01 4.549992e-05 1 
52.500 6.535417e-01 4.791775e-05 1 
52.500 6.814219e-01 5.048962e-05 1 
52.500 6.527449e-01 5.324520e-05 1 
52.500 6.832325e-01 5.612041e-05 1 
52.500 6.495293e-01 5.919589e-05 1 
52.500 6.586956e-01 6.245322e-05 1 
52.500 6.583846e-01 6.590031e-05 1 
52.500 6.385266e-01 6.957117e-05 1 
52.500 6.870003e-01 7.345386e-05 1 
52.500 6.655998e-01 7.763509e-05 1 
52.500 6.577168e-01 8.199033e-05 1 
52.500 6.451465e-01 8.667070e-05 1 
52.500 6.470438e-01 9.163380e-05 1 
52.500 6.711249e-01 9.689223e-05 1 
52.500 6.455110e-01 1.025555e-04 1 
52.500 6.529046e-01 1.085758e-04 1 
52.500 6.551008e-01 1.150080e-04 1 
52.500 6.561696e-01 1.218330e-04 1 
52.500 6.590633e-01 1.291823e-04 1 
52.500 6.370528e-01 1.370007e-04 1 
52.500 6.471148e-01 1.453188e-04 1 
52.500 6.732113e-01 1.542814e-04 1 
52.500 6.386513e-01 1.638752e-04 1 
52.500 6.515717e-01 1.740883e-04 1 
52.500 6.360766e-01 1.850445e-04 1 
52.500 6.401975e-01 1.968262e-04 1 
52.500 6.478385e-01 2.094749e-04 1 
52.500 6.496909e-01 2.231330e-04 1 
52.500 6.254318e-01 2.378064e-04 1 
52.500 6.441361e-01 2.535540e-04 1 
52.500 6.513824e-01 2.706370e-04 1 
52.500 6.383476e-01 2.890260e-04 1 
52.500 6.476660e-01 3.087518e-04 1 
52.500 6.401129e-01 3.300979e-04 1 
52.500 6.188505e-01 3.530480e-04 1 
52.500 6.344660e-01 3.779313e-04 1 
52.500 6.349007e-01 4.050708e-04 1 
52.500 6.321437e-01 4.345211e-04 1 
52.500 6.371237e-01 4.663829e-04 1 
52.500 6.203882e-01 5.011200e-04 1 
52.500 6.125727e-01 5.388731e-04 1 
52.500 6.138002e-01 5.801875e-04 1 
52.500 6.074630e-01 6.255518e-04 1 
52.500 6.144008e-01 6.755802e-04 1 
52.500 6.069726e-01 7.308331e-04 1 
52.500 6.053848e-01 7.916319e-04 1 
52.500 5.995559e-01 8.590783e-04 1 
52.500 5.835522e-01 9.339052e-04 1 
52.500 5.977491e-01 1.017448e-03 1 
52.500 5.952443e-01 1.111052e-03 1 
52.500 5.803796e-01 1.215647e-03 1 
52.500 5.713970e-01 1.333176e-03 1 
52.500 5.782608e-01 1.466172e-03 1 
52.500 5.814182e-01 1.617311e-03 1 
52.500 5.652960e-01 1.788631e-03 1 
52.500 5.527104e-01 1.983816e-03 1 
52.500 5.446096e-01 2.208258e-03 1 
52.500 5.360592e-01 2.468623e-03 1 
52.500 5.316563e-01 2.772538e-03 1 
52.500 5.243466e-01 3.129894e-03 1 
52.500 5.056709e-01 3.553041e-03 1 
52.500 4.825999e-01 4.058861e-03 1 
52.500 4.646024e-01 4.674322e-03 1 
52.500 4.456283e-01 5.436951e-03 1 
52.500 4.231520e-01 6.399736e-03 1 
52.500 3.851561e-01 7.642407e-03 1 
52.500 3.315730e-01 9.296714e-03 1 
52.500 1.279264e-01 1.048525e-02 1 
52.750 7.196171e-02 1.176745e-02 1 
52.750 2.669446e-01 1.638854e-02 1 
52.750 4.836363e-01 2.576794e-02 1 
52.750 1.155255e-01 3.624296e-02 1 
53.000 3.667637e-01 4.828622e-02 1 
53.000 3.714391e-01 7.064430e-02 1 
53.250 2.744468e-01 9.989291e-02 1 
53.250 1.111741e-01 1.298213e-01 1 
53.500 3.790151e-01 1.675563e-01 1 
53.500 1.683315e-02 2.045077e-01 1 
53.750 4.776615e-01 2.440412e-01 1 
53.750 1.053063e-02 2.859910e-01 1 
54.000 4.377860e-01 3.203788e-01 1 
54.250 3.777794e-01 3.975125e-01 1 
54.500 3.171259e-01 4.738114e-01 1 
54.750 2.668380e-01 5.472564e-01 1 
55.000 2.261320e-01 6.162894e-01 1 
55.250 1.921985e-01 6.797916e-01 1 
55.500 1.630899e-01 7.370461e-01 1 
55.750 1.392316e-01 7.876876e-01 1 
56.000 1.195907e-01 8.316468e-01 1 
56.250 1.027295e-01 8.690935e-01 1 
56.500 8.767661e-02 9.003806e-01 1 
56.750 7.429998e-02 9.259938e-01 1 
57.000 6.279650e-02 9.465058e-01 1 
57.250 5.242382e-02 9.625380e-01 1 
57.500 4.323499e-02 9.747277e-01 1 
57.750 3.515005e-02 9.837027e-01 1 
58.000 2.786010e-02 9.900609e-01 1 
58.250 2.128468e-02 9.943553e-01 1 
58.500 1.569058e-02 9.970831e-01 1 
58.750 1.095256e-02 9.986787e-01 1 
59.000 7.069067e-03 9.995085e-01 1 
59.250 3.916609e-03 9.998683e-01 1 
59.500 1.779974e-03 9.999818e-01 1 
59.750 4.515250e-04 9.999997e-01 1 
60.000 1.771198e-04 9.999999e-01 1 
60.250 5.053662e-04 9.999871e-01 1 
60.500 1.899452e-03 9.998928e-01 1 
60.750 4.125174e-03 9.995756e-01 1 
61.000 7.340769e-03 9.988210e-01 1 
61.250 1.158377e-02 9.973426e-01 1 
61.500 1.658173e-02 9.947829e-01 1 
61.750 2.247148e-02 9.907160e-01 1 
62.000 2.934478e-02 9.846525e-01 1 
62.250 3.727627e-02 9.760457e-01 1 
62.500 4.588138e-02 9.643030e-01 1 
62.750 5.527017e-02 9.487993e-01 1 
63.000 6.549780e-02 9.288973e-01 1 
63.250 7.668135e-02 9.039718e-01 1 
63.500 8.904658e-02 8.734418e-01 1 
63.750 1.019023e-01 8.368082e-01 1 
64.000 1.162171e-01 7.936974e-01 1 
64.250 1.308110e-01 7.439146e-01 1 
64.500 1.478612e-01 6.874946e-01 1 
64.750 1.680673e-01 6.247616e-01 1 
65.000 1.897772e-01 5.563843e-01 1 
65.250 2.176419e-01 4.834276e-01 1 
65.500 2.538777e-01 4.073917e-01 1 
65.750 3.015935e-01 3.302360e-01 1 
66.000 3.699639e-01 2.543773e-01 1 
66.250 4.880022e-01 1.826560e-01 1 
66.500 7.294005e-01 1.182643e-01 2 
66.500 7.294005e-01 1.182643e-01 1 
66.750 1.406788e+00 6.462660e-02 0 
66.750 7.877598e-01 6.871858e-02 2 
66.750 7.877598e-01 6.871858e-02 1 
66.750 2.660215e-01 4.480489e-02 1 
67.000 2.257911e+00 2.826060e-02 0 
67.000 7.954044e-01 3.187148e-02 2 
67.000 7.954044e-01 3.187148e-02 1 
67.000 7.639650e-01 1.662460e-02 2 
67.000 7.639650e-01 1.662460e-02 1 
67.250 3.094985e+00 6.365540e-03 0 
67.250 2.617110e-01 7.851709e-03 1 
67.250 4.618852e-01 3.108184e-03 1 
67.250 4.918431e+00 4.386351e-04 0 
67.250 1.005114e+01 8.138668e-04 0 
67.250 1.120761e+01 1.121186e-03 0 
67.250 3.807956e+00 1.344963e-03 0 
67.250 2.077604e-01 1.368200e-03 1 
67.250 7.473534e-02 1.362372e-03 1 
67.250 1.191553e-01 1.353540e-03 1 
67.250 9.059064e-02 1.335943e-03 1 
67.250 1.961223e-01 1.302927e-03 1 
67.250 3.784555e-01 1.246563e-03 1 
67.250 5.745560e-01 1.170596e-03 1 
67.250 6.989689e-01 1.085294e-03 1 
67.250 7.837937e-01 9.989778e-04 2 
67.250 7.837937e-01 9.989778e-04 1 
67.250 8.581682e-01 9.164004e-04 2 
67.250 8.581682e-01 9.164004e-04 1 
67.250 8.531291e-01 8.402737e-04 2 
67.250 8.531291e-01 8.402737e-04 1 
67.250 8.663526e-01 7.709217e-04 2 
67.250 8.663526e-01 7.709217e-04 1 
67.250 8.977807e-01 7.080758e-04 2 
67.250 8.977807e-01 7.080758e-04 1 
67.250 8.765740e-01 6.515813e-04 2 
67.250 8.765740e-01 6.515813e-04 1 
67.250 8.774819e-01 6.006773e-04 2 
67.250 8.774819e-01 6.006773e-04 1 
67.250 8.900287e-01 5.546623e-04 2 
67.250 8.900287e-01 5.546623e-04 1 
67.250 8.563450e-01 5.131921e-04 2 
67.250 8.563450e-01 5.131921e-04 1 
67.250 8.779442e-01 4.755388e-04 2 
67.250 8.779442e-01 4.755388e-04 1 
67.250 8.856970e-01 4.414352e-04 2 
67.250 8.856970e-01 4.414352e-04 1 
67.250 8.501058e-01 4.105198e-04 2 
67.250 8.501058e-01 4.105198e-04 1 
67.250 8.389341e-01 3.823279e-04 2 
67.250 8.389341e-01 3.823279e-04 1 
67.250 8.537652e-01 3.564558e-04 2 
67.250 8.537652e-01 3.564558e-04 1 
67.250 8.389032e-01 3.326408e-04 2 
67.250 8.389032e-01 3.326408e-04 1 
67.250 8.646123e-01 3.107657e-04 2 
67.250 8.646123e-01 3.107657e-04 1 
67.250 8.497901e-01 2.907063e-04 2 
67.250 8.497901e-01 2.907063e-04 1 
67.250 8.263802e-01 2.723653e-04 2 
67.250 8.263802e-01 2.723653e-04 1 
67.250 8.216143e-01 2.553260e-04 2 
67.250 8.216143e-01 2.553260e-04 1 
67.250 8.157575e-01 2.395263e-04 2 
67.250 8.157575e-01 2.395263e-04 1 
67.250 8.374992e-01 2.247991e-04 2 
67.250 8.374992e-01 2.247991e-04 1 
67.250 8.375721e-01 2.110893e-04 2 
67.250 8.375721e-01 2.110893e-04 1 
67.250 8.592560e-01 1.983442e-04 2 
67.250 8.592560e-01 1.983442e-04 1 
67.250 8.191535e-01 1.866955e-04 2 
67.250 8.191535e-01 1.866955e-04 1 
67.250 8.097831e-01 1.759017e-04 2 
67.250 8.097831e-01 1.759017e-04 1 
67.250 8.109520e-01 1.657513e-04 2 
67.250 8.109520e-01 1.657513e-04 1 
67.250 8.072456e-01 1.563016e-04 2 
67.250 8.072456e-01 1.563016e-04 1 
67.250 8.305485e-01 1.473664e-04 2 
67.250 8.305485e-01 1.473664e-04 1 
67.250 7.963552e-01 1.390565e-04 2 
67.250 7.963552e-01 1.390565e-04 1 
67.250 8.061827e-01 1.312854e-04 2 
67.250 8.061827e-01 1.312854e-04 1 
67.250 7.902526e-01 1.239525e-04 2 
67.250 7.902526e-01 1.239525e-04 1 
67.250 8.036545e-01 1.170289e-04 2 
67.250 8.036545e-01 1.170289e-04 1 
67.250 8.251457e-01 1.105096e-04 2 
67.250 8.251457e-01 1.105096e-04 1 
67.250 8.518349e-01 1.043670e-04 2 
67.250 8.518349e-01 1.043670e-04 1 
67.250 7.914586e-01 9.872185e-05 2 
67.250 7.914586e-01 9.872185e-05 1 
67.250 7.876136e-01 9.341101e-05 2 
67.250 7.876136e-01 9.341101e-05 1 
67.250 8.440834e-01 8.836797e-05 2 
67.250 8.440834e-01 8.836797e-05 1 
67.250 7.711534e-01 8.370025e-05 2 
67.250 7.711534e-01 8.370025e-05 1 
67.250 8.005157e-01 7.927162e-05 2 
67.250 8.005157e-01 7.927162e-05 1 
67.250 8.507338e-01 7.501703e-05 2 
67.250 8.507338e-01 7.501703e-05 1 
67.250 8.152458e-01 7.109471e-05 2 
67.250 8.152458e-01 7.109471e-05 1 
67.250 8.034348e-01 6.743618e-05 2 
67.250 8.034348e-01 6.743618e-05 1 
67.250 7.476643e-01 6.402299e-05 2 
67.250 7.476643e-01 6.402299e-05 1 
67.250 8.192720e-01 6.070215e-05 2 
67.250 8.192720e-01 6.070215e-05 1 
67.250 8.168303e-01 5.756375e-05 2 
67.250 8.168303e-01 5.756375e-05 1 
67.250 7.547113e-01 5.464956e-05 2 
67.250 7.547113e-01 5.464956e-05 1 
67.250 7.317356e-01 5.190376e-05 2 
67.250 7.317356e-01 5.190376e-05 1 
67.250 7.533957e-01 4.923041e-05 2 
67.250 7.533957e-01 4.923041e-05 1 
67.250 8.327164e-01 4.658378e-05 2 
67.250 8.327164e-01 4.658378e-05 1 
67.250 7.733496e-01 4.413373e-05 2 
67.250 7.733496e-01 4.413373e-05 1 
67.250 7.973475e-01 4.179300e-05 2 
67.250 7.973475e-01 4.179300e-05 1 
67.250 7.788285e-01 3.959551e-05 2 
67.250 7.788285e-01 3.959551e-05 1 
67.250 7.481691e-01 3.749677e-05 2 
67.250 7.481691e-01 3.749677e-05 1 
67.250 8.285242e-01 3.545518e-05 2 
67.250 8.285242e-01 3.545518e-05 1 
67.250 7.530395e-01 3.358116e-05 2 
67.250 7.530395e-01 3.358116e-05 1 
67.250 8.268685e-01 3.175937e-05 2 
67.250 8.268685e-01 3.175937e-05 1 
67.250 8.050241e-01 3.005501e-05 2 
67.250 8.050241e-01 3.005501e-05 1 
67.250 7.710664e-01 2.846756e-05 2 
67.250 7.710664e-01 2.846756e-05 1 
67.250 7.370759e-01 2.695536e-05 2 
67.250 7.370759e-01 2.695536e-05 1 
67.250 7.591902e-01 2.551813e-05 2 
67.250 7.591902e-01 2.551813e-05 1 
67.250 7.831045e-01 2.408751e-05 2 
67.250 7.831045e-01 2.408751e-05 1 
67.250 8.067771e-01 2.276180e-05 2 
67.250 8.067771e-01 2.276180e-05 1 
67.250 7.678636e-01 2.150013e-05 2 
67.250 7.678636e-01 2.150013e-05 1 
67.250 7.298021e-01 2.030343e-05 2 
67.250 7.298021e-01 2.030343e-05 1 
67.250 8.191270e-01 1.914100e-05 2 
67.250 8.191270e-01 1.914100e-05 1 
67.250 8.352804e-01 1.801384e-05 2 
67.250 8.352804e-01 1.801384e-05 1 
67.250 7.303985e-01 1.699943e-05 2 
67.250 7.303985e-01 1.699943e-05 1 
67.250 8.124450e-01 1.601442e-05 2 
67.250 8.124450e-01 1.601442e-05 1 
67.250 7.707307e-01 1.508194e-05 2 
67.250 7.707307e-01 1.508194e-05 1 
67.250 7.256188e-01 1.422774e-05 1 
67.250 7.503657e-01 1.339670e-05 2 
67.250 7.503657e-01 1.339670e-05 1 
67.250 8.366426e-01 1.256952e-05 2 
67.250 8.366426e-01 1.256952e-05 1 
67.250 7.897896e-01 1.181127e-05 2 
67.250 7.897896e-01 1.181127e-05 1 
67.250 7.351701e-01 1.109884e-05 2 
67.250 7.351701e-01 1.109884e-05 1 
67.250 8.282748e-01 1.040703e-05 2 
67.250 8.282748e-01 1.040703e-05 1 
67.250 7.736214e-01 9.758318e-06 2 
67.250 7.736214e-01 9.758318e-06 1 
67.250 7.257105e-01 9.168704e-06 1 
67.250 7.461646e-01 8.579296e-06 2 
67.250 7.461646e-01 8.579296e-06 1 
67.250 7.688711e-01 8.009468e-06 2 
67.250 7.688711e-01 8.009468e-06 1 
67.250 7.893751e-01 7.476810e-06 2 
67.250 7.893751e-01 7.476810e-06 1 
67.250 8.120253e-01 6.978844e-06 2 
67.250 8.120253e-01 6.978844e-06 1 
67.250 7.496243e-01 6.514458e-06 2 
67.250 7.496243e-01 6.514458e-06 1 
67.250 7.659551e-01 6.066058e-06 2 
67.250 7.659551e-01 6.066058e-06 1 
67.250 7.850010e-01 5.633646e-06 2 
67.250 7.850010e-01 5.633646e-06 1 
67.250 8.071914e-01 5.231934e-06 2 
67.250 8.071914e-01 5.231934e-06 1 
67.250 8.164647e-01 4.845079e-06 2 
67.250 8.164647e-01 4.845079e-06 1 
67.250 7.517153e-01 4.499340e-06 2 
67.250 7.517153e-01 4.499340e-06 1 
67.250 7.653074e-01 4.167858e-06 2 
67.250 7.653074e-01 4.167858e-06 1 
67.250 7.927380e-01 3.860292e-06 2 
67.250 7.927380e-01 3.860292e-06 1 
67.250 7.242230e-01 3.564513e-06 1 
67.250 7.482708e-01 3.293057e-06 2 
67.250 7.482708e-01 3.293057e-06 1 
67.250 8.629776e-01 3.020323e-06 2 
67.250 8.629776e-01 3.020323e-06 1 
67.250 6.862726e-01 2.781202e-06 1 
67.250 8.074246e-01 2.541667e-06 2 
67.250 8.074246e-01 2.541667e-06 1 
67.250 7.247053e-01 2.322718e-06 1 
67.250 8.558342e-01 2.112935e-06 2 
67.250 8.558342e-01 2.112935e-06 1 
67.250 7.609269e-01 1.922985e-06 2 
67.250 7.609269e-01 1.922985e-06 1 
67.250 7.779562e-01 1.749856e-06 2 
67.250 7.779562e-01 1.749856e-06 1 
67.250 7.001541e-01 1.584593e-06 1 
67.250 7.216112e-01 1.428095e-06 1 
67.250 8.587116e-01 1.272191e-06 2 
67.250 8.587116e-01 1.272191e-06 1 
67.250 7.583693e-01 1.131881e-06 2 
67.250 7.583693e-01 1.131881e-06 1 
67.250 8.776952e-01 1.000244e-06 2 
67.250 8.776952e-01 1.000244e-06 1 
67.250 7.722781e-01 8.883892e-07 2 
67.250 7.722781e-01 8.883892e-07 1 
67.250 7.848369e-01 7.892954e-07 2 
67.250 7.848369e-01 7.892954e-07 1 
67.250 6.912909e-01 6.954633e-07 1 
67.250 8.323383e-01 6.027446e-07 2 
67.250 8.323383e-01 6.027446e-07 1 
67.250 7.134935e-01 5.214661e-07 1 
67.250 8.442658e-01 4.459123e-07 2 
67.250 8.442658e-01 4.459123e-07 1 
67.250 7.214642e-01 3.802275e-07 1 
67.250 7.326277e-01 3.199083e-07 2 
67.250 7.326277e-01 3.199083e-07 1 
67.250 6.257447e-01 2.679949e-07 1 
67.250 7.623941e-01 2.147785e-07 2 
67.250 7.623941e-01 2.147785e-07 1 
67.250 7.458026e-01 1.673485e-07 2 
67.250 7.458026e-01 1.673485e-07 1 
67.250 7.320751e-01 1.280370e-07 2 
67.250 7.320751e-01 1.280370e-07 1 
67.250 6.964555e-01 9.208988e-08 1 
67.250 6.556030e-01 6.366657e-08 1 
67.250 5.853881e-01 3.923653e-08 1 
67.250 5.661421e-01 1.977490e-08 1 
67.250 4.553180e-01 6.391319e-09 1 
67.250 7.455248e-02 4.949924e-10 1 
67.500 2.231553e-02 0.000000e+00 1 
67.500 7.193150e-02 0.000000e+00 1 
67.500 7.942417e-04 0.000000e+00 1 
67.500 5.773209e-03 0.000000e+00 1 
67.500 3.762276e-01 0.000000e+00 1 
67.500 6.104806e-01 0.000000e+00 1 
67.500 6.915767e-01 0.000000e+00 1 
67.500 7.170961e-01 0.000000e+00 1 
67.500 7.244559e-01 0.000000e+00 1 
67.500 2.028559e-03 0.000000e+00 1 
67.750 7.247274e-01 0.000000e+00 1 
67.750 7.200514e-01 0.000000e+00 1 
67.750 7.052411e-01 0.000000e+00 1 
67.750 6.666014e-01 0.000000e+00 1 
67.750 4.069576e-01 0.000000e+00 1 
68.000 4.104271e-01 0.000000e+00 1 
68.000 3.048282e-01 0.000000e+00 1 
68.000 1.669303e-01 0.000000e+00 1 
68.000 7.920164e-03 0.000000e+00 1 
68.250 2.306489e-02 0.000000e+00 1 
68.250 4.744460e-05 0.000000e+00 1 
68.500 9.686108e-06 0.000000e+00 1 
68.750 1.027668e-06 0.000000e+00 1 
69.000 1.090322e-07 0.000000e+00 1 
69.250 1.156797e-08 0.000000e+00 1 
69.500 1.227322e-09 0.000000e+00 1 
69.750 1.302153e-10 0.000000e+00 1 
70.000 1.381540e-11 0.000000e+00 1 
70.250 1.465768e-12 0.000000e+00 1 
70.500 1.555134e-13 0.000000e+00 1 
70.750 1.649944e-14 0.000000e+00 1 
71.000 1.750542e-15 0.000000e+00 1 
71.250 1.857268e-16 0.000000e+00 1 
71.500 1.970506e-17 0.000000e+00 1 
71.750 2.090638e-18 0.000000e+00 1 
72.000 2.218104e-19 0.000000e+00 1 
72.250 2.353344e-20 0.000000e+00 1 
72.500 2.496873e-21 0.000000e+00 1 
72.750 2.646978e-22 0.000000e+00 1 
73.000 0.000000e+00 0.000000e+00 1 
73.250 0.000000e+00 0.000000e+00 1 
73.500 0.000000e+00 0.000000e+00 1 
73.750 0.000000e+00 0.000000e+00 1 
74.000 0.000000e+00 0.000000e+00 1 
74.250 0.000000e+00 0.000000e+00 1 
74.500 0.000000e+00 0.000000e+00 1 
74.750 0.000000e+00 0.000000e+00 1 
75.000 0.000000e+00 0.000000e+00 1 
75.250 0.000000e+00 0.000000e+00 1 
75.500 0.000000e+00 0.000000e+00 1 
75.750 0.000000e+00 0.000000e+00 1 
76.000 0.000000e+00 0.000000e+00 1 
76.250 0.000000e+00 0.000000e+00 1 
76.500 2.887530e+01 2.051935e-03 0 
76.500 1.108818e+01 1.785262e-04 0 
76.500 1.457806e+02 2.915347e-05 0 
76.500 7.463631e+01 2.949291e-07 0 
76.500 3.398014e+01 2.950198e-09 0 
76.500 1.329364e+00 1.008021e-11 0 
76.500 1.417584e-02 1.887379e-15 1 
76.500 1.417274e-02 1.887379e-15 1 
76.500 1.927762e-01 1.008021e-11 1 
76.500 4.601496e-01 3.936784e-11 1 
76.500 6.161367e-01 2.537755e-10 1 
76.500 6.833930e-01 4.949924e-10 1 
76.500 7.073180e-01 8.297244e-10 1 
76.500 7.165063e-01 1.233627e-09 1 
76.500 7.204294e-01 2.292343e-09 1 
76.500 7.227619e-01 3.296501e-09 1 
76.500 7.174966e-01 4.923908e-09 1 
76.500 7.297779e-01 6.391319e-09 2 
76.500 7.297779e-01 6.391319e-09 1 
76.500 7.284656e-01 8.007111e-09 1 
76.500 7.280979e-01 1.045258e-08 1 
76.500 7.289583e-01 1.249356e-08 1 
76.500 7.293506e-01 1.553742e-08 2 
76.500 7.293506e-01 1.553742e-08 1 
76.500 7.308713e-01 1.800587e-08 2 
76.500 7.308713e-01 1.800587e-08 1 
76.500 7.165193e-01 2.159176e-08 1 
76.500 7.424733e-01 2.448539e-08 2 
76.500 7.424733e-01 2.448539e-08 1 
76.500 7.375168e-01 2.756092e-08 2 
76.500 7.375168e-01 2.756092e-08 1 
76.500 7.352648e-01 3.204409e-08 2 
76.500 7.352648e-01 3.204409e-08 1 
76.500 7.361547e-01 3.554936e-08 2 
76.500 7.361547e-01 3.554936e-08 1 
76.500 7.159285e-01 4.052200e-08 1 
76.500 7.531703e-01 4.445246e-08 2 
76.500 7.531703e-01 4.445246e-08 1 
76.500 7.456000e-01 4.861737e-08 2 
76.500 7.456000e-01 4.861737e-08 1 
76.500 7.415246e-01 5.440504e-08 2 
76.500 7.415246e-01 5.440504e-08 1 
76.500 7.243027e-01 5.894485e-08 1 
76.500 6.915228e-01 6.366657e-08 1 
76.500 7.332336e-01 6.695656e-08 2 
76.500 7.332336e-01 6.695656e-08 1 
76.500 7.208363e-01 7.211095e-08 1 
76.500 6.879132e-01 7.905713e-08 1 
76.500 7.340780e-01 8.451099e-08 2 
76.500 7.340780e-01 8.451099e-08 1 
76.500 7.189000e-01 9.021835e-08 1 
76.500 7.122320e-01 9.811823e-08 1 
76.500 7.124779e-01 1.041837e-07 1 
76.500 7.107132e-01 1.125807e-07 1 
76.500 7.098542e-01 1.190714e-07 1 
76.500 6.741700e-01 1.280370e-07 1 
76.500 7.334915e-01 1.350405e-07 2 
76.500 7.334915e-01 1.350405e-07 1 
76.500 7.150615e-01 1.422304e-07 1 
76.500 7.111472e-01 1.519212e-07 1 
76.500 7.069961e-01 1.595416e-07 1 
76.500 6.671206e-01 1.699923e-07 1 
76.500 7.332447e-01 1.779473e-07 2 
76.500 7.332447e-01 1.779473e-07 1 
76.500 7.153710e-01 1.860841e-07 1 
76.500 7.082853e-01 1.972515e-07 1 
76.500 7.063709e-01 2.058136e-07 1 
76.500 6.663549e-01 2.176609e-07 1 
76.500 7.317252e-01 2.267639e-07 2 
76.500 7.317252e-01 2.267639e-07 1 
76.500 7.141078e-01 2.359376e-07 1 
76.500 7.087917e-01 2.483730e-07 1 
76.500 7.043759e-01 2.582118e-07 1 
76.500 7.041615e-01 2.713377e-07 1 
76.500 7.041705e-01 2.813640e-07 1 
76.500 6.624409e-01 2.949291e-07 1 
76.500 7.308922e-01 3.056419e-07 2 
76.500 7.308922e-01 3.056419e-07 1 
76.500 7.145456e-01 3.162777e-07 1 
76.500 7.074762e-01 3.307873e-07 1 
76.500 7.052905e-01 3.418482e-07 1 
76.500 6.599202e-01 3.569264e-07 1 
76.500 6.899595e-01 3.724756e-07 1 
76.500 6.492985e-01 3.922290e-07 1 
76.500 7.338685e-01 4.082163e-07 2 
76.500 7.338685e-01 4.082163e-07 1 
76.500 7.096930e-01 4.290398e-07 1 
76.500 7.026271e-01 4.459123e-07 1 
76.500 6.981000e-01 4.675014e-07 1 
76.500 6.968860e-01 4.852729e-07 1 
76.500 6.995844e-01 5.077836e-07 1 
76.500 6.517956e-01 5.306309e-07 1 
76.500 7.335960e-01 5.493768e-07 2 
76.500 7.335960e-01 5.493768e-07 1 
76.500 6.598704e-01 5.734925e-07 1 
76.500 7.348260e-01 5.929743e-07 2 
76.500 7.348260e-01 5.929743e-07 1 
76.500 6.621001e-01 6.176436e-07 1 
76.500 7.360328e-01 6.382362e-07 2 
76.500 7.360328e-01 6.382362e-07 1 
76.500 7.120897e-01 6.638203e-07 1 
76.500 7.036346e-01 6.847680e-07 1 
76.500 6.971248e-01 7.116615e-07 1 
76.500 6.523474e-01 7.388681e-07 1 
76.500 7.359056e-01 7.663763e-07 2 
76.500 7.359056e-01 7.663763e-07 1 
76.500 7.095057e-01 8.005616e-07 1 
76.500 6.509970e-01 8.350571e-07 1 
76.500 7.324982e-01 8.645069e-07 2 
76.500 7.324982e-01 8.645069e-07 1 
76.500 7.077168e-01 9.005655e-07 1 
76.500 6.515856e-01 9.371300e-07 1 
76.500 7.308434e-01 9.685473e-07 2 
76.500 7.308434e-01 9.685473e-07 1 
76.500 7.110729e-01 1.006453e-06 1 
76.500 6.490217e-01 1.045331e-06 1 
76.500 7.343882e-01 1.078498e-06 2 
76.500 7.343882e-01 1.078498e-06 1 
76.500 7.089450e-01 1.118477e-06 1 
76.500 7.030697e-01 1.159185e-06 1 
76.500 6.999716e-01 1.194097e-06 1 
76.500 6.991327e-01 1.236146e-06 1 
76.500 6.962361e-01 1.286754e-06 1 
76.500 6.966142e-01 1.337825e-06 1 
76.500 5.944072e-01 1.397771e-06 1 
76.500 6.680889e-01 1.450979e-06 1 
76.500 7.371540e-01 1.497585e-06 2 
76.500 7.371540e-01 1.497585e-06 1 
76.500 7.112229e-01 1.552642e-06 1 
76.500 7.003789e-01 1.608693e-06 1 
76.500 6.457757e-01 1.666046e-06 1 
76.500 6.815583e-01 1.732553e-06 1 
76.500 6.908422e-01 1.800682e-06 1 
76.500 6.912485e-01 1.870124e-06 1 
76.500 6.954357e-01 1.940548e-06 1 
76.500 6.927978e-01 2.012612e-06 1 
76.500 6.983145e-01 2.085301e-06 1 
76.500 6.922214e-01 2.159980e-06 1 
76.500 6.961438e-01 2.245252e-06 1 
76.500 6.968904e-01 2.332175e-06 1 
76.500 7.458565e-01 2.420748e-06 2 
76.500 7.458565e-01 2.420748e-06 1 
76.500 7.099672e-01 2.511350e-06 1 
76.500 6.959001e-01 2.603616e-06 1 
76.500 6.476375e-01 2.706953e-06 1 
76.500 6.306708e-01 2.813101e-06 1 
76.500 6.738852e-01 2.910705e-06 1 
76.500 6.933339e-01 3.020323e-06 1 
76.500 7.451981e-01 3.132811e-06 2 
76.500 7.451981e-01 3.132811e-06 1 
76.500 7.068034e-01 3.246926e-06 1 
76.500 6.480691e-01 3.374460e-06 1 
76.500 6.852852e-01 3.492856e-06 1 
76.500 7.410358e-01 3.625540e-06 2 
76.500 7.410358e-01 3.625540e-06 1 
76.500 6.553188e-01 3.773191e-06 1 
76.500 6.886420e-01 3.910106e-06 1 
76.500 7.433890e-01 4.050899e-06 2 
76.500 7.433890e-01 4.050899e-06 1 
76.500 6.552248e-01 4.206888e-06 1 
76.500 6.844679e-01 4.365823e-06 1 
76.500 6.433489e-01 4.539889e-06 1 
76.500 7.351217e-01 4.704938e-06 2 
76.500 7.351217e-01 4.704938e-06 1 
76.500 6.529585e-01 4.887154e-06 1 
76.500 7.376346e-01 5.057807e-06 2 
76.500 7.376346e-01 5.057807e-06 1 
76.500 6.531171e-01 5.260877e-06 1 
76.500 6.819541e-01 5.468502e-06 1 
76.500 7.438990e-01 5.664245e-06 2 
76.500 7.438990e-01 5.664245e-06 1 
76.500 6.568518e-01 5.879029e-06 1 
76.500 6.859267e-01 6.098398e-06 1 
76.500 6.927693e-01 6.336780e-06 1 
76.500 6.450518e-01 6.580344e-06 1 
76.500 6.852282e-01 6.827878e-06 1 
76.500 6.906313e-01 7.097757e-06 1 
76.500 6.955936e-01 7.372219e-06 1 
76.500 6.931026e-01 7.652546e-06 1 
76.500 6.948166e-01 7.937432e-06 1 
76.500 6.935742e-01 8.246685e-06 1 
76.500 6.493393e-01 8.579296e-06 1 
76.500 6.835585e-01 8.900692e-06 1 
76.500 6.953366e-01 9.246113e-06 1 
76.500 6.891125e-01 9.620281e-06 1 
76.500 6.956298e-01 9.979263e-06 1 
76.500 6.996713e-01 1.036554e-05 1 
76.500 6.973134e-01 1.075992e-05 1 
76.500 6.419410e-01 1.120473e-05 1 
76.500 6.906018e-01 1.161382e-05 1 
76.500 6.916589e-01 1.207659e-05 1 
76.500 6.931970e-01 1.252392e-05 1 
76.500 6.983173e-01 1.302581e-05 1 
76.500 6.952382e-01 1.351476e-05 1 
76.500 6.502265e-01 1.405917e-05 1 
76.500 6.862871e-01 1.461524e-05 1 
76.500 6.483260e-01 1.518117e-05 1 
76.500 6.875383e-01 1.578436e-05 1 
76.500 6.450737e-01 1.645147e-05 1 
76.500 6.905398e-01 1.710379e-05 1 
76.500 7.426581e-01 1.779794e-05 2 
76.500 7.426581e-01 1.779794e-05 1 
76.500 7.045734e-01 1.850488e-05 1 
76.500 6.983637e-01 1.922663e-05 1 
76.500 6.531414e-01 2.001654e-05 1 
76.500 6.867694e-01 2.082454e-05 1 
76.500 6.971305e-01 2.164741e-05 1 
76.500 6.479993e-01 2.251790e-05 1 
76.500 6.441964e-01 2.346671e-05 1 
76.500 7.403786e-01 2.440212e-05 2 
76.500 7.403786e-01 2.440212e-05 1 
76.500 7.036364e-01 2.542188e-05 1 
76.500 6.525862e-01 2.646128e-05 1 
76.500 6.459571e-01 2.755654e-05 1 
76.500 6.923771e-01 2.867274e-05 1 
76.500 6.965781e-01 2.984624e-05 1 
76.500 6.502694e-01 3.115098e-05 1 
76.500 6.950479e-01 3.240893e-05 1 
76.500 7.480796e-01 3.376517e-05 2 
76.500 7.480796e-01 3.376517e-05 1 
76.500 6.597395e-01 3.519021e-05 1 
76.500 6.477060e-01 3.668079e-05 1 
76.500 6.934922e-01 3.816398e-05 1 
76.500 6.560972e-01 3.979680e-05 1 
76.500 6.957072e-01 4.146228e-05 1 
76.500 7.002388e-01 4.320576e-05 1 
76.500 6.129208e-01 4.511317e-05 1 
76.500 6.919441e-01 4.701763e-05 1 
76.500 6.572031e-01 4.904991e-05 1 
76.500 6.994060e-01 5.117122e-05 1 
76.500 7.012158e-01 5.343325e-05 1 
76.500 7.010165e-01 5.574063e-05 1 
76.500 7.012379e-01 5.814586e-05 1 
76.500 6.129131e-01 6.070215e-05 1 
76.500 6.563831e-01 6.331153e-05 1 
76.500 7.468266e-01 6.608042e-05 2 
76.500 7.468266e-01 6.608042e-05 1 
76.500 6.660316e-01 6.901549e-05 1 
76.500 6.561587e-01 7.206491e-05 1 
76.500 6.563751e-01 7.523814e-05 1 
76.500 6.633965e-01 7.859171e-05 1 
76.500 7.083550e-01 8.213286e-05 1 
76.500 6.202940e-01 8.593097e-05 1 
76.500 6.586004e-01 8.981264e-05 1 
76.500 6.661038e-01 9.396946e-05 1 
76.500 7.117901e-01 9.833848e-05 1 
76.500 6.662880e-01 1.029398e-04 1 
76.500 6.611112e-01 1.077798e-04 1 
76.500 6.691428e-01 1.128628e-04 1 
76.500 7.086676e-01 1.182027e-04 1 
76.500 6.653712e-01 1.238092e-04 1 
76.500 6.680474e-01 1.296868e-04 1 
76.500 6.314782e-01 1.359229e-04 1 
76.500 6.751283e-01 1.423794e-04 1 
76.500 6.816348e-01 1.493759e-04 1 
76.500 6.666639e-01 1.567042e-04 1 
76.500 6.711649e-01 1.643638e-04 1 
76.500 6.395274e-01 1.724597e-04 1 
76.500 6.427528e-01 1.810002e-04 1 
76.500 6.889416e-01 1.900986e-04 1 
76.500 6.779359e-01 1.997871e-04 1 
76.500 6.754702e-01 2.098926e-04 1 
76.500 6.779208e-01 2.205304e-04 1 
76.500 6.488817e-01 2.318120e-04 1 
76.500 6.466917e-01 2.435759e-04 1 
76.500 6.652379e-01 2.562410e-04 1 
76.500 6.525632e-01 2.697515e-04 1 
76.500 6.545553e-01 2.839181e-04 1 
76.500 6.680564e-01 2.991105e-04 1 
76.500 6.560563e-01 3.151430e-04 1 
76.500 6.644274e-01 3.321758e-04 1 
76.500 6.654102e-01 3.502498e-04 1 
76.500 6.373856e-01 3.695214e-04 1 
76.500 6.378524e-01 3.899394e-04 1 
76.500 6.277124e-01 4.119361e-04 1 
76.500 6.846645e-01 4.353215e-04 1 
76.500 6.578521e-01 4.605740e-04 1 
76.500 6.582356e-01 4.870903e-04 1 
76.500 6.627800e-01 5.153489e-04 1 
76.500 6.487679e-01 5.452939e-04 1 
76.500 6.631966e-01 5.772919e-04 1 
76.500 6.336001e-01 6.114445e-04 1 
76.500 6.200751e-01 6.480211e-04 1 
76.500 6.423694e-01 6.874829e-04 1 
76.500 6.434588e-01 7.303178e-04 1 
76.500 6.044245e-01 7.763773e-04 1 
76.500 6.396455e-01 8.260070e-04 1 
76.500 6.516955e-01 8.803591e-04 1 
76.500 6.100116e-01 9.387399e-04 1 
76.500 6.095470e-01 1.001782e-03 1 
76.500 6.185359e-01 1.070968e-03 1 
76.500 6.542251e-01 1.146500e-03 1 
76.500 6.595163e-01 1.228558e-03 1 
76.500 6.322749e-01 1.316395e-03 1 
76.500 6.084266e-01 1.411267e-03 1 
76.500 6.076741e-01 1.514753e-03 1 
76.500 6.156493e-01 1.628742e-03 1 
76.500 6.084427e-01 1.753894e-03 1 
76.500 5.946783e-01 1.891546e-03 1 
76.500 5.925292e-01 2.043679e-03 1 
76.500 5.912567e-01 2.213421e-03 1 
76.500 5.843098e-01 2.402426e-03 1 
76.500 5.950084e-01 2.613754e-03 1 
76.500 5.884523e-01 2.850871e-03 1 
76.500 5.878419e-01 3.115541e-03 1 
76.500 5.777357e-01 3.413230e-03 1 
76.500 5.649515e-01 3.748263e-03 1 
76.500 5.523566e-01 4.129409e-03 1 
76.500 5.378735e-01 4.566415e-03 1 
76.500 5.381655e-01 5.071217e-03 1 
76.500 5.240723e-01 5.660964e-03 1 
76.500 5.032305e-01 6.352653e-03 1 
76.500 5.063147e-01 7.174356e-03 1 
76.500 4.963942e-01 8.162564e-03 1 
76.500 4.746727e-01 9.355060e-03 1 
76.500 2.758131e-01 1.031066e-02 1 
76.750 2.912950e-01 1.128187e-02 1 
76.750 4.113356e-01 1.328580e-02 1 
76.750 3.905832e-01 1.608082e-02 1 
76.750 3.273883e-01 1.983052e-02 1 
76.750 2.267669e-01 2.510186e-02 1 
76.750 5.629513e-02 3.336940e-02 1 
76.750 1.756691e-01 4.000794e-02 1 
77.000 9.370938e-01 5.319004e-02 2 
77.000 9.370938e-01 5.319004e-02 1 
77.000 1.145290e-01 7.809452e-02 1 
77.250 3.270863e-01 1.021388e-01 1 
77.250 6.916516e-02 1.330202e-01 1 
77.500 4.265495e-01 1.697533e-01 1 
77.500 2.677750e-02 2.075173e-01 1 
77.750 4.858193e-01 2.448849e-01 1 
78.000 4.284361e-01 3.203800e-01 1 
78.250 3.601462e-01 3.975138e-01 1 
78.500 3.012993e-01 4.738125e-01 1 
78.750 2.520879e-01 5.472575e-01 1 
79.000 2.105559e-01 6.162904e-01 1 
79.250 1.752304e-01 6.797924e-01 1 
79.500 1.475930e-01 7.370469e-01 1 
79.750 1.246065e-01 7.876882e-01 1 
80.000 1.049518e-01 8.316475e-01 1 
80.250 8.929780e-02 8.690940e-01 1 
80.500 7.579192e-02 9.003810e-01 1 
80.750 6.431594e-02 9.259942e-01 1 
81.000 5.412921e-02 9.465061e-01 1 
81.250 4.492588e-02 9.625382e-01 1 
81.500 3.701163e-02 9.747279e-01 1 
81.750 2.983895e-02 9.837028e-01 1 
82.000 2.338313e-02 9.900610e-01 1 
82.250 1.778061e-02 9.943553e-01 1 
82.500 1.308778e-02 9.970831e-01 1 
82.750 9.041922e-03 9.986787e-01 1 
83.000 5.739548e-03 9.995086e-01 1 
83.250 3.192733e-03 9.998683e-01 1 
83.500 1.344814e-03 9.999818e-01 1 
83.750 3.577465e-04 9.999997e-01 1 
84.000 1.393345e-04 9.999999e-01 1 
