  12.0   6.6240000000000000e+08   5.3259999641600000e+11   8.7249996800000000e+08   2.2400000000000000e+08   1.6969999902048256e+16 
  12.2   2.5066344000000000e+08   5.3981927833600000e+11   9.0616198400000000e+08   1.9033792000000000e+08   1.6969999902048256e+16 
  12.5   2.5369686400000000e+08   5.4657161625600000e+11   9.0452172800000000e+08   1.9197822400000000e+08   1.6969999902048256e+16 
  12.8   2.5666518400000000e+08   5.5329226752000000e+11   9.0287660800000000e+08   1.9362331200000000e+08   1.6969999902048256e+16 
  13.0   2.5953044800000000e+08   5.5997621862400000e+11   9.0120160000000000e+08   1.9529828800000000e+08   1.6969999902048256e+16 
  13.2   2.6220985600000000e+08   5.6661278720000000e+11   8.9945401600000000e+08   1.9704584000000000e+08   1.6969999902048256e+16 
  13.5   2.6459387200000000e+08   5.7318408192000000e+11   8.9758476800000000e+08   1.9891508800000000e+08   1.6969999902048256e+16 
  13.8   2.6655996800000000e+08   5.7966519910400000e+11   8.9552646400000000e+08   2.0097334400000000e+08   1.6969999902048256e+16 
  14.0   2.6794848000000000e+08   5.8602120806400000e+11   8.9320531200000000e+08   2.0329446400000000e+08   1.6969999902048256e+16 
  14.2   2.6857065600000000e+08   5.9220702003200000e+11   8.9052787200000000e+08   2.0597196800000000e+08   1.6969999902048256e+16 
  14.5   2.6823387200000000e+08   5.9816824012800000e+11   8.8738643200000000e+08   2.0911337600000000e+08   1.6969999902048256e+16 
  14.8   2.6670891200000000e+08   6.0384051200000000e+11   8.8365312000000000e+08   2.1284670400000000e+08   1.6969999902048256e+16 
  15.0   2.6376435200000000e+08   6.0915207372800000e+11   8.7917612800000000e+08   2.1732372800000000e+08   1.6969999902048256e+16 
  15.2   2.5917116800000000e+08   6.1402749337600000e+11   8.7376710400000000e+08   2.2273272000000000e+08   1.6969999902048256e+16 
  15.5   2.5271651200000000e+08   6.1839133900800000e+11   8.6720467200000000e+08   2.2929516800000000e+08   1.6969999902048256e+16 
  15.8   2.4421316800000000e+08   6.2217538764800000e+11   8.5920313600000000e+08   2.3729668800000000e+08   1.6969999902048256e+16 
  16.0   2.3353859200000000e+08   6.2532491673600000e+11   8.4940947200000000e+08   2.4709038400000000e+08   1.6969999902048256e+16 
  16.2   2.2061713600000000e+08   6.2780578201600000e+11   8.3736512000000000e+08   2.5913472000000000e+08   1.6969999902048256e+16 
  16.5   2.0548297600000000e+08   6.2961090560000000e+11   8.2248934400000000e+08   2.7401043200000000e+08   1.6969999902048256e+16 
  16.8   1.8824094400000000e+08   6.3076571545600000e+11   8.0399372800000000e+08   2.9250608000000000e+08   1.6969999902048256e+16 
  17.0   1.6912692800000000e+08   6.3132821094400000e+11   7.8086470400000000e+08   3.1563510400000000e+08   1.6969999902048256e+16 
  17.2   1.4847265600000000e+08   6.3138725888000000e+11   7.5172972800000000e+08   3.4477008000000000e+08   1.6969999902048256e+16 
  17.5   1.2675236800000000e+08   6.3105459814400000e+11   7.1480409600000000e+08   3.8169571200000000e+08   1.6969999902048256e+16 
  17.8   1.0450043200000000e+08   6.3045422284800000e+11   6.6769740800000000e+08   4.2880240000000000e+08   1.6969999902048256e+16 
  18.0   8.2389232000000000e+07   6.2970940620800000e+11   6.0745382400000000e+08   4.8904601600000000e+08   1.6969999902048256e+16 
  18.2   6.1180296000000000e+07   6.2893083852800000e+11   5.3067529600000000e+08   5.6582457600000000e+08   1.6969999902048256e+16 
  18.5   4.1698720000000000e+07   6.2820895948800000e+11   4.3431776000000000e+08   6.6218208000000000e+08   1.6969999902048256e+16 
  18.8   2.4865362000000000e+07   6.2761068134400000e+11   3.1813097600000000e+08   7.7836883200000000e+08   1.6969999902048256e+16 
  19.0   1.1660263000000000e+07   6.2717965107200000e+11   1.9083961600000000e+08   9.0566016000000000e+08   1.6969999902048256e+16 
  19.2   3.0475015000000000e+06   6.2693231820800000e+11   7.4244112000000000e+07   1.0222556160000000e+09   1.6969999902048256e+16 
  19.5  -5.5798852539062500e+02   6.2684646604800000e+11   7.7938645000000000e+06   1.0887056640000000e+09   1.6969999902048256e+16 
  19.8   1.0928172429480743e-12   6.2683873280000000e+11   2.4521859375000000e+05   1.0962545920000000e+09   1.6969999902048256e+16 
  20.0   9.8512501518570299e-21   6.2683853619200000e+11   7.5775537109375000e+03   1.0964922880000000e+09   1.6969999902048256e+16 
  20.2   5.2371614366196590e-29   6.2683853619200000e+11   2.3369573974609375e+02   1.0964993280000000e+09   1.6969999902048256e+16 
  20.5   1.1697168431077700e-30   6.2683853619200000e+11   6.9950017929077148e+00   1.0964994560000000e+09   1.6969999902048256e+16 
  20.8   1.0324816392311906e-30   6.2683853619200000e+11   1.5816217660903931e-01   1.0964994560000000e+09   1.6969999902048256e+16 
  21.0   9.1091502273468769e-31   6.2683853619200000e+11  -1.7673452384769917e-04   1.0964994560000000e+09   1.6969999902048256e+16 
  21.2   8.5478244033602956e-31   6.2683853619200000e+11   8.3238628576509655e-06   1.0964994560000000e+09   1.6969999902048256e+16 
  21.5   8.0184861316482903e-31   6.2683853619200000e+11  -3.9203996493597515e-07   1.0964994560000000e+09   1.6969999902048256e+16 
  21.8   7.5192644954020924e-31   6.2683853619200000e+11   1.8464419326846837e-08   1.0964994560000000e+09   1.6969999902048256e+16 
  22.0   7.0484954648186777e-31   6.2683853619200000e+11  -8.6963902745651467e-10   1.0964994560000000e+09   1.6969999902048256e+16 
  22.2   6.6045253544453096e-31   6.2683853619200000e+11   4.0958597624651816e-11   1.0964994560000000e+09   1.6969999902048256e+16 
  22.5   6.1857855846202507e-31   6.2683853619200000e+11  -1.9290749553313447e-12   1.0964994560000000e+09   1.6969999902048256e+16 
  22.8   5.7909008269530390e-31   6.2683853619200000e+11   9.0856413104828393e-14   1.0964994560000000e+09   1.6969999902048256e+16 
  23.0   5.4185178523470079e-31   6.2683853619200000e+11  -4.2791664038154681e-15   1.0964994560000000e+09   1.6969999902048256e+16 
  23.2   5.0672947164512586e-31   6.2683853619200000e+11   2.0154132540379371e-16   1.0964994560000000e+09   1.6969999902048256e+16 
  23.5   4.7360926003387145e-31   6.2683853619200000e+11  -9.4922614885155159e-18   1.0964994560000000e+09   1.6969999902048256e+16 
  23.8   4.4237834996303265e-31   6.2683853619200000e+11   4.4706920079867880e-19   1.0964994560000000e+09   1.6969999902048256e+16 
  24.0   4.1718995105316074e-31   6.2683853619200000e+11  -2.1056128061781671e-20   1.0964994560000000e+09   1.6969999902048256e+16 
  24.2   3.9343864100694311e-31   6.2683853619200000e+11   9.9170554392011777e-22   1.0964994560000000e+09   1.6969999902048256e+16 
  24.5   3.7103642231727720e-31   6.2683853619200000e+11  -4.6707608539245712e-23   1.0964994560000000e+09   1.6969999902048256e+16 
  24.8   3.4991231863526036e-31   6.2683853619200000e+11   2.1998396084046597e-24   1.0964994560000000e+09   1.6969999902048256e+16 
  25.0   3.2998696058232508e-31   6.2683853619200000e+11  -1.0360741356991725e-25   1.0964994560000000e+09   1.6969999902048256e+16 
  25.2   3.1119797642821672e-31   6.2683853619200000e+11   4.8807625392880865e-27   1.0964994560000000e+09   1.6969999902048256e+16 
  25.5   2.9347770471810195e-31   6.2683853619200000e+11  -2.2890255168025614e-28   1.0964994560000000e+09   1.6969999902048256e+16 
  25.8   2.7676603067087972e-31   6.2683853619200000e+11   1.1697857740965022e-29   1.0964994560000000e+09   1.6969999902048256e+16 
  26.0   2.6101026862974617e-31   6.2683853619200000e+11   3.1345939246032863e-31   1.0964994560000000e+09   1.6969999902048256e+16 
  26.2   2.4615030381360025e-31   6.2683853619200000e+11   8.0047855098905864e-31   1.0964994560000000e+09   1.6969999902048256e+16 
  26.5   2.3213347407552513e-31   6.2683853619200000e+11   7.3131396801944429e-31   1.0964994560000000e+09   1.6969999902048256e+16 
  26.8   2.1891471096211028e-31   6.2683853619200000e+11   6.9086379681442839e-31   1.0964994560000000e+09   1.6969999902048256e+16 
  27.0   2.0644887549028412e-31   6.2683853619200000e+11   6.5157976302520224e-31   1.0964994560000000e+09   1.6969999902048256e+16 
  27.2   1.9469087569674911e-31   6.2683853619200000e+11   6.1475998857326589e-31   1.0964994560000000e+09   1.6969999902048256e+16 
  27.5   1.8360310751722244e-31   6.2683853619200000e+11   5.7992322607139271e-31   1.0964994560000000e+09   1.6969999902048256e+16 
  27.8   1.7314687367767504e-31   6.2683853619200000e+11   5.4629938566047200e-31   1.0964994560000000e+09   1.6969999902048256e+16 
  28.0   1.6328569858840090e-31   6.2683853619200000e+11   5.1551003828757608e-31   1.0964994560000000e+09   1.6969999902048256e+16 
  28.2   1.5398838462932920e-31   6.2683853619200000e+11   4.8547399471446112e-31   1.0964994560000000e+09   1.6969999902048256e+16 
  28.5   1.4521846796569743e-31   6.2683853619200000e+11   4.5829421433474819e-31   1.0964994560000000e+09   1.6969999902048256e+16 
  28.8   3.0541287500000000e+06   6.2683997798400000e+11   2.7834438000000000e+07   1.0686657920000000e+09   1.6969999902048256e+16 
  29.0   1.1644533000000000e+07   6.2678414131200000e+11   1.2781452800000000e+08   9.6868563200000000e+08   1.6969999902048256e+16 
  29.2   2.4847994000000000e+07   6.2656787251200000e+11   2.6267307200000000e+08   8.3382720000000000e+08   1.6969999902048256e+16 
  29.5   4.1599624000000000e+07   6.2615309516800000e+11   3.9347203200000000e+08   7.0302822400000000e+08   1.6969999902048256e+16 
  29.8   6.0901500000000000e+07   6.2556844851200000e+11   5.0318441600000000e+08   5.9331584000000000e+08   1.6969999902048256e+16 
  30.0   8.1825072000000000e+07   6.2488667750400000e+11   5.8955379200000000e+08   5.0694656000000000e+08   1.6969999902048256e+16 
  30.2   1.0360774400000000e+08   6.2420982169600000e+11   6.5607475200000000e+08   4.4042566400000000e+08   1.6969999902048256e+16 
  30.5   1.2539392800000000e+08   6.2365951590400000e+11   7.0765600000000000e+08   3.8884448000000000e+08   1.6969999902048256e+16 
  30.8   1.4670292800000000e+08   6.2336552140800000e+11   7.4745318400000000e+08   3.4904729600000000e+08   1.6969999902048256e+16 
  31.0   1.6712171200000000e+08   6.2345524019200000e+11   7.7832902400000000e+08   3.1817139200000000e+08   1.6969999902048256e+16 
  31.2   1.8631888000000000e+08   6.2404113203200000e+11   8.0233811200000000e+08   2.9416230400000000e+08   1.6969999902048256e+16 
  31.5   2.0411228800000000e+08   6.2520996659200000e+11   8.2105843200000000e+08   2.7544204800000000e+08   1.6969999902048256e+16 
  31.8   2.2037483200000000e+08   6.2701640089600000e+11   8.3562476800000000e+08   2.6087571200000000e+08   1.6969999902048256e+16 
  32.0   2.3508070400000000e+08   6.2948042342400000e+11   8.4691577600000000e+08   2.4958475200000000e+08   1.6969999902048256e+16 
  32.2   2.4822747200000000e+08   6.3258958233600000e+11   8.5557836800000000e+08   2.4092219200000000e+08   1.6969999902048256e+16 
  32.5   2.5986918400000000e+08   6.3630357299200000e+11   8.6212748800000000e+08   2.3437308800000000e+08   1.6969999902048256e+16 
  32.8   2.7009270400000000e+08   6.4056144691200000e+11   8.6696672000000000e+08   2.2953384000000000e+08   1.6969999902048256e+16 
  33.0   2.7900752000000000e+08   6.4528947609600000e+11   8.7042112000000000e+08   2.2607939200000000e+08   1.6969999902048256e+16 
  33.2   2.8672396800000000e+08   6.5040770662400000e+11   8.7274944000000000e+08   2.2375105600000000e+08   1.6969999902048256e+16 
  33.5   2.9338268800000000e+08   6.5583670886400000e+11   8.7417331200000000e+08   2.2232721600000000e+08   1.6969999902048256e+16 
  33.8   2.9911430400000000e+08   6.6150190284800000e+11   8.7487161600000000e+08   2.2162892800000000e+08   1.6969999902048256e+16 
  34.0   3.0406096000000000e+08   6.6733676953600000e+11   8.7499987200000000e+08   2.2150067200000000e+08   1.6969999902048256e+16 
  34.2   3.0835811200000000e+08   6.7328475136000000e+11   8.7468793600000000e+08   2.2181260800000000e+08   1.6969999902048256e+16 
  34.5   3.1213692800000000e+08   6.7929990758400000e+11   8.7404576000000000e+08   2.2245481600000000e+08   1.6969999902048256e+16 
  34.8   3.1551715200000000e+08   6.8534704537600000e+11   8.7316627200000000e+08   2.2333432000000000e+08   1.6969999902048256e+16 
  35.0   3.1860806400000000e+08   6.9140027801600000e+11   8.7212704000000000e+08   2.2437356800000000e+08   1.6969999902048256e+16 
  35.2   3.2150304000000000e+08   6.9744210739200000e+11   8.7098944000000000e+08   2.2551116800000000e+08   1.6969999902048256e+16 
  35.5   3.2427932800000000e+08   7.0346178560000000e+11   8.6980256000000000e+08   2.2669808000000000e+08   1.6969999902048256e+16 
  35.8   3.2699030400000000e+08   7.0945380761600000e+11   8.6859923200000000e+08   2.2790134400000000e+08   1.6969999902048256e+16 
  36.0   3.2967516800000000e+08   7.1541601075200000e+11   8.6740268800000000e+08   2.2909788800000000e+08   1.6969999902048256e+16 
  36.2   3.3234326400000000e+08   7.2134787072000000e+11   8.6621721600000000e+08   2.3028340800000000e+08   1.6969999902048256e+16 
  36.5   3.3498259200000000e+08   7.2724905984000000e+11   8.6503846400000000e+08   2.3146219200000000e+08   1.6969999902048256e+16 
  36.8   3.3755276800000000e+08   7.3311748096000000e+11   8.6384665600000000e+08   2.3265400000000000e+08   1.6969999902048256e+16 
  37.0   3.3998822400000000e+08   7.3894782566400000e+11   8.6260979200000000e+08   2.3389084800000000e+08   1.6969999902048256e+16 
  37.2   3.4218867200000000e+08   7.4472954265600000e+11   8.6128057600000000e+08   2.3522001600000000e+08   1.6969999902048256e+16 
  37.5   3.4402492800000000e+08   7.5044578918400000e+11   8.5980070400000000e+08   2.3669988800000000e+08   1.6969999902048256e+16 
  37.8   3.4533971200000000e+08   7.5607192371200000e+11   8.5809689600000000e+08   2.3840372800000000e+08   1.6969999902048256e+16 
  38.0   3.4594131200000000e+08   7.6157412966400000e+11   8.5608211200000000e+08   2.4041856000000000e+08   1.6969999902048256e+16 
  38.2   3.4560646400000000e+08   7.6690876006400000e+11   8.5365152000000000e+08   2.4284908800000000e+08   1.6969999902048256e+16 
  38.5   3.4408883200000000e+08   7.7202259968000000e+11   8.5068326400000000e+08   2.4581734400000000e+08   1.6969999902048256e+16 
  38.8   3.4112451200000000e+08   7.7685312716800000e+11   8.4703411200000000e+08   2.4946648000000000e+08   1.6969999902048256e+16 
  39.0   3.3643824000000000e+08   7.8133113651200000e+11   8.4253369600000000e+08   2.5396688000000000e+08   1.6969999902048256e+16 
  39.2   3.2975052800000000e+08   7.8538335846400000e+11   8.3697401600000000e+08   2.5952656000000000e+08   1.6969999902048256e+16 
  39.5   3.2081644800000000e+08   7.8893796556800000e+11   8.3011360000000000e+08   2.6638700800000000e+08   1.6969999902048256e+16 
  39.8   3.0941561600000000e+08   7.9192994611200000e+11   8.2164390400000000e+08   2.7485670400000000e+08   1.6969999902048256e+16 
  40.0   2.9538630400000000e+08   7.9430811648000000e+11   8.1118432000000000e+08   2.8531628800000000e+08   1.6969999902048256e+16 
  40.2   2.7864736000000000e+08   7.9604252672000000e+11   7.9825062400000000e+08   2.9824998400000000e+08   1.6969999902048256e+16 
  40.5   2.5922776000000000e+08   7.9713101414400000e+11   7.8223372800000000e+08   3.1426681600000000e+08   1.6969999902048256e+16 
  40.8   2.3726329600000000e+08   7.9760372531200000e+11   7.6233408000000000e+08   3.3416646400000000e+08   1.6969999902048256e+16 
  41.0   2.1302601600000000e+08   7.9752429568000000e+11   7.3752115200000000e+08   3.5897942400000000e+08   1.6969999902048256e+16 
  41.2   1.8690862400000000e+08   7.9698709708800000e+11   7.0644364800000000e+08   3.9005692800000000e+08   1.6969999902048256e+16 
  41.5   1.5947200000000000e+08   7.9611009433600000e+11   6.6738259200000000e+08   4.2911801600000000e+08   1.6969999902048256e+16 
  41.8   1.3141919200000000e+08   7.9502422835200000e+11   6.1817977600000000e+08   4.7832086400000000e+08   1.6969999902048256e+16 
  42.0   1.0355615200000000e+08   7.9386004684800000e+11   5.5624614400000000e+08   5.4025446400000000e+08   1.6969999902048256e+16 
  42.2   7.6818992000000000e+07   7.9273630105600000e+11   4.7890124800000000e+08   6.1759936000000000e+08   1.6969999902048256e+16 
  42.5   5.2292908000000000e+07   7.9175083622400000e+11   3.8441120000000000e+08   7.1208934400000000e+08   1.6969999902048256e+16 
  42.8   3.1120122000000000e+07   7.9097534873600000e+11   2.7418547200000000e+08   8.2231500800000000e+08   1.6969999902048256e+16 
  43.0   1.4580048000000000e+07   7.9045106073600000e+11   1.5852747200000000e+08   9.3797299200000000e+08   1.6969999902048256e+16 
  43.2   3.8008875000000000e+06   7.9017790668800000e+11   5.7434560000000000e+07   1.0390659200000000e+09   1.6969999902048256e+16 
  43.5   3.6196584701538086e+00   7.9009991884800000e+11   4.0942977500000000e+06   1.0924053760000000e+09   1.6969999902048256e+16 
  43.8   6.4152791423317118e-14   7.9009572454400000e+11   5.1959335937500000e+04   1.0964476160000000e+09   1.6969999902048256e+16 
  44.0  -2.0752677429619509e-23   7.9009565900800000e+11   6.4596636962890625e+02   1.0964989440000000e+09   1.6969999902048256e+16 
  44.2  -5.2141995368577021e-30   7.9009565900800000e+11   7.8809709548950195e+00   1.0964995840000000e+09   1.6969999902048256e+16 
  44.5  -4.3174335164458960e-30   7.9009565900800000e+11   9.6172112971544266e-03   1.0964995840000000e+09   1.6969999902048256e+16 
  44.8  -4.0447677276201195e-30   7.9009565900800000e+11  -8.4248324856162071e-04   1.0964995840000000e+09   1.6969999902048256e+16 
  45.0  -3.7876218496489276e-30   7.9009565900800000e+11   7.3802890256047249e-05   1.0964995840000000e+09   1.6969999902048256e+16 
  45.2  -3.5504928537208260e-30   7.9009565900800000e+11  -6.4652449509594589e-06   1.0964995840000000e+09   1.6969999902048256e+16 
  45.5  -3.3268660561040095e-30   7.9009565900800000e+11   5.6636486078787129e-07   1.0964995840000000e+09   1.6969999902048256e+16 
  45.8  -3.1159669470806083e-30   7.9009565900800000e+11  -4.9614385488894186e-08   1.0964995840000000e+09   1.6969999902048256e+16 
  46.0  -2.9216887639405459e-30   7.9009565900800000e+11   4.3463010968025628e-09   1.0964995840000000e+09   1.6969999902048256e+16 
  46.2  -2.7392347374160828e-30   7.9009565900800000e+11  -3.8074254860021028e-10   1.0964995840000000e+09   1.6969999902048256e+16 
  46.5  -2.5671671908963892e-30   7.9009565900800000e+11   3.3353694806059764e-11   1.0964995840000000e+09   1.6969999902048256e+16 
  46.8  -2.4048925467540741e-30   7.9009565900800000e+11  -2.9218389860363736e-12   1.0964995840000000e+09   1.6969999902048256e+16 
  47.0  -2.2518597332374718e-30   7.9009565900800000e+11   2.5595779835907440e-13   1.0964995840000000e+09   1.6969999902048256e+16 
  47.2  -2.1075349818717611e-30   7.9009565900800000e+11  -2.2422297037746203e-14   1.0964995840000000e+09   1.6969999902048256e+16 
  47.5  -1.9768068445235935e-30   7.9009565900800000e+11   1.9642321352330433e-15   1.0964995840000000e+09   1.6969999902048256e+16 
  47.8  -1.8535162950319487e-30   7.9009565900800000e+11  -1.7206987279526440e-16   1.0964995840000000e+09   1.6969999902048256e+16 
  48.0  -1.7372469262779914e-30   7.9009565900800000e+11   1.5073599805990516e-17   1.0964995840000000e+09   1.6969999902048256e+16 
  48.2  -1.6275936158886542e-30   7.9009565900800000e+11  -1.3204697708490257e-18   1.0964995840000000e+09   1.6969999902048256e+16 
  48.5  -1.5241871645982308e-30   7.9009565900800000e+11   1.1567515990731163e-19   1.0964995840000000e+09   1.6969999902048256e+16 
  48.8  -1.4266666486212448e-30   7.9009565900800000e+11  -1.0133321164118313e-20   1.0964995840000000e+09   1.6969999902048256e+16 
  49.0  -1.3346926792287267e-30   7.9009565900800000e+11   8.8769687151759442e-22   1.0964995840000000e+09   1.6969999902048256e+16 
  49.2  -1.2525743365921469e-30   7.9009565900800000e+11  -7.7763636117280307e-23   1.0964995840000000e+09   1.6969999902048256e+16 
  49.5  -1.1758914798337693e-30   7.9009565900800000e+11   6.8122272796977727e-24   1.0964995840000000e+09   1.6969999902048256e+16 
  49.8  -1.1035739388966054e-30   7.9009565900800000e+11  -5.9676617505154844e-25   1.0964995840000000e+09   1.6969999902048256e+16 
  50.0  -1.0353726030178289e-30   7.9009565900800000e+11   5.2274767678940365e-26   1.0964995840000000e+09   1.6969999902048256e+16 
  50.2  -9.7105547663236144e-31   7.9009565900800000e+11  -4.5820138270586940e-27   1.0964995840000000e+09   1.6969999902048256e+16 
  50.5  -9.1039611250846070e-31   7.9009565900800000e+11   3.9890409898182579e-28   1.0964995840000000e+09   1.6969999902048256e+16 
  50.8  -8.5319138522230457e-31   7.9009565900800000e+11  -3.7275591664575043e-29   1.0964995840000000e+09   1.6969999902048256e+16 
  51.0  -7.9924475211843556e-31   7.9009565900800000e+11   1.0819438084064466e-30   1.0964995840000000e+09   1.6969999902048256e+16 
  51.2  -7.4836949767416906e-31   7.9009565900800000e+11  -2.1399793782708408e-30   1.0964995840000000e+09   1.6969999902048256e+16 
  51.5  -7.0039155468603530e-31   7.9009565900800000e+11  -1.7267071618098746e-30   1.0964995840000000e+09   1.6969999902048256e+16 
  51.8  -6.5514555460876059e-31   7.9009565900800000e+11  -1.6394950730127635e-30   1.0964995840000000e+09   1.6969999902048256e+16 
  52.0  -6.1247365206091654e-31   7.9009565900800000e+11  -1.5309856596860985e-30   1.0964995840000000e+09   1.6969999902048256e+16 
  52.2  -5.7223304798876524e-31   7.9009565900800000e+11  -1.4309149792446646e-30   1.0964995840000000e+09   1.6969999902048256e+16 
  52.5  -5.3428094333856880e-31   7.9009565900800000e+11  -1.3366779481279434e-30   1.0964995840000000e+09   1.6969999902048256e+16 
  52.8   3.8228302500000000e+06   7.9008805683200000e+11   2.5669078000000000e+07   1.0708305920000000e+09   1.6969999902048256e+16 
  53.0   1.4553062000000000e+07   7.8997533491200000e+11   1.1331459200000000e+08   9.8318502400000000e+08   1.6969999902048256e+16 
  53.2   3.1093736000000000e+07   7.8963363020800000e+11   2.3232851200000000e+08   8.6417107200000000e+08   1.6969999902048256e+16 
  53.5   5.2156640000000000e+07   7.8901719859200000e+11   3.5184419200000000e+08   7.4465542400000000e+08   1.6969999902048256e+16 
  53.8   7.6443840000000000e+07   7.8815251660800000e+11   4.5595030400000000e+08   6.4054937600000000e+08   1.6969999902048256e+16 
  54.0   1.0274624800000000e+08   7.8711554048000000e+11   5.4055660800000000e+08   5.5594304000000000e+08   1.6969999902048256e+16 
  54.2   1.3005827200000000e+08   7.8601532211200000e+11   6.0800793600000000e+08   4.8849164800000000e+08   1.6969999902048256e+16 
  54.5   1.5736473600000000e+08   7.8498083635200000e+11   6.6129017600000000e+08   4.3520931200000000e+08   1.6969999902048256e+16 
  54.8   1.8401915200000000e+08   7.8415016755200000e+11   7.0317849600000000e+08   3.9332096000000000e+08   1.6969999902048256e+16 
  55.0   2.0942950400000000e+08   7.8365818880000000e+11   7.3611161600000000e+08   3.6038777600000000e+08   1.6969999902048256e+16 
  55.2   2.3321134400000000e+08   7.8362397900800000e+11   7.6205651200000000e+08   3.3444291200000000e+08   1.6969999902048256e+16 
  55.5   2.5510417600000000e+08   7.8414027161600000e+11   7.8250732800000000e+08   3.1399206400000000e+08   1.6969999902048256e+16 
  55.8   2.7496876800000000e+08   7.8526683545600000e+11   7.9860774400000000e+08   2.9789161600000000e+08   1.6969999902048256e+16 
  56.0   2.9274361600000000e+08   7.8702791884800000e+11   8.1122323200000000e+08   2.8527616000000000e+08   1.6969999902048256e+16 
  56.2   3.0846006400000000e+08   7.8941500211200000e+11   8.2103776000000000e+08   2.7546166400000000e+08   1.6969999902048256e+16 
  56.5   3.2219612800000000e+08   7.9239118848000000e+11   8.2858419200000000e+08   2.6791523200000000e+08   1.6969999902048256e+16 
  56.8   3.3407526400000000e+08   7.9589834752000000e+11   8.3428761600000000e+08   2.6221179200000000e+08   1.6969999902048256e+16 
  57.0   3.4424336000000000e+08   7.9986524160000000e+11   8.3848876800000000e+08   2.5801059200000000e+08   1.6969999902048256e+16 
  57.2   3.5286732800000000e+08   8.0421421056000000e+11   8.4146886400000000e+08   2.5503051200000000e+08   1.6969999902048256e+16 
  57.5   3.6013267200000000e+08   8.0886746316800000e+11   8.4346380800000000e+08   2.5303558400000000e+08   1.6969999902048256e+16 
  57.8   3.6622121600000000e+08   8.1375205785600000e+11   8.4466745600000000e+08   2.5183201600000000e+08   1.6969999902048256e+16 
  58.0   3.7131932800000000e+08   8.1880278630400000e+11   8.4524787200000000e+08   2.5125156800000000e+08   1.6969999902048256e+16 
  58.2   3.7560771200000000e+08   8.2396413952000000e+11   8.4534547200000000e+08   2.5115395200000000e+08   1.6969999902048256e+16 
  58.5   3.7925420800000000e+08   8.2919135641600000e+11   8.4508000000000000e+08   2.5141944000000000e+08   1.6969999902048256e+16 
  58.8   3.8241107200000000e+08   8.3444963737600000e+11   8.4455174400000000e+08   2.5194774400000000e+08   1.6969999902048256e+16 
  59.0   3.8521673600000000e+08   8.3971368550400000e+11   8.4384556800000000e+08   2.5265393600000000e+08   1.6969999902048256e+16 
  59.2   3.8778691200000000e+08   8.4496633036800000e+11   8.4302771200000000e+08   2.5347180800000000e+08   1.6969999902048256e+16 
  59.5   3.9021728000000000e+08   8.5019734835200000e+11   8.4215168000000000e+08   2.5434785600000000e+08   1.6969999902048256e+16 
  59.8   3.9257289600000000e+08   8.5540103782400000e+11   8.4125331200000000e+08   2.5524622400000000e+08   1.6969999902048256e+16 
  60.0   3.9490089600000000e+08   8.6057562931200000e+11   8.4035628800000000e+08   2.5614328000000000e+08   1.6969999902048256e+16 
  60.2   3.9721200000000000e+08   8.6572053299200000e+11   8.3946803200000000e+08   2.5703147200000000e+08   1.6969999902048256e+16 
  60.5   3.9949270400000000e+08   8.7083542118400000e+11   8.3858176000000000e+08   2.5791774400000000e+08   1.6969999902048256e+16 
  60.8   4.0169702400000000e+08   8.7591845888000000e+11   8.3767648000000000e+08   2.5882305600000000e+08   1.6969999902048256e+16 
  61.0   4.0374508800000000e+08   8.8096440320000000e+11   8.3671788800000000e+08   2.5978163200000000e+08   1.6969999902048256e+16 
  61.2   4.0552294400000000e+08   8.8596316160000000e+11   8.3565497600000000e+08   2.6084451200000000e+08   1.6969999902048256e+16 
  61.5   4.0688160000000000e+08   8.9089835008000000e+11   8.3442489600000000e+08   2.6207452800000000e+08   1.6969999902048256e+16 
  61.8   4.0764092800000000e+08   8.9574591692800000e+11   8.3294873600000000e+08   2.6355072000000000e+08   1.6969999902048256e+16 
  62.0   4.0757808000000000e+08   9.0047283200000000e+11   8.3113196800000000e+08   2.6536745600000000e+08   1.6969999902048256e+16 
  62.2   4.0644348800000000e+08   9.0503649689600000e+11   8.2886336000000000e+08   2.6763608000000000e+08   1.6969999902048256e+16 
  62.5   4.0395667200000000e+08   9.0938487603200000e+11   8.2601190400000000e+08   2.7048748800000000e+08   1.6969999902048256e+16 
  62.8   3.9982220800000000e+08   9.1345741414400000e+11   8.2242547200000000e+08   2.7407385600000000e+08   1.6969999902048256e+16 
  63.0   3.9372608000000000e+08   9.1718680576000000e+11   8.1792185600000000e+08   2.7857753600000000e+08   1.6969999902048256e+16 
  63.2   3.8536265600000000e+08   9.2050227200000000e+11   8.1228588800000000e+08   2.8421350400000000e+08   1.6969999902048256e+16 
  63.5   3.7444396800000000e+08   9.2333454131200000e+11   8.0525587200000000e+08   2.9124352000000000e+08   1.6969999902048256e+16 
  63.8   3.6072473600000000e+08   9.2562142003200000e+11   7.9651366400000000e+08   2.9998576000000000e+08   1.6969999902048256e+16 
  64.0   3.4403228800000000e+08   9.2731532902400000e+11   7.8566784000000000e+08   3.1083155200000000e+08   1.6969999902048256e+16 
  64.2   3.2426528000000000e+08   9.2839011942400000e+11   7.7221849600000000e+08   3.2428086400000000e+08   1.6969999902048256e+16 
  64.5   3.0146422400000000e+08   9.2884762624000000e+11   7.5554963200000000e+08   3.4094969600000000e+08   1.6969999902048256e+16 
  64.8   2.7575980800000000e+08   9.2872212480000000e+11   7.3484761600000000e+08   3.6165177600000000e+08   1.6969999902048256e+16 
  65.0   2.4746841600000000e+08   9.2808223129600000e+11   7.0909568000000000e+08   3.8740371200000000e+08   1.6969999902048256e+16 
  65.2   2.1706398400000000e+08   9.2702736384000000e+11   6.7699129600000000e+08   4.1950812800000000e+08   1.6969999902048256e+16 
  65.5   1.8514468800000000e+08   9.2568092672000000e+11   6.3686227200000000e+08   4.5963715200000000e+08   1.6969999902048256e+16 
  65.8   1.5251235200000000e+08   9.2417936588800000e+11   5.8670105600000000e+08   5.0979840000000000e+08   1.6969999902048256e+16 
  66.0   1.2011504000000000e+08   9.2265938944000000e+11   5.2421619200000000e+08   5.7228320000000000e+08   1.6969999902048256e+16 
  66.2   8.9061768000000000e+07   9.2124558131200000e+11   4.4724086400000000e+08   6.4925856000000000e+08   1.6969999902048256e+16 
  66.5   6.0554692000000000e+07   9.2004083302400000e+11   3.5469433600000000e+08   7.4180512000000000e+08   1.6969999902048256e+16 
  66.8   3.5951520000000000e+07   9.1911893811200000e+11   2.4891481600000000e+08   8.4758457600000000e+08   1.6969999902048256e+16 
  67.0   1.6861762000000000e+07   9.1851705548800000e+11   1.4087830400000000e+08   9.5562105600000000e+08   1.6969999902048256e+16 
  67.2   4.2533355000000000e+06   9.1821978419200000e+11   4.8598880000000000e+07   1.0479004800000000e+09   1.6969999902048256e+16 
  67.5   4.2461032867431641e+00   9.1814474547200000e+11   2.7662310000000000e+06   1.0937340160000000e+09   1.6969999902048256e+16 
  67.8  -1.2524486444359813e-15   9.1814179635200000e+11   1.7137810546875000e+04   1.0964829440000000e+09   1.6969999902048256e+16 
  68.0   2.2499158577186040e-25   9.1814179635200000e+11   1.0453801727294922e+02   1.0964998400000000e+09   1.6969999902048256e+16 
  68.2   1.2592907351545532e-30   9.1814179635200000e+11   5.5064028501510620e-01   1.0964999680000000e+09   1.6969999902048256e+16 
  68.5   1.1083705200852487e-30   9.1814179635200000e+11  -1.2008659541606903e-04   1.0964999680000000e+09   1.6969999902048256e+16 
  68.8   1.0390373242059524e-30   9.1814179635200000e+11   1.2740812962874770e-05   1.0964999680000000e+09   1.6969999902048256e+16 
  69.0   9.7364795889343894e-31   9.1814179635200000e+11  -1.3517587831302080e-06   1.0964999680000000e+09   1.6969999902048256e+16 
  69.2   9.1198218352613820e-31   9.1814179635200000e+11   1.4341725318445242e-07   1.0964999680000000e+09   1.6969999902048256e+16 
  69.5   8.5382436542033536e-31   9.1814179635200000e+11  -1.5216102156045963e-08   1.0964999680000000e+09   1.6969999902048256e+16 
  69.8   7.9897683344599615e-31   9.1814179635200000e+11   1.6143815173563780e-09   1.0964999680000000e+09   1.6969999902048256e+16 
  70.0   7.4725277804088789e-31   9.1814179635200000e+11  -1.7128043428016326e-10   1.0964999680000000e+09   1.6969999902048256e+16 
  70.2   6.9847070287724361e-31   9.1814179635200000e+11   1.8172293531071304e-11   1.0964999680000000e+09   1.6969999902048256e+16 
  70.5   6.5246641490414047e-31   9.1814179635200000e+11  -1.9280228455431647e-12   1.0964999680000000e+09   1.6969999902048256e+16 
  70.8   6.0908094026557325e-31   9.1814179635200000e+11   2.0455685756370912e-13   1.0964999680000000e+09   1.6969999902048256e+16 
  71.0   5.6816395674395881e-31   9.1814179635200000e+11  -2.1702861133666290e-14   1.0964999680000000e+09   1.6969999902048256e+16 
  71.2   5.2957910699460174e-31   9.1814179635200000e+11   2.3026040099692439e-15   1.0964999680000000e+09   1.6969999902048256e+16 
  71.5   4.9319111512760944e-31   9.1814179635200000e+11  -2.4429917800427637e-16   1.0964999680000000e+09   1.6969999902048256e+16 
  71.8   4.5887326285196325e-31   9.1814179635200000e+11   2.5919333917434698e-17   1.0964999680000000e+09   1.6969999902048256e+16 
  72.0   4.2650423915065831e-31   9.1814179635200000e+11  -2.7499627736131531e-18   1.0964999680000000e+09   1.6969999902048256e+16 
  72.2   4.0222722452086594e-31   9.1814179635200000e+11   2.9176304226212735e-19   1.0964999680000000e+09   1.6969999902048256e+16 
  72.5   3.7933534190442150e-31   9.1814179635200000e+11  -3.0955172935614214e-20   1.0964999680000000e+09   1.6969999902048256e+16 
  72.8   3.5774480206399838e-31   9.1814179635200000e+11   3.2842463051336373e-21   1.0964999680000000e+09   1.6969999902048256e+16 
  73.0   3.3738154885549478e-31   9.1814179635200000e+11  -3.4844841939922075e-22   1.0964999680000000e+09   1.6969999902048256e+16 
  73.2   3.1817683936927461e-31   9.1814179635200000e+11   3.6969278436473366e-23   1.0964999680000000e+09   1.6969999902048256e+16 
  73.5   3.0006414062508132e-31   9.1814179635200000e+11  -3.9223181838156442e-24   1.0964999680000000e+09   1.6969999902048256e+16 
  73.8   2.8298220936723709e-31   9.1814179635200000e+11   4.1614720168556144e-25   1.0964999680000000e+09   1.6969999902048256e+16 
  74.0   2.6687732550390932e-31   9.1814179635200000e+11  -4.4151312270055623e-26   1.0964999680000000e+09   1.6969999902048256e+16 
  74.2   2.5168406101953125e-31   9.1814179635200000e+11   4.6849062491515932e-27   1.0964999680000000e+09   1.6969999902048256e+16 
  74.5   2.3735624249600259e-31   9.1814179635200000e+11  -4.9648846555499933e-28   1.0964999680000000e+09   1.6969999902048256e+16 
  74.8   2.2384762598556198e-31   9.1814179635200000e+11   5.3208629538558359e-29   1.0964999680000000e+09   1.6969999902048256e+16 
  75.0   2.1110674834553042e-31   9.1814179635200000e+11  -5.1427866563729311e-30   1.0964999680000000e+09   1.6969999902048256e+16 
  75.2   1.9908959906741312e-31   9.1814179635200000e+11   1.0203956765137761e-30   1.0964999680000000e+09   1.6969999902048256e+16 
  75.5   1.8775638766743476e-31   9.1814179635200000e+11   3.3895003447768397e-31   1.0964999680000000e+09   1.6969999902048256e+16 
  75.8   1.7707065031083282e-31   9.1814179635200000e+11   3.8588498483822014e-31   1.0964999680000000e+09   1.6969999902048256e+16 
  76.0   1.6699368972357824e-31   9.1814179635200000e+11   3.5638101702806138e-31   1.0964999680000000e+09   1.6969999902048256e+16 
  76.2   1.5748903031596499e-31   9.1814179635200000e+11   3.3717449728054094e-31   1.0964999680000000e+09   1.6969999902048256e+16 
  76.5   1.4852662645238607e-31   9.1814179635200000e+11   3.1808682001188863e-31   1.0964999680000000e+09   1.6969999902048256e+16 
  76.8   4.4130525000000000e+06   9.1812718182400000e+11   2.4242338000000000e+07   1.0722588800000000e+09   1.6969999902048256e+16 
  77.0   1.6915118000000000e+07   9.1797081292800000e+11   1.0465512000000000e+08   9.9184614400000000e+08   1.6969999902048256e+16 
  77.2   3.5998368000000000e+07   9.1753073868800000e+11   2.1462348800000000e+08   8.8187782400000000e+08   1.6969999902048256e+16 
  77.5   6.0413736000000000e+07   9.1675092582400000e+11   3.2699008000000000e+08   7.6951123200000000e+08   1.6969999902048256e+16 
  77.8   8.8617312000000000e+07   9.1565483622400000e+11   4.2704409600000000e+08   6.6945728000000000e+08   1.6969999902048256e+16 
  78.0   1.1915008800000000e+08   9.1431999897600000e+11   5.0997689600000000e+08   5.8652448000000000e+08   1.6969999902048256e+16 
  78.2   1.5076342400000000e+08   9.1286110208000000e+11   5.7757715200000000e+08   5.1892428800000000e+08   1.6969999902048256e+16 
  78.5   1.8239592000000000e+08   9.1141301862400000e+11   6.3152371200000000e+08   4.6497776000000000e+08   1.6969999902048256e+16 
  78.8   2.1321318400000000e+08   9.1012084531200000e+11   6.7440992000000000e+08   4.2209155200000000e+08   1.6969999902048256e+16 
  79.0   2.4252820800000000e+08   9.0912620544000000e+11   7.0844070400000000e+08   3.8806080000000000e+08   1.6969999902048256e+16 
  79.2   2.6989331200000000e+08   9.0855414169600000e+11   7.3547027200000000e+08   3.6103123200000000e+08   1.6969999902048256e+16 
  79.5   2.9498928000000000e+08   9.0850282700800000e+11   7.5692403200000000e+08   3.3957753600000000e+08   1.6969999902048256e+16 
  79.8   3.1763590400000000e+08   9.0903681433600000e+11   7.7391481600000000e+08   3.2258678400000000e+08   1.6969999902048256e+16 
  80.0   3.3779884800000000e+08   9.1018480844800000e+11   7.8732940800000000e+08   3.0917216000000000e+08   1.6969999902048256e+16 
  80.2   3.5550262400000000e+08   9.1194182860800000e+11   7.9784448000000000e+08   2.9865702400000000e+08   1.6969999902048256e+16 
  80.5   3.7084156800000000e+08   9.1427405824000000e+11   8.0599897600000000e+08   2.9050249600000000e+08   1.6969999902048256e+16 
  80.8   3.8397920000000000e+08   9.1712638156800000e+11   8.1223468800000000e+08   2.8426675200000000e+08   1.6969999902048256e+16 
  81.0   3.9508992000000000e+08   9.2042992025600000e+11   8.1689920000000000e+08   2.7960227200000000e+08   1.6969999902048256e+16 
  81.2   4.0439008000000000e+08   9.2410911129600000e+11   8.2028876800000000e+08   2.7621267200000000e+08   1.6969999902048256e+16 
  81.5   4.1209532800000000e+08   9.2808786739200000e+11   8.2264352000000000e+08   2.7385788800000000e+08   1.6969999902048256e+16 
  81.8   4.1842819200000000e+08   9.3229481984000000e+11   8.2416780800000000e+08   2.7233353600000000e+08   1.6969999902048256e+16 
  82.0   4.2361456000000000e+08   9.3666607104000000e+11   8.2503680000000000e+08   2.7146454400000000e+08   1.6969999902048256e+16 
  82.2   4.2786396800000000e+08   9.4114716057600000e+11   8.2539686400000000e+08   2.7110448000000000e+08   1.6969999902048256e+16 
  82.5   4.3137468800000000e+08   9.4569385164800000e+11   8.2537337600000000e+08   2.7112803200000000e+08   1.6969999902048256e+16 
  82.8   4.3432672000000000e+08   9.5027219660800000e+11   8.2507174400000000e+08   2.7142969600000000e+08   1.6969999902048256e+16 
  83.0   4.3688108800000000e+08   9.5485742284800000e+11   8.2458054400000000e+08   2.7192080000000000e+08   1.6969999902048256e+16 
  83.2   4.3916966400000000e+08   9.5943249100800000e+11   8.2396992000000000e+08   2.7253145600000000e+08   1.6969999902048256e+16 
  83.5   4.4130131200000000e+08   9.6398737408000000e+11   8.2329523200000000e+08   2.7320614400000000e+08   1.6969999902048256e+16 
  83.8   4.4335436800000000e+08   9.6851669811200000e+11   8.2259558400000000e+08   2.7390588800000000e+08   1.6969999902048256e+16 
  84.0   4.4537577600000000e+08   9.7301836595200000e+11   8.2189382400000000e+08   2.7460755200000000e+08   1.6969999902048256e+16 
