    0.30246092340661E+01
    0.74264960069101E+04
    0.55531180635157E+04
    0.23037878963772E+03
    0.56839028457667E+04
    0.46213280317862E+04
    0.37144765743236E+06
    0.72263209187674E+04
    0.22755146813022E-01
    0.18961155386355E+03
    0.18933462485923E+03
    0.92836237037003E+06
    0.39180499645129E+05
    0.34171682480563E+06
    0.28080541692094E+06
    0.17850286292591E+09
    0.50747387394455E+07
    0.15979347535435E+08
    0.26688799890749E+08
    0.27139543456973E+04
    0.38484824600457E+06
    0.18159722342940E+07
    0.45097806759141E+04
    0.78021338603667E+07
    0.37017416543426E+06
    0.15422436090901E+08
    0.75855655261177E+06
    0.80614148937448E+08
    0.44701152403154E+12
    0.88352336298070E+09
    0.91255060827200E+06
    0.55807851750714E+09
    0.10636857161952E+08
    0.21386061005443E+09
