12.000 1.037528e-06 1.000000e+00 1 
12.000 2.612622e-07 1.000000e+00 1 
12.000 2.780298e-06 1.000000e+00 1 
12.000 2.576774e-04 1.000000e+00 1 
12.000 8.251437e-05 1.000000e+00 1 
12.000 8.764490e-03 1.000000e+00 1 
12.000 1.252556e-02 9.999999e-01 1 
12.000 1.430131e-03 9.999970e-01 1 
12.250 2.180934e-04 9.999755e-01 1 
12.250 2.390721e-05 9.999512e-01 1 
12.500 3.731139e-06 9.997533e-01 1 
12.750 1.251038e-05 9.992204e-01 1 
13.000 6.714312e-06 9.980974e-01 1 
13.250 4.231110e-05 9.960573e-01 1 
13.500 8.764881e-06 9.927040e-01 1 
13.750 2.244596e-05 9.875747e-01 1 
14.000 1.776638e-05 9.801468e-01 1 
14.250 6.569446e-06 9.698463e-01 1 
14.500 1.512004e-05 9.560601e-01 1 
14.750 2.481569e-05 9.381533e-01 1 
15.000 3.697329e-05 9.154922e-01 1 
15.250 5.551583e-05 8.874723e-01 1 
15.500 8.196798e-05 8.535534e-01 1 
15.750 1.160300e-04 8.133019e-01 1 
16.000 1.548528e-04 7.664381e-01 1 
16.250 2.118480e-04 7.128896e-01 1 
16.500 2.674926e-04 6.528477e-01 1 
16.750 3.456816e-04 5.868240e-01 1 
17.000 4.194840e-04 5.157053e-01 1 
17.250 5.298994e-04 4.407980e-01 1 
17.500 6.312854e-04 3.638600e-01 1 
17.750 7.427126e-04 2.871103e-01 1 
18.000 8.915751e-04 2.132118e-01 1 
18.250 1.088073e-03 1.452145e-01 1 
18.500 1.614720e-03 8.645976e-02 1 
18.750 3.462836e-03 4.043234e-02 1 
19.000 9.919013e-03 1.056632e-02 1 
19.250 3.247840e-02 1.887379e-15 1 
19.500 1.175473e-01 0.000000e+00 1 
19.750 1.165715e-01 0.000000e+00 1 
20.000 1.165092e-01 0.000000e+00 1 
20.250 1.158970e-01 0.000000e+00 1 
20.500 1.062819e-01 0.000000e+00 1 
20.750 4.380154e-02 0.000000e+00 1 
21.000 3.943231e-03 0.000000e+00 1 
21.250 2.368833e-04 0.000000e+00 1 
21.500 1.380328e-05 0.000000e+00 1 
21.750 8.028784e-07 0.000000e+00 1 
22.000 4.669507e-08 0.000000e+00 1 
22.250 2.715744e-09 0.000000e+00 1 
22.500 1.579453e-10 0.000000e+00 1 
22.750 9.185940e-12 0.000000e+00 1 
23.000 5.342470e-13 0.000000e+00 1 
23.250 3.107142e-14 0.000000e+00 1 
23.500 1.807065e-15 0.000000e+00 1 
23.750 1.050982e-16 0.000000e+00 1 
24.000 6.112350e-18 0.000000e+00 1 
24.250 3.554928e-19 0.000000e+00 1 
24.500 2.067508e-20 0.000000e+00 1 
24.750 1.202556e-21 0.000000e+00 1 
25.000 6.483746e-23 0.000000e+00 1 
25.250 0.000000e+00 0.000000e+00 1 
25.500 0.000000e+00 0.000000e+00 1 
25.750 0.000000e+00 0.000000e+00 1 
26.000 0.000000e+00 0.000000e+00 1 
26.250 0.000000e+00 0.000000e+00 1 
26.500 0.000000e+00 0.000000e+00 1 
26.750 0.000000e+00 0.000000e+00 1 
27.000 0.000000e+00 0.000000e+00 1 
27.250 0.000000e+00 0.000000e+00 1 
27.500 0.000000e+00 0.000000e+00 1 
27.750 0.000000e+00 0.000000e+00 1 
28.000 0.000000e+00 0.000000e+00 1 
28.250 5.195006e-07 1.887379e-15 1 
28.500 5.025094e-02 1.056632e-02 1 
28.750 1.290754e-02 4.043234e-02 1 
29.000 4.140118e-03 8.645976e-02 1 
29.250 1.935771e-03 1.452145e-01 1 
29.500 3.972767e-03 2.132118e-01 1 
29.750 3.923905e-03 2.871103e-01 1 
30.000 3.322884e-03 3.638600e-01 1 
30.250 2.455098e-03 4.407980e-01 1 
30.500 1.789323e-03 5.157053e-01 1 
30.750 1.110426e-03 5.868240e-01 1 
31.000 7.401348e-04 6.528477e-01 1 
31.250 4.236288e-04 7.128896e-01 1 
31.500 2.591356e-04 7.664381e-01 1 
31.750 1.107808e-04 8.133019e-01 1 
32.000 4.283617e-05 8.535534e-01 1 
32.250 1.832435e-05 8.874723e-01 1 
32.500 7.240257e-06 9.154922e-01 1 
32.750 1.379957e-05 9.381533e-01 1 
33.000 1.208969e-05 9.560601e-01 1 
33.250 1.164050e-05 9.698463e-01 1 
33.500 9.477639e-06 9.801468e-01 1 
33.750 4.174458e-06 9.875747e-01 1 
34.000 5.062028e-06 9.927040e-01 1 
34.250 5.591478e-06 9.960573e-01 1 
34.500 3.698904e-06 9.980974e-01 1 
34.750 2.073924e-06 9.992204e-01 1 
35.000 3.619727e-06 9.997533e-01 1 
35.250 6.334551e-06 9.999512e-01 1 
35.500 5.669844e-06 9.999970e-01 1 
35.750 3.610806e-06 1.000000e+00 1 
36.000 1.441892e-06 9.999970e-01 1 
36.250 4.228466e-06 9.999512e-01 1 
36.500 1.179679e-05 9.997533e-01 1 
36.750 1.223440e-05 9.992204e-01 1 
37.000 1.521750e-05 9.980974e-01 1 
37.250 1.746018e-05 9.960573e-01 1 
37.500 2.042277e-05 9.927040e-01 1 
37.750 2.334881e-05 9.875747e-01 1 
38.000 2.460727e-05 9.801468e-01 1 
38.250 2.290423e-05 9.698463e-01 1 
38.500 1.659615e-05 9.560601e-01 1 
38.750 8.194956e-06 9.381533e-01 1 
39.000 2.054979e-05 9.154922e-01 1 
39.250 4.423039e-05 8.874723e-01 1 
39.500 7.647231e-05 8.535534e-01 1 
39.750 1.160287e-04 8.133019e-01 1 
40.000 1.675417e-04 7.664381e-01 1 
40.250 2.275375e-04 7.128896e-01 1 
40.500 2.902797e-04 6.528477e-01 1 
40.750 3.595653e-04 5.868240e-01 1 
41.000 4.083552e-04 5.157053e-01 1 
41.250 4.425926e-04 4.407980e-01 1 
41.500 4.842594e-04 3.638600e-01 1 
41.750 5.079957e-04 2.871103e-01 1 
42.000 5.008516e-04 2.132118e-01 1 
42.250 6.000075e-04 1.452145e-01 1 
42.500 1.084498e-03 8.645976e-02 1 
42.750 3.171588e-03 4.043234e-02 1 
43.000 1.159949e-02 1.056632e-02 1 
43.250 4.936467e-02 1.887379e-15 1 
43.500 1.481450e-01 0.000000e+00 1 
43.750 1.473889e-01 0.000000e+00 1 
44.000 1.472231e-01 0.000000e+00 1 
44.250 1.455237e-01 0.000000e+00 1 
44.500 1.186526e-01 0.000000e+00 1 
44.750 2.567192e-02 0.000000e+00 1 
45.000 1.568150e-03 0.000000e+00 1 
45.250 8.076336e-05 0.000000e+00 1 
45.500 4.119657e-06 0.000000e+00 1 
45.750 2.100349e-07 0.000000e+00 1 
46.000 1.070804e-08 0.000000e+00 1 
46.250 5.459176e-10 0.000000e+00 1 
46.500 2.783223e-11 0.000000e+00 1 
46.750 1.418949e-12 0.000000e+00 1 
47.000 7.234097e-14 0.000000e+00 1 
47.250 3.688115e-15 0.000000e+00 1 
47.500 1.880268e-16 0.000000e+00 1 
47.750 9.586060e-18 0.000000e+00 1 
48.000 4.887185e-19 0.000000e+00 1 
48.250 2.491584e-20 0.000000e+00 1 
48.500 1.270549e-21 0.000000e+00 1 
48.750 6.483746e-23 0.000000e+00 1 
49.000 0.000000e+00 0.000000e+00 1 
49.250 0.000000e+00 0.000000e+00 1 
49.500 0.000000e+00 0.000000e+00 1 
49.750 0.000000e+00 0.000000e+00 1 
50.000 0.000000e+00 0.000000e+00 1 
50.250 0.000000e+00 0.000000e+00 1 
50.500 0.000000e+00 0.000000e+00 1 
50.750 0.000000e+00 0.000000e+00 1 
51.000 0.000000e+00 0.000000e+00 1 
51.250 0.000000e+00 0.000000e+00 1 
51.500 0.000000e+00 0.000000e+00 1 
51.750 0.000000e+00 0.000000e+00 1 
52.000 0.000000e+00 0.000000e+00 1 
52.250 4.678719e-07 1.887379e-15 1 
52.500 1.394085e-01 1.056632e-02 1 
52.750 1.330596e-02 4.043234e-02 1 
53.000 7.258374e-03 8.645976e-02 1 
53.250 7.522474e-03 1.452145e-01 1 
53.500 6.786529e-03 2.132118e-01 1 
53.750 5.533358e-03 2.871103e-01 1 
54.000 4.160734e-03 3.638600e-01 1 
54.250 2.900582e-03 4.407980e-01 1 
54.500 1.725536e-03 5.157053e-01 1 
54.750 9.926121e-04 5.868240e-01 1 
55.000 5.048933e-04 6.528477e-01 1 
55.250 1.942309e-04 7.128896e-01 1 
55.500 2.454262e-05 7.664381e-01 1 
55.750 1.136263e-04 8.133019e-01 1 
56.000 1.501955e-04 8.535534e-01 1 
56.250 1.548846e-04 8.874723e-01 1 
56.500 1.506661e-04 9.154922e-01 1 
56.750 1.332953e-04 9.381533e-01 1 
57.000 1.083087e-04 9.560601e-01 1 
57.250 8.660122e-05 9.698463e-01 1 
57.500 6.543533e-05 9.801468e-01 1 
57.750 4.872949e-05 9.875747e-01 1 
58.000 3.391365e-05 9.927040e-01 1 
58.250 2.413447e-05 9.960573e-01 1 
58.500 1.589116e-05 9.980974e-01 1 
58.750 9.024239e-06 9.992204e-01 1 
59.000 3.324369e-06 9.997533e-01 1 
59.250 4.450368e-06 9.999512e-01 1 
59.500 1.962169e-06 9.999970e-01 1 
59.750 3.640900e-06 1.000000e+00 1 
60.000 7.398575e-07 9.999970e-01 1 
60.250 4.829259e-06 9.999512e-01 1 
60.500 7.157407e-06 9.997533e-01 1 
60.750 1.307919e-05 9.992204e-01 1 
61.000 1.899021e-05 9.980974e-01 1 
61.250 2.774427e-05 9.960573e-01 1 
61.500 3.424726e-05 9.927040e-01 1 
61.750 4.075530e-05 9.875747e-01 1 
62.000 4.477940e-05 9.801468e-01 1 
62.250 4.394475e-05 9.698463e-01 1 
62.500 4.073989e-05 9.560601e-01 1 
62.750 2.870117e-05 9.381533e-01 1 
63.000 1.413702e-05 9.154922e-01 1 
63.250 2.954070e-05 8.874723e-01 1 
63.500 7.401314e-05 8.535534e-01 1 
63.750 1.255765e-04 8.133019e-01 1 
64.000 1.854032e-04 7.664381e-01 1 
64.250 2.539389e-04 7.128896e-01 1 
64.500 3.127447e-04 6.528477e-01 1 
64.750 3.607400e-04 5.868240e-01 1 
65.000 4.024846e-04 5.157053e-01 1 
65.250 3.936648e-04 4.407980e-01 1 
65.500 3.421575e-04 3.638600e-01 1 
65.750 2.457917e-04 2.871103e-01 1 
66.000 1.561722e-04 2.132118e-01 1 
66.250 1.126355e-04 1.452145e-01 1 
66.500 5.051658e-04 8.645976e-02 1 
66.750 2.908066e-03 4.043234e-02 1 
67.000 1.353960e-02 1.056632e-02 1 
67.250 6.811131e-02 1.887379e-15 1 
67.500 1.671770e-01 0.000000e+00 1 
67.750 1.665535e-01 0.000000e+00 1 
68.000 1.662947e-01 0.000000e+00 1 
68.250 1.637523e-01 0.000000e+00 1 
68.500 1.255167e-01 0.000000e+00 1 
68.750 2.220447e-02 0.000000e+00 1 
69.000 1.276016e-03 0.000000e+00 1 
69.250 6.450592e-05 0.000000e+00 1 
69.500 3.238385e-06 0.000000e+00 1 
69.750 1.625193e-07 0.000000e+00 1 
70.000 8.155953e-09 0.000000e+00 1 
70.250 4.093011e-10 0.000000e+00 1 
70.500 2.054057e-11 0.000000e+00 1 
70.750 1.030814e-12 0.000000e+00 1 
71.000 5.173074e-14 0.000000e+00 1 
71.250 2.596075e-15 0.000000e+00 1 
71.500 1.302817e-16 0.000000e+00 1 
71.750 6.538106e-18 0.000000e+00 1 
72.000 3.281116e-19 0.000000e+00 1 
72.250 1.646612e-20 0.000000e+00 1 
72.500 8.260946e-22 0.000000e+00 1 
72.750 3.743392e-23 0.000000e+00 1 
73.000 0.000000e+00 0.000000e+00 1 
73.250 0.000000e+00 0.000000e+00 1 
73.500 0.000000e+00 0.000000e+00 1 
73.750 0.000000e+00 0.000000e+00 1 
74.000 0.000000e+00 0.000000e+00 1 
74.250 0.000000e+00 0.000000e+00 1 
74.500 0.000000e+00 0.000000e+00 1 
74.750 0.000000e+00 0.000000e+00 1 
75.000 0.000000e+00 0.000000e+00 1 
75.250 0.000000e+00 0.000000e+00 1 
75.500 0.000000e+00 0.000000e+00 1 
75.750 0.000000e+00 0.000000e+00 1 
76.000 0.000000e+00 0.000000e+00 1 
76.250 4.395067e-07 1.887379e-15 1 
76.500 2.246125e-01 1.056632e-02 1 
76.750 3.803788e-02 4.043234e-02 1 
77.000 1.858134e-02 8.645976e-02 1 
77.250 1.331300e-02 1.452145e-01 1 
77.500 1.032194e-02 2.132118e-01 1 
77.750 7.297296e-03 2.871103e-01 1 
78.000 4.988767e-03 3.638600e-01 1 
78.250 3.312882e-03 4.407980e-01 1 
78.500 1.911249e-03 5.157053e-01 1 
78.750 1.019776e-03 5.868240e-01 1 
79.000 3.561059e-04 6.528477e-01 1 
79.250 5.525619e-05 7.128896e-01 1 
79.500 2.306436e-04 7.664381e-01 1 
79.750 3.368882e-04 8.133019e-01 1 
80.000 3.641293e-04 8.535534e-01 1 
80.250 3.313123e-04 8.874723e-01 1 
80.500 2.961813e-04 9.154922e-01 1 
80.750 2.407221e-04 9.381533e-01 1 
81.000 1.983970e-04 9.560601e-01 1 
81.250 1.564712e-04 9.698463e-01 1 
81.500 1.173812e-04 9.801468e-01 1 
81.750 8.953185e-05 9.875747e-01 1 
82.000 6.545587e-05 9.927040e-01 1 
82.250 4.650436e-05 9.960573e-01 1 
82.500 3.183529e-05 9.980974e-01 1 
82.750 2.087468e-05 9.992204e-01 1 
83.000 1.128185e-05 9.997533e-01 1 
83.250 4.979676e-06 9.999512e-01 1 
83.500 2.289638e-06 9.999970e-01 1 
83.750 1.145512e-06 1.000000e+00 1 
84.000 2.940958e-06 9.999970e-01 1 
