  12.0   9.8708549499511719e+01   6.6244217600000000e+08   5.3260002918400000e+11   8.7251654400000000e+08   2.2398344000000000e+08   8.1199998863147008e+16   1.6969999902048256e+16 
  12.0   9.8708503723144531e+01   6.6268339200000000e+08   5.3260012748800000e+11   8.7261587200000000e+08   2.2388411200000000e+08   8.1199998863147008e+16   1.6969999902048256e+16 
  12.0   9.8708732604980469e+01   6.6378060800000000e+08   5.3260130713600000e+11   8.7320953600000000e+08   2.2329046400000000e+08   8.1199998863147008e+16   1.6969999902048256e+16 
  12.0   9.8710960388183594e+01   6.6539475200000000e+08   5.3261326745600000e+11   8.7667750400000000e+08   2.1982246400000000e+08   8.1199998863147008e+16   1.6969999902048256e+16 
  12.0   9.8725814819335938e+01   6.6551488000000000e+08   5.3269345075200000e+11   8.9420940800000000e+08   2.0229051200000000e+08   8.1199998863147008e+16   1.6969999902048256e+16 
  12.0   9.8810417175292969e+01   6.6591680000000000e+08   5.3315000729600000e+11   9.3571379200000000e+08   1.6078614400000000e+08   8.1199998863147008e+16   1.6969999902048256e+16 
  12.0   9.9050636291503906e+01   6.6748364800000000e+08   5.3444617830400000e+11   9.4332153600000000e+08   1.5317835200000000e+08   8.1199998863147008e+16   1.6969999902048256e+16 
  12.0   9.9653076171875000e+01   6.7149312000000000e+08   5.3770007347200000e+11   9.4324608000000000e+08   1.5325382400000000e+08   8.1199998863147008e+16   1.6969999902048256e+16 
  12.2   1.0028673553466797e+02   6.7571603200000000e+08   5.4114231910400000e+11   9.4276614400000000e+08   1.5373376000000000e+08   8.1199998863147008e+16   1.6969999902048256e+16 
  12.2   1.0057554626464844e+02   6.7764416000000000e+08   5.4272711065600000e+11   9.4252428800000000e+08   1.5397558400000000e+08   8.1199998863147008e+16   1.6969999902048256e+16 
  12.5   1.0145766448974609e+02   6.8356121600000000e+08   5.4770407833600000e+11   9.4171443200000000e+08   1.5478542400000000e+08   8.1199998863147008e+16   1.6969999902048256e+16 
  12.8   1.0226039123535156e+02   6.8902681600000000e+08   5.5262655283200000e+11   9.4086476800000000e+08   1.5563512000000000e+08   8.1199998863147008e+16   1.6969999902048256e+16 
  13.0   1.0292771911621094e+02   6.9372844800000000e+08   5.5748526080000000e+11   9.3993401600000000e+08   1.5656588800000000e+08   8.1199998863147008e+16   1.6969999902048256e+16 
  13.2   1.0338636779785156e+02   6.9725638400000000e+08   5.6226558771200000e+11   9.3886816000000000e+08   1.5763163200000000e+08   8.1199998863147008e+16   1.6969999902048256e+16 
  13.5   1.0354620361328125e+02   6.9910508800000000e+08   5.6694590668800000e+11   9.3759980800000000e+08   1.5890000000000000e+08   8.1199998863147008e+16   1.6969999902048256e+16 
  13.8   1.0330142211914062e+02   6.9867782400000000e+08   5.7149626777600000e+11   9.3604787200000000e+08   1.6045192000000000e+08   8.1199998863147008e+16   1.6969999902048256e+16 
  14.0   1.0253361511230469e+02   6.9530220800000000e+08   5.7587872563200000e+11   9.3411507200000000e+08   1.6238470400000000e+08   8.1199998863147008e+16   1.6969999902048256e+16 
  14.2   1.0111643218994141e+02   6.8825260800000000e+08   5.8004674969600000e+11   9.3168627200000000e+08   1.6481353600000000e+08   8.1199998863147008e+16   1.6969999902048256e+16 
  14.5   9.8922729492187500e+01   6.7678528000000000e+08   5.8394627276800000e+11   9.2862444800000000e+08   1.6787531200000000e+08   8.1199998863147008e+16   1.6969999902048256e+16 
  14.8   9.5834434509277344e+01   6.6018835200000000e+08   5.8751791923200000e+11   9.2476531200000000e+08   1.7173443200000000e+08   8.1199998863147008e+16   1.6969999902048256e+16 
  15.0   9.1754837036132812e+01   6.3784422400000000e+08   5.9069982310400000e+11   9.1991020800000000e+08   1.7658958400000000e+08   8.1199998863147008e+16   1.6969999902048256e+16 
  15.2   8.6623046875000000e+01   6.0930297600000000e+08   5.9343215001600000e+11   9.1381491200000000e+08   1.8268488000000000e+08   8.1199998863147008e+16   1.6969999902048256e+16 
  15.5   8.0429351806640625e+01   5.7436384000000000e+08   5.9566286438400000e+11   9.0617529600000000e+08   1.9032454400000000e+08   8.1199998863147008e+16   1.6969999902048256e+16 
  15.8   7.3229804992675781e+01   5.3315219200000000e+08   5.9735375872000000e+11   8.9660716800000000e+08   1.9989273600000000e+08   8.1199998863147008e+16   1.6969999902048256e+16 
  16.0   6.5157089233398438e+01   4.8618262400000000e+08   5.9848707276800000e+11   8.8461740800000000e+08   2.1188257600000000e+08   8.1199998863147008e+16   1.6969999902048256e+16 
  16.2   5.6425533294677734e+01   4.3439510400000000e+08   5.9907112960000000e+11   8.6956684800000000e+08   2.2693310400000000e+08   8.1199998863147008e+16   1.6969999902048256e+16 
  16.5   4.7326824188232422e+01   3.7914819200000000e+08   5.9914380902400000e+11   8.5061369600000000e+08   2.4588624000000000e+08   8.1199998863147008e+16   1.6969999902048256e+16 
  16.8   3.8214698791503906e+01   3.2216169600000000e+08   5.9877280972800000e+11   8.2664672000000000e+08   2.6985324800000000e+08   8.1199998863147008e+16   1.6969999902048256e+16 
  17.0   2.9477802276611328e+01   2.6540414400000000e+08   5.9805230694400000e+11   7.9618758400000000e+08   3.0031238400000000e+08   8.1199998863147008e+16   1.6969999902048256e+16 
  17.2   2.1501802444458008e+01   2.1093113600000000e+08   5.9709456384000000e+11   7.5728691200000000e+08   3.3921305600000000e+08   8.1199998863147008e+16   1.6969999902048256e+16 
  17.5   1.4624497413635254e+01   1.6069084800000000e+08   5.9601852825600000e+11   7.0740838400000000e+08   3.8909164800000000e+08   8.1199998863147008e+16   1.6969999902048256e+16 
  17.8   9.0891027450561523e+00   1.1632135200000000e+08   5.9493646336000000e+11   6.4340966400000000e+08   4.5309030400000000e+08   8.1199998863147008e+16   1.6969999902048256e+16 
  18.0   5.0040235519409180e+00   7.8975720000000000e+07   5.9394188902400000e+11   5.6178361600000000e+08   5.3471632000000000e+08   8.1199998863147008e+16   1.6969999902048256e+16 
  18.2   2.3179419040679932e+00   4.9210756000000000e+07   5.9310158643200000e+11   4.5961481600000000e+08   6.3688505600000000e+08   8.1199998863147008e+16   1.6969999902048256e+16 
  18.5   8.2079660892486572e-01   2.6983698000000000e+07   5.9245297664000000e+11   3.3711491200000000e+08   7.5938489600000000e+08   8.1199998863147008e+16   1.6969999902048256e+16 
  18.8   1.7936591804027557e-01   1.1788611000000000e+07   5.9200805273600000e+11   2.0269532800000000e+08   8.9380448000000000e+08   8.1199998863147008e+16   1.6969999902048256e+16 
  19.0   1.2244780547916889e-02   2.9451410000000000e+06   5.9175777075200000e+11   7.9861104000000000e+07   1.0166386560000000e+09   8.1199998863147008e+16   1.6969999902048256e+16 
  19.2   1.4554299099245327e-08  -2.5895336914062500e+02   5.9166837964800000e+11   9.0489560000000000e+06   1.0874508800000000e+09   8.1199998863147008e+16   1.6969999902048256e+16 
  19.5   2.4694961027068408e-17  -1.8220317363739014e+00   5.9165992550400000e+11   5.2627062500000000e+05   1.0959736320000000e+09   8.1199998863147008e+16   1.6969999902048256e+16 
  19.8   4.2015083101692945e-26  -1.2815386056900024e-02   5.9165940121600000e+11   3.0607335937500000e+04   1.0964692480000000e+09   8.1199998863147008e+16   1.6969999902048256e+16 
  20.0   6.8058356368288687e-35  -9.0135945356450975e-05   5.9165940121600000e+11   1.7800947265625000e+03   1.0964979200000000e+09   8.1199998863147008e+16   1.6969999902048256e+16 
  20.2  -3.3069962166492635e-36  -6.3396305449714419e-07   5.9165940121600000e+11   1.0352883911132812e+02   1.0964995840000000e+09   8.1199998863147008e+16   1.6969999902048256e+16 
  20.5  -3.3069962166492635e-36  -4.4589221204205387e-09   5.9165940121600000e+11   6.0211477279663086e+00   1.0964995840000000e+09   8.1199998863147008e+16   1.6969999902048256e+16 
  20.8  -3.3069962166492635e-36  -3.1361403057816872e-11   5.9165940121600000e+11   3.5018393397331238e-01   1.0964995840000000e+09   8.1199998863147008e+16   1.6969999902048256e+16 
  21.0  -3.3069962166492635e-36  -2.2057748965027824e-13   5.9165940121600000e+11   2.0366359502077103e-02   1.0964995840000000e+09   8.1199998863147008e+16   1.6969999902048256e+16 
  21.2  -3.3069962166492635e-36  -1.5514115701473468e-15   5.9165940121600000e+11   1.1844874825328588e-03   1.0964995840000000e+09   8.1199998863147008e+16   1.6969999902048256e+16 
  21.5  -3.3069962166492635e-36  -1.0911710037101412e-17   5.9165940121600000e+11   6.8888766691088676e-05   1.0964995840000000e+09   8.1199998863147008e+16   1.6969999902048256e+16 
  21.8  -3.3069962166492635e-36  -7.6746502241614678e-20   5.9165940121600000e+11   4.0065087887342088e-06   1.0964995840000000e+09   8.1199998863147008e+16   1.6969999902048256e+16 
  22.0  -3.3069962166492635e-36  -5.3978977478242357e-22   5.9165940121600000e+11   2.3301464580072206e-07   1.0964995840000000e+09   8.1199998863147008e+16   1.6969999902048256e+16 
  22.2  -3.3069962166492635e-36  -3.7965690223579836e-24   5.9165940121600000e+11   1.3551945343692751e-08   1.0964995840000000e+09   8.1199998863147008e+16   1.6969999902048256e+16 
  22.5  -3.3069962166492635e-36  -2.6707292702661609e-26   5.9165940121600000e+11   7.8816975168649606e-10   1.0964995840000000e+09   8.1199998863147008e+16   1.6969999902048256e+16 
  22.8  -3.3069962166492635e-36  -1.8020833804252792e-28   5.9165940121600000e+11   4.5839242124312563e-11   1.0964995840000000e+09   8.1199998863147008e+16   1.6969999902048256e+16 
  23.0  -3.3069962166492635e-36   1.8995608789513980e-30   5.9165940121600000e+11   2.6659668396489256e-12   1.0964995840000000e+09   8.1199998863147008e+16   1.6969999902048256e+16 
  23.2  -3.3069962166492635e-36   1.5432218976013221e-30   5.9165940121600000e+11   1.5505015348894757e-13   1.0964995840000000e+09   8.1199998863147008e+16   1.6969999902048256e+16 
  23.5  -3.3069962166492635e-36   1.2502827808848799e-30   5.9165940121600000e+11   9.0175678136108529e-15   1.0964995840000000e+09   8.1199998863147008e+16   1.6969999902048256e+16 
  23.8  -3.3069962166492635e-36   1.0196484382648454e-30   5.9165940121600000e+11   5.2445357830318250e-16   1.0964995840000000e+09   8.1199998863147008e+16   1.6969999902048256e+16 
  24.0  -3.3069962166492635e-36   8.2927759834691629e-31   5.9165940121600000e+11   3.0501696135296758e-17   1.0964995840000000e+09   8.1199998863147008e+16   1.6969999902048256e+16 
  24.2  -3.3069962166492635e-36   6.7215077310527017e-31   5.9165940121600000e+11   1.7739533437077470e-18   1.0964995840000000e+09   8.1199998863147008e+16   1.6969999902048256e+16 
  24.5  -3.3069962166492635e-36   5.4245020589881740e-31   5.9165940121600000e+11   1.0317155592909688e-19   1.0964995840000000e+09   8.1199998863147008e+16   1.6969999902048256e+16 
  24.8  -3.3069962166492635e-36   4.3659477669766490e-31   5.9165940121600000e+11   6.0003600855239933e-21   1.0964995840000000e+09   8.1199998863147008e+16   1.6969999902048256e+16 
  25.0  -3.3069962166492635e-36   3.6036493195220722e-31   5.9165940121600000e+11   3.4897611054682843e-22   1.0964995840000000e+09   8.1199998863147008e+16   1.6969999902048256e+16 
  25.2  -3.3069962166492635e-36   2.9745085211399426e-31   5.9165940121600000e+11   2.0296196755926129e-23   1.0964995840000000e+09   8.1199998863147008e+16   1.6969999902048256e+16 
  25.5  -3.3069962166492635e-36   2.4552089711839597e-31   5.9165940121600000e+11   1.1804100433751980e-24   1.0964995840000000e+09   8.1199998863147008e+16   1.6969999902048256e+16 
  25.8  -3.3069962166492635e-36   2.0265673071453142e-31   5.9165940121600000e+11   6.8652308932233791e-26   1.0964995840000000e+09   8.1199998863147008e+16   1.6969999902048256e+16 
  26.0  -3.3069962166492635e-36   1.6727558502384893e-31   5.9165940121600000e+11   3.9933090431680145e-27   1.0964995840000000e+09   8.1199998863147008e+16   1.6969999902048256e+16 
  26.2  -3.3069962166492635e-36   1.3807504757046793e-31   5.9165940121600000e+11   2.3270679295115564e-28   1.0964995840000000e+09   8.1199998863147008e+16   1.6969999902048256e+16 
  26.5  -3.3069962166492635e-36   1.1396617565261717e-31   5.9165940121600000e+11   1.3913426484129332e-29   1.0964995840000000e+09   8.1199998863147008e+16   1.6969999902048256e+16 
  26.8  -3.3069962166492635e-36   9.4062658284720167e-32   5.9165940121600000e+11   1.1225715262782107e-30   1.0964995840000000e+09   8.1199998863147008e+16   1.6969999902048256e+16 
  27.0  -3.3069962166492635e-36   7.7644951864751573e-32   5.9165940121600000e+11   3.2352383403274696e-31   1.0964995840000000e+09   8.1199998863147008e+16   1.6969999902048256e+16 
  27.2  -3.3069962166492635e-36   6.4090338260363284e-32   5.9165940121600000e+11   2.3198743065737897e-31   1.0964995840000000e+09   8.1199998863147008e+16   1.6969999902048256e+16 
  27.5  -3.3069962166492635e-36   5.2903458274647034e-32   5.9165940121600000e+11   1.8954241027418713e-31   1.0964995840000000e+09   8.1199998863147008e+16   1.6969999902048256e+16 
  27.8  -3.3069962166492635e-36   4.3674514005755033e-32   5.9165940121600000e+11   1.5617474534714112e-31   1.0964995840000000e+09   8.1199998863147008e+16   1.6969999902048256e+16 
  28.0  -3.3069962166492635e-36   3.6045285305217698e-32   5.9165940121600000e+11   1.2905745424711790e-31   1.0964995840000000e+09   8.1199998863147008e+16   1.6969999902048256e+16 
  28.2   3.9060957611971176e-28   5.1453963578751427e-07   5.9165940121600000e+11   2.9121874831616879e-06   1.0964995840000000e+09   8.1199998863147008e+16   1.6969999902048256e+16 
  28.5   1.2242606841027737e-02   2.9388922500000000e+06   5.9166254694400000e+11   2.8248126000000000e+07   1.0682514560000000e+09   8.1199998863147008e+16   1.6969999902048256e+16 
  28.8   1.7924554646015167e-01   1.1781659000000000e+07   5.9161378816000000e+11   1.3291553600000000e+08   9.6358406400000000e+08   8.1199998863147008e+16   1.6969999902048256e+16 
  29.0   8.1932479143142700e-01   2.6943302000000000e+07   5.9139214540800000e+11   2.7577219200000000e+08   8.2072736000000000e+08   8.1199998863147008e+16   1.6969999902048256e+16 
  29.2   2.3094346523284912e+00   4.9035036000000000e+07   5.9092546355200000e+11   4.1531363200000000e+08   6.8118592000000000e+08   8.1199998863147008e+16   1.6969999902048256e+16 
  29.5   4.9725527763366699e+00   7.8472760000000000e+07   5.9020679577600000e+11   5.3268518400000000e+08   5.6381440000000000e+08   8.1199998863147008e+16   1.6969999902048256e+16 
  29.8   9.0026922225952148e+00   1.1519613600000000e+08   5.8928024780800000e+11   6.2527449600000000e+08   4.7122508800000000e+08   8.1199998863147008e+16   1.6969999902048256e+16 
  30.0   1.4433335304260254e+01   1.5856099200000000e+08   5.8822728089600000e+11   6.9659718400000000e+08   3.9990233600000000e+08   8.1199998863147008e+16   1.6969999902048256e+16 
  30.2   2.1143970489501953e+01   2.0738752000000000e+08   5.8715714355200000e+11   7.5124236800000000e+08   3.4525708800000000e+08   8.1199998863147008e+16   1.6969999902048256e+16 
  30.5   2.8893405914306641e+01   2.6011259200000000e+08   5.8619540275200000e+11   7.9319872000000000e+08   3.0330076800000000e+08   8.1199998863147008e+16   1.6969999902048256e+16 
  30.8   3.7365768432617188e+01   3.1498512000000000e+08   5.8547077120000000e+11   8.2557222400000000e+08   2.7092723200000000e+08   8.1199998863147008e+16   1.6969999902048256e+16 
  31.0   4.6217601776123047e+01   3.7025651200000000e+08   5.8510088601600000e+11   8.5067142400000000e+08   2.4582800000000000e+08   8.1199998863147008e+16   1.6969999902048256e+16 
  31.2   5.5117294311523438e+01   4.2433296000000000e+08   5.8518136422400000e+11   8.7020505600000000e+08   2.2629436800000000e+08   8.1199998863147008e+16   1.6969999902048256e+16 
  31.5   6.3773380279541016e+01   4.7587728000000000e+08   5.8577708646400000e+11   8.8543193600000000e+08   2.1106752000000000e+08   8.1199998863147008e+16   1.6969999902048256e+16 
  31.8   7.1950683593750000e+01   5.2385932800000000e+08   5.8691964108800000e+11   8.9729203200000000e+08   1.9920740800000000e+08   8.1199998863147008e+16   1.6969999902048256e+16 
  32.0   7.9476829528808594e+01   5.6756748800000000e+08   5.8860830720000000e+11   9.0649228800000000e+08   1.9000718400000000e+08   8.1199998863147008e+16   1.6969999902048256e+16 
  32.2   8.6240951538085938e+01   6.0658976000000000e+08   5.9081451110400000e+11   9.1357414400000000e+08   1.8292529600000000e+08   8.1199998863147008e+16   1.6969999902048256e+16 
  32.5   9.2188026428222656e+01   6.4077939200000000e+08   5.9348864204800000e+11   9.1895833600000000e+08   1.7754108800000000e+08   8.1199998863147008e+16   1.6969999902048256e+16 
  32.8   9.7310531616210938e+01   6.7021126400000000e+08   5.9656732672000000e+11   9.2297689600000000e+08   1.7352257600000000e+08   8.1199998863147008e+16   1.6969999902048256e+16 
  33.0   1.0163893890380859e+02   6.9513568000000000e+08   5.9998044160000000e+11   9.2589542400000000e+08   1.7060393600000000e+08   8.1199998863147008e+16   1.6969999902048256e+16 
  33.2   1.0523223114013672e+02   7.1593216000000000e+08   6.0365707673600000e+11   9.2793100800000000e+08   1.6856835200000000e+08   8.1199998863147008e+16   1.6969999902048256e+16 
  33.5   1.0816902160644531e+02   7.3306739200000000e+08   6.0753025433600000e+11   9.2926233600000000e+08   1.6723697600000000e+08   8.1199998863147008e+16   1.6969999902048256e+16 
  33.8   1.1053950500488281e+02   7.4705830400000000e+08   6.1154020556800000e+11   9.3003904000000000e+08   1.6646027200000000e+08   8.1199998863147008e+16   1.6969999902048256e+16 
  34.0   1.1243875122070312e+02   7.5843814400000000e+08   6.1563587788800000e+11   9.3038700800000000e+08   1.6611235200000000e+08   8.1199998863147008e+16   1.6969999902048256e+16 
  34.2   1.1396094512939453e+02   7.6773004800000000e+08   6.1977604915200000e+11   9.3041241600000000e+08   1.6608697600000000e+08   8.1199998863147008e+16   1.6969999902048256e+16 
  34.5   1.1519493865966797e+02   7.7542476800000000e+08   6.2392886886400000e+11   9.3020454400000000e+08   1.6629486400000000e+08   8.1199998863147008e+16   1.6969999902048256e+16 
  34.8   1.1622079467773438e+02   7.8196313600000000e+08   6.2807100620800000e+11   9.2983756800000000e+08   1.6666172800000000e+08   8.1199998863147008e+16   1.6969999902048256e+16 
  35.0   1.1710724639892578e+02   7.8772371200000000e+08   6.3218712576000000e+11   9.2937158400000000e+08   1.6712772800000000e+08   8.1199998863147008e+16   1.6969999902048256e+16 
  35.2   1.1790979003906250e+02   7.9301209600000000e+08   6.3626759372800000e+11   9.2885299200000000e+08   1.6764627200000000e+08   8.1199998863147008e+16   1.6969999902048256e+16 
  35.5   1.1866931915283203e+02   7.9805376000000000e+08   6.4030769152000000e+11   9.2831513600000000e+08   1.6818411200000000e+08   8.1199998863147008e+16   1.6969999902048256e+16 
  35.8   1.1941095733642578e+02   8.0298764800000000e+08   6.4430551859200000e+11   9.2777817600000000e+08   1.6872105600000000e+08   8.1199998863147008e+16   1.6969999902048256e+16 
  36.0   1.2014331817626953e+02   8.0786112000000000e+08   6.4826114048000000e+11   9.2724902400000000e+08   1.6925024000000000e+08   8.1199998863147008e+16   1.6969999902048256e+16 
  36.2   1.2085748291015625e+02   8.1262521600000000e+08   6.5217422950400000e+11   9.2672147200000000e+08   1.6977782400000000e+08   8.1199998863147008e+16   1.6969999902048256e+16 
  36.5   1.2152639770507812e+02   8.1712998400000000e+08   6.5604360601600000e+11   9.2617625600000000e+08   1.7032297600000000e+08   8.1199998863147008e+16   1.6969999902048256e+16 
  36.8   1.2210401153564453e+02   8.2112012800000000e+08   6.5986514124800000e+11   9.2558080000000000e+08   1.7091844800000000e+08   8.1199998863147008e+16   1.6969999902048256e+16 
  37.0   1.2252485656738281e+02   8.2423174400000000e+08   6.6363038105600000e+11   9.2488921600000000e+08   1.7161004800000000e+08   8.1199998863147008e+16   1.6969999902048256e+16 
  37.2   1.2270396423339844e+02   8.2599136000000000e+08   6.6732562841600000e+11   9.2404204800000000e+08   1.7245728000000000e+08   8.1199998863147008e+16   1.6969999902048256e+16 
  37.5   1.2253751373291016e+02   8.2581894400000000e+08   6.7093037056000000e+11   9.2296550400000000e+08   1.7353377600000000e+08   8.1199998863147008e+16   1.6969999902048256e+16 
  37.8   1.2190467071533203e+02   8.2303590400000000e+08   6.7441682022400000e+11   9.2157081600000000e+08   1.7492844800000000e+08   8.1199998863147008e+16   1.6969999902048256e+16 
  38.0   1.2067112731933594e+02   8.1688185600000000e+08   6.7774932582400000e+11   9.1975212800000000e+08   1.7674700800000000e+08   8.1199998863147008e+16   1.6969999902048256e+16 
  38.2   1.1869461059570312e+02   8.0654208000000000e+08   6.8088410931200000e+11   9.1738444800000000e+08   1.7911464000000000e+08   8.1199998863147008e+16   1.6969999902048256e+16 
  38.5   1.1583313751220703e+02   7.9118796800000000e+08   6.8377077350400000e+11   9.1431916800000000e+08   1.8217984000000000e+08   8.1199998863147008e+16   1.6969999902048256e+16 
  38.8   1.1195610046386719e+02   7.7003276800000000e+08   6.8635400601600000e+11   9.1037907200000000e+08   1.8611993600000000e+08   8.1199998863147008e+16   1.6969999902048256e+16 
  39.0   1.0695802307128906e+02   7.4240051200000000e+08   6.8857633177600000e+11   9.0534976000000000e+08   1.9114926400000000e+08   8.1199998863147008e+16   1.6969999902048256e+16 
  39.2   1.0077474212646484e+02   7.0780857600000000e+08   6.9038309376000000e+11   8.9896960000000000e+08   1.9752940800000000e+08   8.1199998863147008e+16   1.6969999902048256e+16 
  39.5   9.3400314331054688e+01   6.6605625600000000e+08   6.9172756480000000e+11   8.9091372800000000e+08   2.0558528000000000e+08   8.1199998863147008e+16   1.6969999902048256e+16 
  39.8   8.4903083801269531e+01   6.1730950400000000e+08   6.9257704243200000e+11   8.8077337600000000e+08   2.1572563200000000e+08   8.1199998863147008e+16   1.6969999902048256e+16 
  40.0   7.5437751770019531e+01   5.6217145600000000e+08   6.9291933696000000e+11   8.6802745600000000e+08   2.2847160000000000e+08   8.1199998863147008e+16   1.6969999902048256e+16 
  40.2   6.5250541687011719e+01   5.0171913600000000e+08   6.9276781772800000e+11   8.5200454400000000e+08   2.4449454400000000e+08   8.1199998863147008e+16   1.6969999902048256e+16 
  40.5   5.4674587249755859e+01   4.3749884800000000e+08   6.9216560742400000e+11   8.3183014400000000e+08   2.6466894400000000e+08   8.1199998863147008e+16   1.6969999902048256e+16 
  40.8   4.4112487792968750e+01   3.7146035200000000e+08   6.9118466457600000e+11   8.0636076800000000e+08   2.9013830400000000e+08   8.1199998863147008e+16   1.6969999902048256e+16 
  41.0   3.4005981445312500e+01   3.0583318400000000e+08   6.8992257228800000e+11   7.7409964800000000e+08   3.2239942400000000e+08   8.1199998863147008e+16   1.6969999902048256e+16 
  41.2   2.4793123245239258e+01   2.4294563200000000e+08   6.8849434624000000e+11   7.3311065600000000e+08   3.6338835200000000e+08   8.1199998863147008e+16   1.6969999902048256e+16 
  41.5   1.6857379913330078e+01   1.8500604800000000e+08   6.8702076928000000e+11   6.8095315200000000e+08   4.1554592000000000e+08   8.1199998863147008e+16   1.6969999902048256e+16 
  41.8   1.0474409103393555e+01   1.3387312800000000e+08   6.8561482547200000e+11   6.1472377600000000e+08   4.8177529600000000e+08   8.1199998863147008e+16   1.6969999902048256e+16 
  42.0   5.7658710479736328e+00   9.0855888000000000e+07   6.8436944486400000e+11   5.3141804800000000e+08   5.6508102400000000e+08   8.1199998863147008e+16   1.6969999902048256e+16 
  42.2   2.6706390380859375e+00   5.6585064000000000e+07   6.8334918041600000e+11   4.2903184000000000e+08   6.6746726400000000e+08   8.1199998863147008e+16   1.6969999902048256e+16 
  42.5   9.4566810131072998e-01   3.1006612000000000e+07   6.8258666905600000e+11   3.0907190400000000e+08   7.8742720000000000e+08   8.1199998863147008e+16   1.6969999902048256e+16 
  42.8   2.0665733516216278e-01   1.3534644000000000e+07   6.8208538419200000e+11   1.8110131200000000e+08   9.1539782400000000e+08   8.1199998863147008e+16   1.6969999902048256e+16 
  43.0   1.4108479022979736e-02   3.3781465000000000e+06   6.8182127411200000e+11   6.8069760000000000e+07   1.0284293120000000e+09   8.1199998863147008e+16   1.6969999902048256e+16 
  43.2   2.7922537171320982e-08  -6.1507580566406250e+02   6.8173751910400000e+11   6.1273755000000000e+06   1.0903717120000000e+09   8.1199998863147008e+16   1.6969999902048256e+16 
  43.5   4.7397101683431213e-17  -4.3270006179809570e+00   6.8173168640000000e+11   3.1238721875000000e+05   1.0961867520000000e+09   8.1199998863147008e+16   1.6969999902048256e+16 
  43.8   8.0642834454221798e-26  -3.0430972576141357e-02   6.8173142425600000e+11   1.5926184570312500e+04   1.0964833280000000e+09   8.1199998863147008e+16   1.6969999902048256e+16 
  44.0   1.4662919085840475e-34  -2.1401191770564765e-04   6.8173142425600000e+11   8.1195117187500000e+02   1.0964983040000000e+09   8.1199998863147008e+16   1.6969999902048256e+16 
  44.2  -6.2369338226941585e-36  -1.5050794672788470e-06   6.8173142425600000e+11   4.1394958496093750e+01   1.0964992000000000e+09   8.1199998863147008e+16   1.6969999902048256e+16 
  44.5  -6.2334440738401548e-36  -1.0584763288079557e-08   6.8173142425600000e+11   2.1104109287261963e+00   1.0964993280000000e+09   8.1199998863147008e+16   1.6969999902048256e+16 
  44.8  -6.2299543249861512e-36  -7.4439392150349448e-11   6.8173142425600000e+11   1.0759352892637253e-01   1.0964993280000000e+09   8.1199998863147008e+16   1.6969999902048256e+16 
  45.0  -6.2264645761321475e-36  -5.2350929580918804e-13   6.8173142425600000e+11   5.4853553883731365e-03   1.0964993280000000e+09   8.1199998863147008e+16   1.6969999902048256e+16 
  45.2  -6.2229748272781438e-36  -3.6816803742505989e-15   6.8173142425600000e+11   2.7965568006038666e-04   1.0964993280000000e+09   8.1199998863147008e+16   1.6969999902048256e+16 
  45.5  -6.2194850784241402e-36  -2.5892136218893955e-17   6.8173142425600000e+11   1.4257479961088393e-05   1.0964993280000000e+09   8.1199998863147008e+16   1.6969999902048256e+16 
  45.8  -6.2159953295701365e-36  -1.8209135244557246e-19   6.8173142425600000e+11   7.2687873853283236e-07   1.0964993280000000e+09   8.1199998863147008e+16   1.6969999902048256e+16 
  46.0  -6.2125055807161328e-36  -1.2805931221960775e-21   6.8173142425600000e+11   3.7057837687370920e-08   1.0964993280000000e+09   8.1199998863147008e+16   1.6969999902048256e+16 
  46.2  -6.2090158318621292e-36  -9.0060234247075343e-24   6.8173142425600000e+11   1.8892900577327509e-09   1.0964993280000000e+09   8.1199998863147008e+16   1.6969999902048256e+16 
  46.5  -6.2055260830081255e-36  -6.3330215694329481e-26   6.8173142425600000e+11   9.6320160181129211e-11   1.0964993280000000e+09   8.1199998863147008e+16   1.6969999902048256e+16 
  46.8  -6.2020363341541218e-36  -4.5409547339813081e-28   6.8173142425600000e+11   4.9106213886873640e-12   1.0964993280000000e+09   8.1199998863147008e+16   1.6969999902048256e+16 
  47.0  -6.1985465853001182e-36  -5.8076944094466266e-32   6.8173142425600000e+11   2.5035399101036582e-13   1.0964993280000000e+09   8.1199998863147008e+16   1.6969999902048256e+16 
  47.2  -6.1950568364461145e-36  -3.3713430712868633e-32   6.8173142425600000e+11   1.2763591351633730e-14   1.0964993280000000e+09   8.1199998863147008e+16   1.6969999902048256e+16 
  47.5  -6.1915670875921108e-36  -1.3601689214402845e-32   6.8173142425600000e+11   6.5071511521754629e-16   1.0964993280000000e+09   8.1199998863147008e+16   1.6969999902048256e+16 
  47.8  -6.1880773387381072e-36   2.9931419800445975e-33   6.8173142425600000e+11   3.3174859324937425e-17   1.0964993280000000e+09   8.1199998863147008e+16   1.6969999902048256e+16 
  48.0  -6.1845875898841035e-36   1.6695045210261911e-32   6.8173142425600000e+11   1.6913305116204644e-18   1.0964993280000000e+09   8.1199998863147008e+16   1.6969999902048256e+16 
  48.2  -6.1810978410300998e-36   2.8012723921762096e-32   6.8173142425600000e+11   8.6227827368456477e-20   1.0964993280000000e+09   8.1199998863147008e+16   1.6969999902048256e+16 
  48.5  -6.1776080921760962e-36   3.7347909370081416e-32   6.8173142425600000e+11   4.3960986213367319e-21   1.0964993280000000e+09   8.1199998863147008e+16   1.6969999902048256e+16 
  48.8  -6.1741183433220925e-36   4.5062549490149498e-32   6.8173142425600000e+11   2.2412298148152854e-22   1.0964993280000000e+09   8.1199998863147008e+16   1.6969999902048256e+16 
  49.0  -6.1706285944680888e-36   5.1421312712525736e-32   6.8173142425600000e+11   1.1426288124970860e-23   1.0964993280000000e+09   8.1199998863147008e+16   1.6969999902048256e+16 
  49.2  -6.1671388456140852e-36   5.6668607822633099e-32   6.8173142425600000e+11   5.8253684995459156e-25   1.0964993280000000e+09   8.1199998863147008e+16   1.6969999902048256e+16 
  49.5  -6.1636490967600815e-36   6.1005459048141585e-32   6.8173142425600000e+11   2.9699146293325449e-26   1.0964993280000000e+09   8.1199998863147008e+16   1.6969999902048256e+16 
  49.8  -6.1601593479060778e-36   6.4585338931494549e-32   6.8173142425600000e+11   1.5142971818099604e-27   1.0964993280000000e+09   8.1199998863147008e+16   1.6969999902048256e+16 
  50.0  -6.1566695990520742e-36   6.7541560287018750e-32   6.8173142425600000e+11   7.7381367475082509e-29   1.0964993280000000e+09   8.1199998863147008e+16   1.6969999902048256e+16 
  50.2  -6.1531798501980705e-36   6.9981475136303031e-32   6.8173142425600000e+11   4.1311784113886140e-30   1.0964993280000000e+09   8.1199998863147008e+16   1.6969999902048256e+16 
  50.5  -6.1496901013440668e-36   7.1988032238213167e-32   6.8173142425600000e+11   4.0258283507187670e-31   1.0964993280000000e+09   8.1199998863147008e+16   1.6969999902048256e+16 
  50.8  -6.1462003524900632e-36   7.3648653107619813e-32   6.8173142425600000e+11   2.1730085125797935e-31   1.0964993280000000e+09   8.1199998863147008e+16   1.6969999902048256e+16 
  51.0  -6.1427106036360595e-36   7.5022641434521952e-32   6.8173142425600000e+11   2.1152150977227455e-31   1.0964993280000000e+09   8.1199998863147008e+16   1.6969999902048256e+16 
  51.2  -6.1392208547820559e-36   7.6150581161381724e-32   6.8173142425600000e+11   2.1481543302237473e-31   1.0964993280000000e+09   8.1199998863147008e+16   1.6969999902048256e+16 
  51.5  -6.1357311059280522e-36   7.7090847337660963e-32   6.8173142425600000e+11   2.1743532781171341e-31   1.0964993280000000e+09   8.1199998863147008e+16   1.6969999902048256e+16 
  51.8  -6.1322413570740485e-36   7.7862600521278074e-32   6.8173142425600000e+11   2.1983307767863370e-31   1.0964993280000000e+09   8.1199998863147008e+16   1.6969999902048256e+16 
  52.0  -6.1287516082200449e-36   7.8503785669877599e-32   6.8173142425600000e+11   2.2202683225591229e-31   1.0964993280000000e+09   8.1199998863147008e+16   1.6969999902048256e+16 
  52.2   4.5007365019176417e-28   5.8986790918424958e-07   6.8173142425600000e+11   2.8714080144709442e-06   1.0964993280000000e+09   8.1199998863147008e+16   1.6969999902048256e+16 
  52.5   1.4106211252510548e-02   3.3695582500000000e+06   6.8172919603200000e+11   2.6788036000000000e+07   1.0697112960000000e+09   8.1199998863147008e+16   1.6969999902048256e+16 
  52.8   2.0652301609516144e-01   1.3519518000000000e+07   6.8164721049600000e+11   1.2369013600000000e+08   9.7280915200000000e+08   8.1199998863147008e+16   1.6969999902048256e+16 
  53.0   9.4395089149475098e-01   3.0946680000000000e+07   6.8134980812800000e+11   2.5667636800000000e+08   8.3982291200000000e+08   8.1199998863147008e+16   1.6969999902048256e+16 
  53.2   2.6604938507080078e+00   5.6361744000000000e+07   6.8075454464000000e+11   3.8973270400000000e+08   7.0676652800000000e+08   8.1199998863147008e+16   1.6969999902048256e+16 
  53.5   5.7277483940124512e+00   9.0235664000000000e+07   6.7984497049600000e+11   5.0480768000000000e+08   5.9169145600000000e+08   8.1199998863147008e+16   1.6969999902048256e+16 
  53.8   1.0368149757385254e+01   1.3248312000000000e+08   6.7865922764800000e+11   5.9781094400000000e+08   4.9868825600000000e+08   8.1199998863147008e+16   1.6969999902048256e+16 
  54.0   1.6618307113647461e+01   1.8234166400000000e+08   6.7727674572800000e+11   6.7082918400000000e+08   4.2566998400000000e+08   8.1199998863147008e+16   1.6969999902048256e+16 
  54.2   2.4336299896240234e+01   2.3842708800000000e+08   6.7580775628800000e+11   7.2757939200000000e+08   3.6891977600000000e+08   8.1199998863147008e+16   1.6969999902048256e+16 
  54.5   3.3239982604980469e+01   2.9890924800000000e+08   6.7438090649600000e+11   7.7162905600000000e+08   3.2487004800000000e+08   8.1199998863147008e+16   1.6969999902048256e+16 
  54.8   4.2960216522216797e+01   3.6173856000000000e+08   6.7312936550400000e+11   8.0589504000000000e+08   2.9060406400000000e+08   8.1199998863147008e+16   1.6969999902048256e+16 
  55.0   5.3095676422119141e+01   4.2486912000000000e+08   6.7217634099200000e+11   8.3263916800000000e+08   2.6385996800000000e+08   8.1199998863147008e+16   1.6969999902048256e+16 
  55.2   6.3259010314941406e+01   4.8643769600000000e+08   6.7162321715200000e+11   8.5356960000000000e+08   2.4292955200000000e+08   8.1199998863147008e+16   1.6969999902048256e+16 
  55.5   7.3110366821289062e+01   5.4488582400000000e+08   6.7154123161600000e+11   8.6997177600000000e+08   2.2652731200000000e+08   8.1199998863147008e+16   1.6969999902048256e+16 
  55.8   8.2376693725585938e+01   5.9902022400000000e+08   6.7196826419200000e+11   8.8281401600000000e+08   2.1368504000000000e+08   8.1199998863147008e+16   1.6969999902048256e+16 
  56.0   9.0859458923339844e+01   6.4802809600000000e+08   6.7290968883200000e+11   8.9283513600000000e+08   2.0366387200000000e+08   8.1199998863147008e+16   1.6969999902048256e+16 
  56.2   9.8433372497558594e+01   6.9145350400000000e+08   6.7434283008000000e+11   9.0060377600000000e+08   1.9589528000000000e+08   8.1199998863147008e+16   1.6969999902048256e+16 
  56.5   1.0503923034667969e+02   7.2915616000000000e+08   6.7622345113600000e+11   9.0656377600000000e+08   1.8993526400000000e+08   8.1199998863147008e+16   1.6969999902048256e+16 
  56.8   1.1067388153076172e+02   7.6125644800000000e+08   6.7849322496000000e+11   9.1106656000000000e+08   1.8543241600000000e+08   8.1199998863147008e+16   1.6969999902048256e+16 
  57.0   1.1537838745117188e+02   7.8807884800000000e+08   6.8108641894400000e+11   9.1439488000000000e+08   1.8210416000000000e+08   8.1199998863147008e+16   1.6969999902048256e+16 
  57.2   1.1922662353515625e+02   8.1009536000000000e+08   6.8393605529600000e+11   9.1677926400000000e+08   1.7971971200000000e+08   8.1199998863147008e+16   1.6969999902048256e+16 
  57.5   1.2231428527832031e+02   8.2787398400000000e+08   6.8697823641600000e+11   9.1841043200000000e+08   1.7808854400000000e+08   8.1199998863147008e+16   1.6969999902048256e+16 
  57.8   1.2474957275390625e+02   8.4203417600000000e+08   6.9015601152000000e+11   9.1944787200000000e+08   1.7705121600000000e+08   8.1199998863147008e+16   1.6969999902048256e+16 
  58.0   1.2664498901367188e+02   8.5320710400000000e+08   6.9342042521600000e+11   9.2002547200000000e+08   1.7647355200000000e+08   8.1199998863147008e+16   1.6969999902048256e+16 
  58.2   1.2811094665527344e+02   8.6200640000000000e+08   6.9673195929600000e+11   9.2025676800000000e+08   1.7624227200000000e+08   8.1199998863147008e+16   1.6969999902048256e+16 
  58.5   1.2925070190429688e+02   8.6900179200000000e+08   7.0005994291200000e+11   9.2023667200000000e+08   1.7626235200000000e+08   8.1199998863147008e+16   1.6969999902048256e+16 
  58.8   1.3015646362304688e+02   8.7470112000000000e+08   7.0338222489600000e+11   9.2004428800000000e+08   1.7645472000000000e+08   8.1199998863147008e+16   1.6969999902048256e+16 
  59.0   1.3090692138671875e+02   8.7953721600000000e+08   7.0668379750400000e+11   9.1974336000000000e+08   1.7675563200000000e+08   8.1199998863147008e+16   1.6969999902048256e+16 
  59.2   1.3156506347656250e+02   8.8385689600000000e+08   7.0995561676800000e+11   9.1938336000000000e+08   1.7711561600000000e+08   8.1199998863147008e+16   1.6969999902048256e+16 
  59.5   1.3217706298828125e+02   8.8791404800000000e+08   7.1319302963200000e+11   9.1899961600000000e+08   1.7749936000000000e+08   8.1199998863147008e+16   1.6969999902048256e+16 
  59.8   1.3277119445800781e+02   8.9186483200000000e+08   7.1639439769600000e+11   9.1861344000000000e+08   1.7788555200000000e+08   8.1199998863147008e+16   1.6969999902048256e+16 
  60.0   1.3335697937011719e+02   8.9576192000000000e+08   7.1955958988800000e+11   9.1823219200000000e+08   1.7826676800000000e+08   8.1199998863147008e+16   1.6969999902048256e+16 
  60.2   1.3392465209960938e+02   8.9955155200000000e+08   7.2268860620800000e+11   9.1784960000000000e+08   1.7864942400000000e+08   8.1199998863147008e+16   1.6969999902048256e+16 
  60.5   1.3444432067871094e+02   9.0306822400000000e+08   7.2578026700800000e+11   9.1744505600000000e+08   1.7905392000000000e+08   8.1199998863147008e+16   1.6969999902048256e+16 
  60.8   1.3486543273925781e+02   9.0603238400000000e+08   7.2883044352000000e+11   9.1698451200000000e+08   1.7951451200000000e+08   8.1199998863147008e+16   1.6969999902048256e+16 
  61.0   1.3511648559570312e+02   9.0804729600000000e+08   7.3183133696000000e+11   9.1641958400000000e+08   1.8007947200000000e+08   8.1199998863147008e+16   1.6969999902048256e+16 
  61.2   1.3510501098632812e+02   9.0859878400000000e+08   7.3476970905600000e+11   9.1568780800000000e+08   1.8081123200000000e+08   8.1199998863147008e+16   1.6969999902048256e+16 
  61.5   1.3471852111816406e+02   9.0705945600000000e+08   7.3762609561600000e+11   9.1471180800000000e+08   1.8178720000000000e+08   8.1199998863147008e+16   1.6969999902048256e+16 
  61.8   1.3382659912109375e+02   9.0269830400000000e+08   7.4037388902400000e+11   9.1339852800000000e+08   1.8310049600000000e+08   8.1199998863147008e+16   1.6969999902048256e+16 
  62.0   1.3228488159179688e+02   8.9469964800000000e+08   7.4297887948800000e+11   9.1163718400000000e+08   1.8486180800000000e+08   8.1199998863147008e+16   1.6969999902048256e+16 
  62.2   1.2994105529785156e+02   8.8219251200000000e+08   7.4539958272000000e+11   9.0929696000000000e+08   1.8720204800000000e+08   8.1199998863147008e+16   1.6969999902048256e+16 
  62.5   1.2664379882812500e+02   8.6429523200000000e+08   7.4758769868800000e+11   9.0622291200000000e+08   1.9027603200000000e+08   8.1199998863147008e+16   1.6969999902048256e+16 
  62.8   1.2225461578369141e+02   8.4017324800000000e+08   7.4949066752000000e+11   9.0223014400000000e+08   1.9426883200000000e+08   8.1199998863147008e+16   1.6969999902048256e+16 
  63.0   1.1666267395019531e+02   8.0911500800000000e+08   7.5105409433600000e+11   8.9709587200000000e+08   1.9940305600000000e+08   8.1199998863147008e+16   1.6969999902048256e+16 
  63.2   1.0980186462402344e+02   7.7061785600000000e+08   7.5222672998400000e+11   8.9054809600000000e+08   2.0595075200000000e+08   8.1199998863147008e+16   1.6969999902048256e+16 
  63.5   1.0166878509521484e+02   7.2448198400000000e+08   7.5296518963200000e+11   8.8225043200000000e+08   2.1424843200000000e+08   8.1199998863147008e+16   1.6969999902048256e+16 
  63.8   9.2339714050292969e+01   6.7090022400000000e+08   7.5324044083200000e+11   8.7178080000000000e+08   2.2471817600000000e+08   8.1199998863147008e+16   1.6969999902048256e+16 
  64.0   8.1983398437500000e+01   6.1053164800000000e+08   7.5304396390400000e+11   8.5860256000000000e+08   2.3789643200000000e+08   8.1199998863147008e+16   1.6969999902048256e+16 
  64.2   7.0866424560546875e+01   5.4454156800000000e+08   7.5239292928000000e+11   8.4202720000000000e+08   2.5447180800000000e+08   8.1199998863147008e+16   1.6969999902048256e+16 
  64.5   5.9348213195800781e+01   4.7459497600000000e+08   7.5133327769600000e+11   8.2116224000000000e+08   2.7533680000000000e+08   8.1199998863147008e+16   1.6969999902048256e+16 
  64.8   4.7862277984619141e+01   4.0278739200000000e+08   7.4993998233600000e+11   7.9484947200000000e+08   3.0164953600000000e+08   8.1199998863147008e+16   1.6969999902048256e+16 
  65.0   3.6883968353271484e+01   3.3151366400000000e+08   7.4831292006400000e+11   7.6158912000000000e+08   3.3490992000000000e+08   8.1199998863147008e+16   1.6969999902048256e+16 
  65.2   2.6884382247924805e+01   2.6327388800000000e+08   7.4656881049600000e+11   7.1945958400000000e+08   3.7703952000000000e+08   8.1199998863147008e+16   1.6969999902048256e+16 
  65.5   1.8275796890258789e+01   2.0044051200000000e+08   7.4482928844800000e+11   6.6608371200000000e+08   4.3041545600000000e+08   8.1199998863147008e+16   1.6969999902048256e+16 
  65.8   1.1354261398315430e+01   1.4501120000000000e+08   7.4320766566400000e+11   5.9871276800000000e+08   4.9778636800000000e+08   8.1199998863147008e+16   1.6969999902048256e+16 
  66.0   6.2496876716613770e+00   9.8393016000000000e+07   7.4179621683200000e+11   5.1465059200000000e+08   5.8184851200000000e+08   8.1199998863147008e+16   1.6969999902048256e+16 
  66.2   2.8946058750152588e+00   6.1262552000000000e+07   7.4065746329600000e+11   4.1239449600000000e+08   6.8410457600000000e+08   8.1199998863147008e+16   1.6969999902048256e+16 
  66.5   1.0249601602554321e+00   3.3557948000000000e+07   7.3982050304000000e+11   2.9413420800000000e+08   8.0236486400000000e+08   8.1199998863147008e+16   1.6969999902048256e+16 
  66.8   2.2398680448532104e-01   1.4641960000000000e+07   7.3928212480000000e+11   1.6994560000000000e+08   9.2655347200000000e+08   8.1199998863147008e+16   1.6969999902048256e+16 
  67.0   1.5291918069124222e-02   3.6527122500000000e+06   7.3900798771200000e+11   6.2264912000000000e+07   1.0342341760000000e+09   8.1199998863147008e+16   1.6969999902048256e+16 
  67.2   4.2938058442132387e-08  -9.9940014648437500e+02   7.3892646092800000e+11   4.8366300000000000e+06   1.0916624640000000e+09   8.1199998863147008e+16   1.6969999902048256e+16 
  67.5   7.2904655165769664e-17  -7.0299377441406250e+00   7.3892187340800000e+11   2.4272690625000000e+05   1.0962563840000000e+09   8.1199998863147008e+16   1.6969999902048256e+16 
  67.8   1.2404397698126717e-25  -4.9436904489994049e-02   7.3892167680000000e+11   1.2181093750000000e+04   1.0964867840000000e+09   8.1199998863147008e+16   1.6969999902048256e+16 
  68.0   2.1298488268961322e-34  -3.4765235614031553e-04   7.3892167680000000e+11   6.1130108642578125e+02   1.0964981760000000e+09   8.1199998863147008e+16   1.6969999902048256e+16 
  68.2  -9.1660499315273277e-36  -2.4447751911793603e-06   7.3892167680000000e+11   3.0677789688110352e+01   1.0964988160000000e+09   8.1199998863147008e+16   1.6969999902048256e+16 
  68.5  -9.1622674570293204e-36  -1.7192247625530399e-08   7.3892167680000000e+11   1.5395448207855225e+00   1.0964988160000000e+09   8.1199998863147008e+16   1.6969999902048256e+16 
  68.8  -9.1584849825313132e-36  -1.2090001222375690e-10   7.3892167680000000e+11   7.7261306345462799e-02   1.0964988160000000e+09   8.1199998863147008e+16   1.6969999902048256e+16 
  69.0  -9.1547025080333059e-36  -8.5019795023622002e-13   7.3892167680000000e+11   3.8773175328969955e-03   1.0964988160000000e+09   8.1199998863147008e+16   1.6969999902048256e+16 
  69.2  -9.1509200335352986e-36  -5.9787973047875295e-15   7.3892167680000000e+11   1.9458109454717487e-04   1.0964988160000000e+09   8.1199998863147008e+16   1.6969999902048256e+16 
  69.5  -9.1471375590372914e-36  -4.2044333221539316e-17   7.3892167680000000e+11   9.7649462986737490e-06   1.0964988160000000e+09   8.1199998863147008e+16   1.6969999902048256e+16 
  69.8  -9.1433550845392841e-36  -2.9566593888609396e-19   7.3892167680000000e+11   4.9004904667526716e-07   1.0964988160000000e+09   8.1199998863147008e+16   1.6969999902048256e+16 
  70.0  -9.1395726100412768e-36  -2.0791939983505445e-21   7.3892167680000000e+11   2.4592779368504125e-08   1.0964988160000000e+09   8.1199998863147008e+16   1.6969999902048256e+16 
  70.2  -9.1357901355432696e-36  -1.4621401194195756e-23   7.3892167680000000e+11   1.2341729860310124e-09   1.0964988160000000e+09   8.1199998863147008e+16   1.6969999902048256e+16 
  70.5  -9.1320076610452623e-36  -1.0281857115362370e-25   7.3892167680000000e+11   6.1936247797156341e-11   1.0964988160000000e+09   8.1199998863147008e+16   1.6969999902048256e+16 
  70.8  -9.1282251865472551e-36  -7.1628940935582166e-28   7.3892167680000000e+11   3.1082415287431164e-12   1.0964988160000000e+09   8.1199998863147008e+16   1.6969999902048256e+16 
  71.0  -9.1244427120492478e-36  -1.0134291515614245e-29   7.3892167680000000e+11   1.5598502036470036e-13   1.0964988160000000e+09   8.1199998863147008e+16   1.6969999902048256e+16 
  71.2  -9.1206602375512405e-36  -7.6365747879135898e-30   7.3892167680000000e+11   7.8279989776516498e-15   1.0964988160000000e+09   8.1199998863147008e+16   1.6969999902048256e+16 
  71.5  -9.1168777630532333e-36  -6.1654859256561266e-30   7.3892167680000000e+11   3.9284207541484214e-16   1.0964988160000000e+09   8.1199998863147008e+16   1.6969999902048256e+16 
  71.8  -9.1130952885552260e-36  -4.9668759016028851e-30   7.3892167680000000e+11   1.9714526411221330e-17   1.0964988160000000e+09   8.1199998863147008e+16   1.6969999902048256e+16 
  72.0  -9.1093128140572187e-36  -3.9929203393477230e-30   7.3892167680000000e+11   9.8936343371446215e-19   1.0964988160000000e+09   8.1199998863147008e+16   1.6969999902048256e+16 
  72.2  -9.1055303395592115e-36  -3.2188127345854635e-30   7.3892167680000000e+11   4.9650753711368289e-20   1.0964988160000000e+09   8.1199998863147008e+16   1.6969999902048256e+16 
  72.5  -9.1017478650612042e-36  -2.5808341464958856e-30   7.3892167680000000e+11   2.4916891384986709e-21   1.0964988160000000e+09   8.1199998863147008e+16   1.6969999902048256e+16 
  72.8  -9.0979653905631970e-36  -2.0701395913461141e-30   7.3892167680000000e+11   1.2504381883419716e-22   1.0964988160000000e+09   8.1199998863147008e+16   1.6969999902048256e+16 
  73.0  -9.0941829160651897e-36  -1.6625163305374595e-30   7.3892167680000000e+11   6.2752520280965457e-24   1.0964988160000000e+09   8.1199998863147008e+16   1.6969999902048256e+16 
  73.2  -9.0904004415671824e-36  -1.3260427335185398e-30   7.3892167680000000e+11   3.1491593576978303e-25   1.0964988160000000e+09   8.1199998863147008e+16   1.6969999902048256e+16 
  73.5  -9.0866179670691752e-36  -1.0637318274093828e-30   7.3892167680000000e+11   1.5800965591006508e-26   1.0964988160000000e+09   8.1199998863147008e+16   1.6969999902048256e+16 
  73.8  -9.0828354925711679e-36  -8.4720802493707107e-31   7.3892167680000000e+11   7.9068090901845774e-28   1.0964988160000000e+09   8.1199998863147008e+16   1.6969999902048256e+16 
  74.0  -9.0790530180731606e-36  -6.6848807376743002e-31   7.3892167680000000e+11   3.7874835738974517e-29   1.0964988160000000e+09   8.1199998863147008e+16   1.6969999902048256e+16 
  74.2  -9.0752705435751534e-36  -5.2095502216013298e-31   7.3892167680000000e+11   4.8732394070401121e-31   1.0964988160000000e+09   8.1199998863147008e+16   1.6969999902048256e+16 
  74.5  -9.0714880690771461e-36  -4.0067115211902143e-31   7.3892167680000000e+11  -1.0674331299817040e-30   1.0964988160000000e+09   8.1199998863147008e+16   1.6969999902048256e+16 
  74.8  -9.0677055945791389e-36  -3.1530115700919699e-31   7.3892167680000000e+11  -9.0587149369282362e-31   1.0964988160000000e+09   8.1199998863147008e+16   1.6969999902048256e+16 
  75.0  -9.0639231200811316e-36  -2.4484059151780108e-31   7.3892167680000000e+11  -7.1062244625853006e-31   1.0964988160000000e+09   8.1199998863147008e+16   1.6969999902048256e+16 
  75.2  -9.0601406455831243e-36  -1.8668237374391896e-31   7.3892167680000000e+11  -5.4640706094300732e-31   1.0964988160000000e+09   8.1199998863147008e+16   1.6969999902048256e+16 
  75.5  -9.0563581710851171e-36  -1.3866988297681453e-31   7.3892167680000000e+11  -4.1073893209539609e-31   1.0964988160000000e+09   8.1199998863147008e+16   1.6969999902048256e+16 
  75.8  -9.0525756965871098e-36  -9.9046742577263158e-32   7.3892167680000000e+11  -2.9870743206513627e-31   1.0964988160000000e+09   8.1199998863147008e+16   1.6969999902048256e+16 
  76.0  -9.0487932220891025e-36  -6.6335896873682608e-32   7.3892167680000000e+11  -2.0613548869635490e-31   1.0964988160000000e+09   8.1199998863147008e+16   1.6969999902048256e+16 
  76.2   4.8782967711802876e-28   6.3768862901270040e-07   7.3892167680000000e+11   2.8455531264626188e-06   1.0964988160000000e+09   8.1199998863147008e+16   1.6969999902048256e+16 
  76.5   1.5289472416043282e-02   3.6427662500000000e+06   7.3891590963200000e+11   2.5907632000000000e+07   1.0705911680000000e+09   8.1199998863147008e+16   1.6969999902048256e+16 
  76.8   2.2384245693683624e-01   1.4622222000000000e+07   7.3881328025600000e+11   1.1859568000000000e+08   9.7790310400000000e+08   8.1199998863147008e+16   1.6969999902048256e+16 
  77.0   1.0230804681777954e+00   3.3486328000000000e+07   7.3846790553600000e+11   2.4629377600000000e+08   8.5020499200000000e+08   8.1199998863147008e+16   1.6969999902048256e+16 
  77.2   2.8833880424499512e+00   6.1009044000000000e+07   7.3778934579200000e+11   3.7575859200000000e+08   7.2074022400000000e+08   8.1199998863147008e+16   1.6969999902048256e+16 
  77.5   6.2072062492370605e+00   9.7696608000000000e+07   7.3675486003200000e+11   4.8941504000000000e+08   6.0708377600000000e+08   8.1199998863147008e+16   1.6969999902048256e+16 
  77.8   1.1234951972961426e+01   1.4344774400000000e+08   7.3539800268800000e+11   5.8250963200000000e+08   5.1398918400000000e+08   8.1199998863147008e+16   1.6969999902048256e+16 
  78.0   1.8005113601684570e+01   1.9742406400000000e+08   7.3379676160000000e+11   6.5636896000000000e+08   4.4012988800000000e+08   8.1199998863147008e+16   1.6969999902048256e+16 
  78.2   2.6362012863159180e+01   2.5811044800000000e+08   7.3206169600000000e+11   7.1422899200000000e+08   3.8226998400000000e+08   8.1199998863147008e+16   1.6969999902048256e+16 
  78.5   3.5997333526611328e+01   3.2350633600000000e+08   7.3032355020800000e+11   7.5941113600000000e+08   3.3708790400000000e+08   8.1199998863147008e+16   1.6969999902048256e+16 
  78.8   4.6507972717285156e+01   3.9137177600000000e+08   7.2871863910400000e+11   7.9472128000000000e+08   3.0177763200000000e+08   8.1199998863147008e+16   1.6969999902048256e+16 
  79.0   5.7455711364746094e+01   4.5947155200000000e+08   7.2737390592000000e+11   8.2238284800000000e+08   2.7411603200000000e+08   8.1199998863147008e+16   1.6969999902048256e+16 
  79.2   6.8417770385742188e+01   5.2577104000000000e+08   7.2639473254400000e+11   8.4409792000000000e+08   2.5240092800000000e+08   8.1199998863147008e+16   1.6969999902048256e+16 
  79.5   7.9023597717285156e+01   5.8857139200000000e+08   7.2585681305600000e+11   8.6116076800000000e+08   2.3533811200000000e+08   8.1199998863147008e+16   1.6969999902048256e+16 
  79.8   8.8976112365722656e+01   6.4657683200000000e+08   7.2580235264000000e+11   8.7455788800000000e+08   2.2194100800000000e+08   8.1199998863147008e+16   1.6969999902048256e+16 
  80.0   9.8060409545898438e+01   6.9891052800000000e+08   7.2624111616000000e+11   8.8504294400000000e+08   2.1145592000000000e+08   8.1199998863147008e+16   1.6969999902048256e+16 
  80.2   1.0614214324951172e+02   7.4509024000000000e+08   7.2715449139200000e+11   8.9319923200000000e+08   2.0329961600000000e+08   8.1199998863147008e+16   1.6969999902048256e+16 
  80.5   1.1315965270996094e+02   7.8498028800000000e+08   7.2850197708800000e+11   8.9948396800000000e+08   1.9701481600000000e+08   8.1199998863147008e+16   1.6969999902048256e+16 
  80.8   1.1911270904541016e+02   8.1873145600000000e+08   7.3022878515200000e+11   9.0425952000000000e+08   1.9223920000000000e+08   8.1199998863147008e+16   1.6969999902048256e+16 
  81.0   1.2404930877685547e+02   8.4671590400000000e+08   7.3227219763200000e+11   9.0781824000000000e+08   1.8868052800000000e+08   8.1199998863147008e+16   1.6969999902048256e+16 
  81.2   1.2805284118652344e+02   8.6946515200000000e+08   7.3456779264000000e+11   9.1039840000000000e+08   1.8610033600000000e+08   8.1199998863147008e+16   1.6969999902048256e+16 
  81.5   1.3123001098632812e+02   8.8761184000000000e+08   7.3705416294400000e+11   9.1219731200000000e+08   1.8430139200000000e+08   8.1199998863147008e+16   1.6969999902048256e+16 
  81.8   1.3370043945312500e+02   9.0184083200000000e+08   7.3967593062400000e+11   9.1338009600000000e+08   1.8311856000000000e+08   8.1199998863147008e+16   1.6969999902048256e+16 
  82.0   1.3558779907226562e+02   9.1284640000000000e+08   7.4238584422400000e+11   9.1408576000000000e+08   1.8241302400000000e+08   8.1199998863147008e+16   1.6969999902048256e+16 
  82.2   1.3701278686523438e+02   9.2129856000000000e+08   7.4514536857600000e+11   9.1443136000000000e+08   1.8206747200000000e+08   8.1199998863147008e+16   1.6969999902048256e+16 
  82.5   1.3808776855468750e+02   9.2781817600000000e+08   7.4792488140800000e+11   9.1451552000000000e+08   1.8198339200000000e+08   8.1199998863147008e+16   1.6969999902048256e+16 
  82.8   1.3891268920898438e+02   9.3295494400000000e+08   7.5070275584000000e+11   9.1441971200000000e+08   1.8207913600000000e+08   8.1199998863147008e+16   1.6969999902048256e+16 
  83.0   1.3957246398925781e+02   9.3717574400000000e+08   7.5346431180800000e+11   9.1421017600000000e+08   1.8228865600000000e+08   8.1199998863147008e+16   1.6969999902048256e+16 
  83.2   1.4013484191894531e+02   9.4085350400000000e+08   7.5620083302400000e+11   9.1393792000000000e+08   1.8256089600000000e+08   8.1199998863147008e+16   1.6969999902048256e+16 
  83.5   1.4064929199218750e+02   9.4426003200000000e+08   7.5890760089600000e+11   9.1363948800000000e+08   1.8285929600000000e+08   8.1199998863147008e+16   1.6969999902048256e+16 
  83.8   1.4114598083496094e+02   9.4756211200000000e+08   7.6158304256000000e+11   9.1333683200000000e+08   1.8316185600000000e+08   8.1199998863147008e+16   1.6969999902048256e+16 
  84.0   1.4163516235351562e+02   9.5081619200000000e+08   7.6422715801600000e+11   9.1303795200000000e+08   1.8346081600000000e+08   8.1199998863147008e+16   1.6969999902048256e+16 
