  12.0   9.9059997558593750e+01   6.6240000000000000e+08   5.3259999641600000e+11   8.7249996800000000e+08   2.2400000000000000e+08   8.1199998863147008e+16   1.6969999902048256e+16 
  12.2   9.9653045654296875e+01   6.7149299200000000e+08   5.3770017177600000e+11   9.4332627200000000e+08   1.5317353600000000e+08   8.1199998863147008e+16   1.6969999902048256e+16 
  12.5   1.0057734680175781e+02   6.7764902400000000e+08   5.4272714342400000e+11   9.4252627200000000e+08   1.5397353600000000e+08   8.1199998863147008e+16   1.6969999902048256e+16 
  12.8   1.0146013641357422e+02   6.8357696000000000e+08   5.4770525798400000e+11   9.4171692800000000e+08   1.5478296000000000e+08   8.1199998863147008e+16   1.6969999902048256e+16 
  13.0   1.0226206207275391e+02   6.8904070400000000e+08   5.5262740480000000e+11   9.4086643200000000e+08   1.5563344000000000e+08   8.1199998863147008e+16   1.6969999902048256e+16 
  13.2   1.0292984008789062e+02   6.9373964800000000e+08   5.5748644044800000e+11   9.3993676800000000e+08   1.5656305600000000e+08   8.1199998863147008e+16   1.6969999902048256e+16 
  13.5   1.0338808441162109e+02   6.9726662400000000e+08   5.6226722611200000e+11   9.3887052800000000e+08   1.5762929600000000e+08   8.1199998863147008e+16   1.6969999902048256e+16 
  13.8   1.0354559326171875e+02   6.9909964800000000e+08   5.6694715187200000e+11   9.3760275200000000e+08   1.5889700800000000e+08   8.1199998863147008e+16   1.6969999902048256e+16 
  14.0   1.0329919433593750e+02   6.9867168000000000e+08   5.7149797171200000e+11   9.3605126400000000e+08   1.6044852800000000e+08   8.1199998863147008e+16   1.6969999902048256e+16 
  14.2   1.0252944946289062e+02   6.9528326400000000e+08   5.7588134707200000e+11   9.3411923200000000e+08   1.6238059200000000e+08   8.1199998863147008e+16   1.6969999902048256e+16 
  14.5   1.0110856628417969e+02   6.8821280000000000e+08   5.8004969881600000e+11   9.3169075200000000e+08   1.6480905600000000e+08   8.1199998863147008e+16   1.6969999902048256e+16 
  14.8   9.8909851074218750e+01   6.7671993600000000e+08   5.8394954956800000e+11   9.2862988800000000e+08   1.6786988800000000e+08   8.1199998863147008e+16   1.6969999902048256e+16 
  15.0   9.5817001342773438e+01   6.6009536000000000e+08   5.8752106496000000e+11   9.2477248000000000e+08   1.7172728000000000e+08   8.1199998863147008e+16   1.6969999902048256e+16 
  15.2   9.1732017517089844e+01   6.3772684800000000e+08   5.9070303436800000e+11   9.1991993600000000e+08   1.7657985600000000e+08   8.1199998863147008e+16   1.6969999902048256e+16 
  15.5   8.6594970703125000e+01   6.0915641600000000e+08   5.9343601664000000e+11   9.1382809600000000e+08   1.8267168000000000e+08   8.1199998863147008e+16   1.6969999902048256e+16 
  15.8   8.0396583557128906e+01   5.7418726400000000e+08   5.9566640332800000e+11   9.0619430400000000e+08   1.9030547200000000e+08   8.1199998863147008e+16   1.6969999902048256e+16 
  16.0   7.3192825317382812e+01   5.3295292800000000e+08   5.9735703552000000e+11   8.9663372800000000e+08   1.9986606400000000e+08   8.1199998863147008e+16   1.6969999902048256e+16 
  16.2   6.5117568969726562e+01   4.8596179200000000e+08   5.9848930099200000e+11   8.8465446400000000e+08   2.1184528000000000e+08   8.1199998863147008e+16   1.6969999902048256e+16 
  16.5   5.6385501861572266e+01   4.3417235200000000e+08   5.9907296460800000e+11   8.6961913600000000e+08   2.2688060800000000e+08   8.1199998863147008e+16   1.6969999902048256e+16 
  16.8   4.7289184570312500e+01   3.7892633600000000e+08   5.9914439884800000e+11   8.5068499200000000e+08   2.4581473600000000e+08   8.1199998863147008e+16   1.6969999902048256e+16 
  17.0   3.8183551788330078e+01   3.2196547200000000e+08   5.9877261312000000e+11   8.2674489600000000e+08   2.6975488000000000e+08   8.1199998863147008e+16   1.6969999902048256e+16 
  17.2   2.9456474304199219e+01   2.6524908800000000e+08   5.9805145497600000e+11   7.9632089600000000e+08   3.0017897600000000e+08   8.1199998863147008e+16   1.6969999902048256e+16 
  17.5   2.1494010925292969e+01   2.1083398400000000e+08   5.9709312204800000e+11   7.5746086400000000e+08   3.3903900800000000e+08   8.1199998863147008e+16   1.6969999902048256e+16 
  17.8   1.4632869720458984e+01   1.6066592000000000e+08   5.9601688985600000e+11   7.0762739200000000e+08   3.8887244800000000e+08   8.1199998863147008e+16   1.6969999902048256e+16 
  18.0   9.1148223876953125e+00   1.1637635200000000e+08   5.9493515264000000e+11   6.4365721600000000e+08   4.5284259200000000e+08   8.1199998863147008e+16   1.6969999902048256e+16 
  18.2   5.0460395812988281e+00   7.9108480000000000e+07   5.9394143027200000e+11   5.6199481600000000e+08   5.3450489600000000e+08   8.1199998863147008e+16   1.6969999902048256e+16 
  18.5   2.3157980442047119e+00   4.9195464000000000e+07   5.9310184857600000e+11   4.5961692800000000e+08   6.3688275200000000e+08   8.1199998863147008e+16   1.6969999902048256e+16 
  18.8   8.1984364986419678e-01   2.6970866000000000e+07   5.9245369753600000e+11   3.3705404800000000e+08   7.5944569600000000e+08   8.1199998863147008e+16   1.6969999902048256e+16 
  19.0   1.8204481899738312e-01   1.1791747000000000e+07   5.9200916684800000e+11   2.0248830400000000e+08   8.9401139200000000e+08   8.1199998863147008e+16   1.6969999902048256e+16 
  19.2   1.2209530919790268e-02   2.9327572500000000e+06   5.9175940915200000e+11   7.9718368000000000e+07   1.0167812480000000e+09   8.1199998863147008e+16   1.6969999902048256e+16 
  19.5   1.6786505724949302e-14   3.8089518547058105e+00   5.9167021465600000e+11   9.1410820000000000e+06   1.0873585920000000e+09   8.1199998863147008e+16   1.6969999902048256e+16 
  19.8   1.3093081751332627e-36  -2.4747265868485524e-12   5.9166143283200000e+11   3.4579834375000000e+05   1.0961542400000000e+09   8.1199998863147008e+16   1.6969999902048256e+16 
  20.0   1.3093081751332627e-36  -3.5057930612740411e-20   5.9166110515200000e+11   1.2786110351562500e+04   1.0964871680000000e+09   8.1199998863147008e+16   1.6969999902048256e+16 
  20.2   1.3093081751332627e-36   1.1142862894076941e-26   5.9166110515200000e+11   4.7242889404296875e+02   1.0964997120000000e+09   8.1199998863147008e+16   1.6969999902048256e+16 
  20.5   1.3093081751332627e-36   9.1844881304888177e-31   5.9166110515200000e+11   1.7430313110351562e+01   1.0965002240000000e+09   8.1199998863147008e+16   1.6969999902048256e+16 
  20.8   1.3093081751332627e-36   8.0938616506094573e-31   5.9166110515200000e+11   5.1493394374847412e-01   1.0965002240000000e+09   8.1199998863147008e+16   1.6969999902048256e+16 
  21.0   1.3093081751332627e-36   7.1240393145708825e-31   5.9166110515200000e+11   1.3041769154369831e-02   1.0965002240000000e+09   8.1199998863147008e+16   1.6969999902048256e+16 
  21.2   1.3093081751332627e-36   6.6781018968519782e-31   5.9166110515200000e+11  -4.5216083526611328e-04   1.0965002240000000e+09   8.1199998863147008e+16   1.6969999902048256e+16 
  21.5   1.3093081751332627e-36   6.2576111106419345e-31   5.9166110515200000e+11   1.5676559996791184e-05   1.0965002240000000e+09   8.1199998863147008e+16   1.6969999902048256e+16 
  21.8   1.3093081751332627e-36   5.8610510384259308e-31   5.9166110515200000e+11  -5.4351130529539660e-07   1.0965002240000000e+09   8.1199998863147008e+16   1.6969999902048256e+16 
  22.0   1.3093081751332627e-36   5.4870806762485493e-31   5.9166110515200000e+11   1.8843721250050294e-08   1.0965002240000000e+09   8.1199998863147008e+16   1.6969999902048256e+16 
  22.2   1.3093081751332627e-36   5.1343458546176425e-31   5.9166110515200000e+11  -6.5332095289249992e-10   1.0965002240000000e+09   8.1199998863147008e+16   1.6969999902048256e+16 
  22.5   1.3093081751332627e-36   4.8017082248038742e-31   5.9166110515200000e+11   2.2650797903978059e-11   1.0965002240000000e+09   8.1199998863147008e+16   1.6969999902048256e+16 
  22.8   1.3093081751332627e-36   4.4880393122304550e-31   5.9166110515200000e+11  -7.8531105229817655e-13   1.0965002240000000e+09   8.1199998863147008e+16   1.6969999902048256e+16 
  23.0   1.3093081751332627e-36   4.2267941563195275e-31   5.9166110515200000e+11   2.7226918636324982e-14   1.0965002240000000e+09   8.1199998863147008e+16   1.6969999902048256e+16 
  23.2   1.3093081751332627e-36   3.9861243833276531e-31   5.9166110515200000e+11  -9.4396400960629345e-16   1.0965002240000000e+09   8.1199998863147008e+16   1.6969999902048256e+16 
  23.5   1.3093081751332627e-36   3.7591500599183389e-31   5.9166110515200000e+11   3.2727526667113648e-17   1.0965002240000000e+09   8.1199998863147008e+16   1.6969999902048256e+16 
  23.8   1.3093081751332627e-36   3.5451186346081886e-31   5.9166110515200000e+11  -1.1346701160185898e-18   1.0965002240000000e+09   8.1199998863147008e+16   1.6969999902048256e+16 
  24.0   1.3093081751332627e-36   3.3432897810550543e-31   5.9166110515200000e+11   3.9339624258468020e-20   1.0965002240000000e+09   8.1199998863147008e+16   1.6969999902048256e+16 
  24.2   1.3093081751332627e-36   3.1529111828744097e-31   5.9166110515200000e+11  -1.3639158169362396e-21   1.0965002240000000e+09   8.1199998863147008e+16   1.6969999902048256e+16 
  24.5   1.3093081751332627e-36   2.9733706426083466e-31   5.9166110515200000e+11   4.7287377128372463e-23   1.0965002240000000e+09   8.1199998863147008e+16   1.6969999902048256e+16 
  24.8   1.3093081751332627e-36   2.8040665422481142e-31   5.9166110515200000e+11  -1.6394675312154826e-24   1.0965002240000000e+09   8.1199998863147008e+16   1.6969999902048256e+16 
  25.0   1.3093081751332627e-36   2.6443970286860914e-31   5.9166110515200000e+11   5.6841766956152616e-26   1.0965002240000000e+09   8.1199998863147008e+16   1.6969999902048256e+16 
  25.2   1.3093081751332627e-36   2.4938361857497204e-31   5.9166110515200000e+11  -1.9698611767906865e-27   1.0965002240000000e+09   8.1199998863147008e+16   1.6969999902048256e+16 
  25.5   1.3093081751332627e-36   2.3518576270687029e-31   5.9166110515200000e+11   6.9111755313092910e-29   1.0965002240000000e+09   8.1199998863147008e+16   1.6969999902048256e+16 
  25.8   1.3093081751332627e-36   2.2179352013716108e-31   5.9166110515200000e+11  -1.6264207546451777e-30   1.0965002240000000e+09   8.1199998863147008e+16   1.6969999902048256e+16 
  26.0   1.3093081751332627e-36   2.0916177539265986e-31   5.9166110515200000e+11   7.8253712177178016e-31   1.0965002240000000e+09   8.1199998863147008e+16   1.6969999902048256e+16 
  26.2   1.3093081751332627e-36   1.9725180768945054e-31   5.9166110515200000e+11   6.5682557113495581e-31   1.0965002240000000e+09   8.1199998863147008e+16   1.6969999902048256e+16 
  26.5   1.3093081751332627e-36   1.8601961827398185e-31   5.9166110515200000e+11   6.2243855277170723e-31   1.0965002240000000e+09   8.1199998863147008e+16   1.6969999902048256e+16 
  26.8   1.3093081751332627e-36   1.7542761483691448e-31   5.9166110515200000e+11   5.8708255090518883e-31   1.0965002240000000e+09   8.1199998863147008e+16   1.6969999902048256e+16 
  27.0   1.3093081751332627e-36   1.6543821682385264e-31   5.9166110515200000e+11   5.5395777837585323e-31   1.0965002240000000e+09   8.1199998863147008e+16   1.6969999902048256e+16 
  27.2   1.3093081751332627e-36   1.5602023836966903e-31   5.9166110515200000e+11   5.2170447033844324e-31   1.0965002240000000e+09   8.1199998863147008e+16   1.6969999902048256e+16 
  27.5   1.3093081751332627e-36   1.4713719212971412e-31   5.9166110515200000e+11   4.9242756101708932e-31   1.0965002240000000e+09   8.1199998863147008e+16   1.6969999902048256e+16 
  27.8   1.3093081751332627e-36   1.3875900895849387e-31   5.9166110515200000e+11   4.6480541860327494e-31   1.0965002240000000e+09   8.1199998863147008e+16   1.6969999902048256e+16 
  28.0   1.3093081751332627e-36   1.3085447948099396e-31   5.9166110515200000e+11   4.3807463004580209e-31   1.0965002240000000e+09   8.1199998863147008e+16   1.6969999902048256e+16 
  28.2   1.3093081751332627e-36   1.2340218619014240e-31   5.9166110515200000e+11   4.1344082937064813e-31   1.0965002240000000e+09   8.1199998863147008e+16   1.6969999902048256e+16 
  28.5   1.3093081751332627e-36   1.1637845462971362e-31   5.9166110515200000e+11   3.8924353676772853e-31   1.0965002240000000e+09   8.1199998863147008e+16   1.6969999902048256e+16 
  28.8   1.2243481352925301e-02   2.9456462500000000e+06   5.9166470963200000e+11   2.8578964000000000e+07   1.0679204480000000e+09   8.1199998863147008e+16   1.6969999902048256e+16 
  29.0   1.7634025216102600e-01   1.1749143000000000e+07   5.9161562316800000e+11   1.3275954400000000e+08   9.6374003200000000e+08   8.1199998863147008e+16   1.6969999902048256e+16 
  29.2   8.1564432382583618e-01   2.6913570000000000e+07   5.9139417702400000e+11   2.7564201600000000e+08   8.2085753600000000e+08   8.1199998863147008e+16   1.6969999902048256e+16 
  29.5   2.3019814491271973e+00   4.8999304000000000e+07   5.9092756070400000e+11   4.1526800000000000e+08   6.8123148800000000e+08   8.1199998863147008e+16   1.6969999902048256e+16 
  29.8   4.9648976325988770e+00   7.8434464000000000e+07   5.9020882739200000e+11   5.3271299200000000e+08   5.6378643200000000e+08   8.1199998863147008e+16   1.6969999902048256e+16 
  30.0   8.9954013824462891e+00   1.1516140800000000e+08   5.8928188620800000e+11   6.2530502400000000e+08   4.7119446400000000e+08   8.1199998863147008e+16   1.6969999902048256e+16 
  30.2   1.4428812980651855e+01   1.5854059200000000e+08   5.8822839500800000e+11   6.9652256000000000e+08   3.9997696000000000e+08   8.1199998863147008e+16   1.6969999902048256e+16 
  30.5   2.1182176589965820e+01   2.0759328000000000e+08   5.8715701248000000e+11   7.5066988800000000e+08   3.4582956800000000e+08   8.1199998863147008e+16   1.6969999902048256e+16 
  30.8   2.8935283660888672e+01   2.6031648000000000e+08   5.8619474739200000e+11   7.9275392000000000e+08   3.0374556800000000e+08   8.1199998863147008e+16   1.6969999902048256e+16 
  31.0   3.7406307220458984e+01   3.1516985600000000e+08   5.8546991923200000e+11   8.2522336000000000e+08   2.7127609600000000e+08   8.1199998863147008e+16   1.6969999902048256e+16 
  31.2   4.6253288269042969e+01   3.7041024000000000e+08   5.8510029619200000e+11   8.5040825600000000e+08   2.4609120000000000e+08   8.1199998863147008e+16   1.6969999902048256e+16 
  31.5   5.5145748138427734e+01   4.2444691200000000e+08   5.8518110208000000e+11   8.7001004800000000e+08   2.2648939200000000e+08   8.1199998863147008e+16   1.6969999902048256e+16 
  31.8   6.3793373107910156e+01   4.7594979200000000e+08   5.8577741414400000e+11   8.8528998400000000e+08   2.1120947200000000e+08   8.1199998863147008e+16   1.6969999902048256e+16 
  32.0   7.1962638854980469e+01   5.2389347200000000e+08   5.8692088627200000e+11   8.9718937600000000e+08   1.9931012800000000e+08   8.1199998863147008e+16   1.6969999902048256e+16 
  32.2   7.9481147766113281e+01   5.6756467200000000e+08   5.8861007667200000e+11   9.0641817600000000e+08   1.9008129600000000e+08   8.1199998863147008e+16   1.6969999902048256e+16 
  32.5   8.6238922119140625e+01   6.0655948800000000e+08   5.9081700147200000e+11   9.1352108800000000e+08   1.8297843200000000e+08   8.1199998863147008e+16   1.6969999902048256e+16 
  32.8   9.2181053161621094e+01   6.4072640000000000e+08   5.9349165670400000e+11   9.1892057600000000e+08   1.7757900800000000e+08   8.1199998863147008e+16   1.6969999902048256e+16 
  33.0   9.7299903869628906e+01   6.7014336000000000e+08   5.9657093120000000e+11   9.2294963200000000e+08   1.7354992000000000e+08   8.1199998863147008e+16   1.6969999902048256e+16 
  33.2   1.0162621307373047e+02   6.9505862400000000e+08   5.9998430822400000e+11   9.2587558400000000e+08   1.7062393600000000e+08   8.1199998863147008e+16   1.6969999902048256e+16 
  33.5   1.0521802520751953e+02   7.1585011200000000e+08   6.0366107443200000e+11   9.2791609600000000e+08   1.6858339200000000e+08   8.1199998863147008e+16   1.6969999902048256e+16 
  33.8   1.0815468597412109e+02   7.3298656000000000e+08   6.0753451417600000e+11   9.2925126400000000e+08   1.6724828800000000e+08   8.1199998863147008e+16   1.6969999902048256e+16 
  34.0   1.1052626800537109e+02   7.4698310400000000e+08   6.1154453094400000e+11   9.3003052800000000e+08   1.6646897600000000e+08   8.1199998863147008e+16   1.6969999902048256e+16 
  34.2   1.1242612457275391e+02   7.5836979200000000e+08   6.1564033433600000e+11   9.3038022400000000e+08   1.6611931200000000e+08   8.1199998863147008e+16   1.6969999902048256e+16 
  34.5   1.1394991302490234e+02   7.6766816000000000e+08   6.1977991577600000e+11   9.3040678400000000e+08   1.6609276800000000e+08   8.1199998863147008e+16   1.6969999902048256e+16 
  34.8   1.1518567657470703e+02   7.7537497600000000e+08   6.2393273548800000e+11   9.3020012800000000e+08   1.6629940800000000e+08   8.1199998863147008e+16   1.6969999902048256e+16 
  35.0   1.1621340179443359e+02   7.8192281600000000e+08   6.2807493836800000e+11   9.2983379200000000e+08   1.6666574400000000e+08   8.1199998863147008e+16   1.6969999902048256e+16 
  35.2   1.1710140991210938e+02   7.8769164800000000e+08   6.3219073024000000e+11   9.2936851200000000e+08   1.6713102400000000e+08   8.1199998863147008e+16   1.6969999902048256e+16 
  35.5   1.1790610504150391e+02   7.9299366400000000e+08   6.3627126374400000e+11   9.2885081600000000e+08   1.6764872000000000e+08   8.1199998863147008e+16   1.6969999902048256e+16 
  35.8   1.1866695404052734e+02   7.9804172800000000e+08   6.4031123046400000e+11   9.2831385600000000e+08   1.6818568000000000e+08   8.1199998863147008e+16   1.6969999902048256e+16 
  36.0   1.1941057586669922e+02   8.0298713600000000e+08   6.4430912307200000e+11   9.2777753600000000e+08   1.6872195200000000e+08   8.1199998863147008e+16   1.6969999902048256e+16 
  36.2   1.2014465332031250e+02   8.0786886400000000e+08   6.4826474496000000e+11   9.2724915200000000e+08   1.6925028800000000e+08   8.1199998863147008e+16   1.6969999902048256e+16 
  36.5   1.2086012268066406e+02   8.1264160000000000e+08   6.5217776844800000e+11   9.2672243200000000e+08   1.6977699200000000e+08   8.1199998863147008e+16   1.6969999902048256e+16 
  36.8   1.2153060913085938e+02   8.1715648000000000e+08   6.5604773478400000e+11   9.2617843200000000e+08   1.7032099200000000e+08   8.1199998863147008e+16   1.6969999902048256e+16 
  37.0   1.2210916137695312e+02   8.2114956800000000e+08   6.5986953216000000e+11   9.2558368000000000e+08   1.7091571200000000e+08   8.1199998863147008e+16   1.6969999902048256e+16 
  37.2   1.2253150939941406e+02   8.2427072000000000e+08   6.6363516518400000e+11   9.2489350400000000e+08   1.7160588800000000e+08   8.1199998863147008e+16   1.6969999902048256e+16 
  37.5   1.2271188354492188e+02   8.2603680000000000e+08   6.6733080576000000e+11   9.2404742400000000e+08   1.7245195200000000e+08   8.1199998863147008e+16   1.6969999902048256e+16 
  37.8   1.2254611206054688e+02   8.2586956800000000e+08   6.7093613772800000e+11   9.2297222400000000e+08   1.7352710400000000e+08   8.1199998863147008e+16   1.6969999902048256e+16 
  38.0   1.2191397857666016e+02   8.2308838400000000e+08   6.7442284953600000e+11   9.2157964800000000e+08   1.7491971200000000e+08   8.1199998863147008e+16   1.6969999902048256e+16 
  38.2   1.2067994689941406e+02   8.1693440000000000e+08   6.7775548620800000e+11   9.1976294400000000e+08   1.7673640000000000e+08   8.1199998863147008e+16   1.6969999902048256e+16 
  38.5   1.1870303344726562e+02   8.0659264000000000e+08   6.8089040076800000e+11   9.1739782400000000e+08   1.7910156800000000e+08   8.1199998863147008e+16   1.6969999902048256e+16 
  38.8   1.1583971405029297e+02   7.9123027200000000e+08   6.8377719603200000e+11   9.1433574400000000e+08   1.8216366400000000e+08   8.1199998863147008e+16   1.6969999902048256e+16 
  39.0   1.1195997619628906e+02   7.7006336000000000e+08   6.8636055961600000e+11   9.1039936000000000e+08   1.8610001600000000e+08   8.1199998863147008e+16   1.6969999902048256e+16 
  39.2   1.0695877075195312e+02   7.4241408000000000e+08   6.8858288537600000e+11   9.0537484800000000e+08   1.9112451200000000e+08   8.1199998863147008e+16   1.6969999902048256e+16 
  39.5   1.0077046203613281e+02   7.0780185600000000e+08   6.9039004057600000e+11   8.9900083200000000e+08   1.9749849600000000e+08   8.1199998863147008e+16   1.6969999902048256e+16 
  39.8   9.3390563964843750e+01   6.6602080000000000e+08   6.9173444608000000e+11   8.9095212800000000e+08   2.0554720000000000e+08   8.1199998863147008e+16   1.6969999902048256e+16 
  40.0   8.4887092590332031e+01   6.1724332800000000e+08   6.9258366156800000e+11   8.8082099200000000e+08   2.1567828800000000e+08   8.1199998863147008e+16   1.6969999902048256e+16 
  40.2   7.5415206909179688e+01   5.6206982400000000e+08   6.9292516966400000e+11   8.6808678400000000e+08   2.2841254400000000e+08   8.1199998863147008e+16   1.6969999902048256e+16 
  40.5   6.5221878051757812e+01   5.0158707200000000e+08   6.9277299507200000e+11   8.5207865600000000e+08   2.4442065600000000e+08   8.1199998863147008e+16   1.6969999902048256e+16 
  40.8   5.4641304016113281e+01   4.3733923200000000e+08   6.9216953958400000e+11   8.3192179200000000e+08   2.6457744000000000e+08   8.1199998863147008e+16   1.6969999902048256e+16 
  41.0   4.4076786041259766e+01   3.7128249600000000e+08   6.9118728601600000e+11   8.0647456000000000e+08   2.9002470400000000e+08   8.1199998863147008e+16   1.6969999902048256e+16 
  41.2   3.3971054077148438e+01   3.0565014400000000e+08   6.8992414515200000e+11   7.7423987200000000e+08   3.2225939200000000e+08   8.1199998863147008e+16   1.6969999902048256e+16 
  41.5   2.4763011932373047e+01   2.4277316800000000e+08   6.8849500160000000e+11   7.3327846400000000e+08   3.6322080000000000e+08   8.1199998863147008e+16   1.6969999902048256e+16 
  41.8   1.6836269378662109e+01   1.8486132800000000e+08   6.8702090035200000e+11   6.8113952000000000e+08   4.1535974400000000e+08   8.1199998863147008e+16   1.6969999902048256e+16 
  42.0   1.0466094970703125e+01   1.3377363200000000e+08   6.8561502208000000e+11   6.1489651200000000e+08   4.8160272000000000e+08   8.1199998863147008e+16   1.6969999902048256e+16 
  42.2   5.7729797363281250e+00   9.0811792000000000e+07   6.8437029683200000e+11   5.3149331200000000e+08   5.6500582400000000e+08   8.1199998863147008e+16   1.6969999902048256e+16 
  42.5   2.6646125316619873e+00   5.6549848000000000e+07   6.8335094988800000e+11   4.2895568000000000e+08   6.6754348800000000e+08   8.1199998863147008e+16   1.6969999902048256e+16 
  42.8   9.3727922439575195e-01   3.0940190000000000e+07   6.8258955264000000e+11   3.0894016000000000e+08   7.8755897600000000e+08   8.1199998863147008e+16   1.6969999902048256e+16 
  43.0   2.0167990028858185e-01   1.3459666000000000e+07   6.8208918528000000e+11   1.8081680000000000e+08   9.1568236800000000e+08   8.1199998863147008e+16   1.6969999902048256e+16 
  43.2   1.3028516434133053e-02   3.3403490000000000e+06   6.8182586163200000e+11   6.7862128000000000e+07   1.0286371200000000e+09   8.1199998863147008e+16   1.6969999902048256e+16 
  43.5   1.8373423984509307e-13   4.2710380554199219e+00   6.8174256537600000e+11   6.2928675000000000e+06   1.0902058240000000e+09   8.1199998863147008e+16   1.6969999902048256e+16 
  43.8   2.9015439360413598e-36  -7.4435742942677297e-13   6.8173640499200000e+11   1.4533896875000000e+05   1.0963535360000000e+09   8.1199998863147008e+16   1.6969999902048256e+16 
  44.0   2.9015439360413598e-36  -5.9599801006994808e-21   6.8173620838400000e+11   3.2830942382812500e+03   1.0964957440000000e+09   8.1199998863147008e+16   1.6969999902048256e+16 
  44.2   2.9015439360413598e-36  -9.8057501356667643e-29   6.8173620838400000e+11   7.3816009521484375e+01   1.0964989440000000e+09   8.1199998863147008e+16   1.6969999902048256e+16 
  44.5   2.9015439360413598e-36   3.2533718923414465e-30   6.8173620838400000e+11   1.5622800588607788e+00   1.0964989440000000e+09   8.1199998863147008e+16   1.6969999902048256e+16 
  44.8   2.9015439360413598e-36   2.8633261276990558e-30   6.8173620838400000e+11   2.2947665303945541e-02   1.0964989440000000e+09   8.1199998863147008e+16   1.6969999902048256e+16 
  45.0   2.9015439360413598e-36   2.6863863921940740e-30   6.8173620838400000e+11  -1.4573847874999046e-03   1.0964989440000000e+09   8.1199998863147008e+16   1.6969999902048256e+16 
  45.2   2.9015439360413598e-36   2.5195186684451299e-30   6.8173620838400000e+11   9.2557223979383707e-05   1.0964989440000000e+09   8.1199998863147008e+16   1.6969999902048256e+16 
  45.5   2.9015439360413598e-36   2.3621506317626951e-30   6.8173620838400000e+11  -5.8782170526683331e-06   1.0964989440000000e+09   8.1199998863147008e+16   1.6969999902048256e+16 
  45.8   2.9015439360413598e-36   2.2137402381917183e-30   6.8173620838400000e+11   3.7331938074203208e-07   1.0964989440000000e+09   8.1199998863147008e+16   1.6969999902048256e+16 
  46.0   2.9015439360413598e-36   2.0784242874516134e-30   6.8173620838400000e+11  -2.3709134211458149e-08   1.0964989440000000e+09   8.1199998863147008e+16   1.6969999902048256e+16 
  46.2   2.9015439360413598e-36   1.9508090472235194e-30   6.8173620838400000e+11   1.5057413094154981e-09   1.0964989440000000e+09   8.1199998863147008e+16   1.6969999902048256e+16 
  46.5   2.9015439360413598e-36   1.8304585501626032e-30   6.8173620838400000e+11  -9.5627783469609540e-11   1.0964989440000000e+09   8.1199998863147008e+16   1.6969999902048256e+16 
  46.8   2.9015439360413598e-36   1.7169644765511633e-30   6.8173620838400000e+11   6.0732183171374743e-12   1.0964989440000000e+09   8.1199998863147008e+16   1.6969999902048256e+16 
  47.0   2.9015439360413598e-36   1.6099296033381698e-30   6.8173620838400000e+11  -3.8570318813824223e-13   1.0964989440000000e+09   8.1199998863147008e+16   1.6969999902048256e+16 
  47.2   2.9015439360413598e-36   1.5089908438285406e-30   6.8173620838400000e+11   2.4495610075926655e-14   1.0964989440000000e+09   8.1199998863147008e+16   1.6969999902048256e+16 
  47.5   2.9015439360413598e-36   1.4137959258752214e-30   6.8173620838400000e+11  -1.5556895100474546e-15   1.0964989440000000e+09   8.1199998863147008e+16   1.6969999902048256e+16 
  47.8   2.9015439360413598e-36   1.3240216355515100e-30   6.8173620838400000e+11   9.8800040550109727e-17   1.0964989440000000e+09   8.1199998863147008e+16   1.6969999902048256e+16 
  48.0   2.9015439360413598e-36   1.2440006569554414e-30   6.8173620838400000e+11  -6.2746711807495974e-18   1.0964989440000000e+09   8.1199998863147008e+16   1.6969999902048256e+16 
  48.2   2.9015439360413598e-36   1.1685335434744583e-30   6.8173620838400000e+11   3.9849798241017757e-19   1.0964989440000000e+09   8.1199998863147008e+16   1.6969999902048256e+16 
  48.5   2.9015439360413598e-36   1.0973646015773698e-30   6.8173620838400000e+11  -2.5308224151216368e-20   1.0964989440000000e+09   8.1199998863147008e+16   1.6969999902048256e+16 
  48.8   2.9015439360413598e-36   1.0302457549363785e-30   6.8173620838400000e+11   1.6072975563086291e-21   1.0964989440000000e+09   8.1199998863147008e+16   1.6969999902048256e+16 
  49.0   2.9015439360413598e-36   9.6695046228019388e-31   6.8173620838400000e+11  -1.0207769236783611e-22   1.0964989440000000e+09   8.1199998863147008e+16   1.6969999902048256e+16 
  49.2   2.9015439360413598e-36   9.0725942338272651e-31   6.8173620838400000e+11   6.4828620745498959e-24   1.0964989440000000e+09   8.1199998863147008e+16   1.6969999902048256e+16 
  49.5   2.9015439360413598e-36   8.5096452872410683e-31   6.8173620838400000e+11  -4.1171498668957719e-25   1.0964989440000000e+09   8.1199998863147008e+16   1.6969999902048256e+16 
  49.8   2.9015439360413598e-36   7.9787553629859776e-31   6.8173620838400000e+11   2.6150024102881185e-26   1.0964989440000000e+09   8.1199998863147008e+16   1.6969999902048256e+16 
  50.0   2.9015439360413598e-36   7.4780568356374066e-31   6.8173620838400000e+11  -1.6584460085030480e-27   1.0964989440000000e+09   8.1199998863147008e+16   1.6969999902048256e+16 
  50.2   2.9015439360413598e-36   7.0058837946013698e-31   6.8173620838400000e+11   1.0749785022066379e-28   1.0964989440000000e+09   8.1199998863147008e+16   1.6969999902048256e+16 
  50.5   2.9015439360413598e-36   6.5605830246228708e-31   6.8173620838400000e+11  -4.7927368519183985e-30   1.0964989440000000e+09   8.1199998863147008e+16   1.6969999902048256e+16 
  50.8   2.9015439360413598e-36   6.1406503631305975e-31   6.8173620838400000e+11   2.2088834716923129e-30   1.0964989440000000e+09   8.1199998863147008e+16   1.6969999902048256e+16 
  51.0   2.9015439360413598e-36   5.7446582897849112e-31   6.8173620838400000e+11   1.6418460617144081e-30   1.0964989440000000e+09   8.1199998863147008e+16   1.6969999902048256e+16 
  51.2   2.9015439360413598e-36   5.3711774034552121e-31   6.8173620838400000e+11   1.5629364424973809e-30   1.0964989440000000e+09   8.1199998863147008e+16   1.6969999902048256e+16 
  51.5   2.9015439360413598e-36   5.0189941237737111e-31   6.8173620838400000e+11   1.4585304448505663e-30   1.0964989440000000e+09   8.1199998863147008e+16   1.6969999902048256e+16 
  51.8   2.9015439360413598e-36   4.6868309234799347e-31   6.8173620838400000e+11   1.3624088611906069e-30   1.0964989440000000e+09   8.1199998863147008e+16   1.6969999902048256e+16 
  52.0   2.9015439360413598e-36   4.3735706127428613e-31   6.8173620838400000e+11   1.2724098163470183e-30   1.0964989440000000e+09   8.1199998863147008e+16   1.6969999902048256e+16 
  52.2   2.9015439360413598e-36   4.1245698761878391e-31   6.8173620838400000e+11   1.1946253803225981e-30   1.0964989440000000e+09   8.1199998863147008e+16   1.6969999902048256e+16 
  52.5   2.9015439360413598e-36   3.8897253830008996e-31   6.8173620838400000e+11   1.1273937802634760e-30   1.0964989440000000e+09   8.1199998863147008e+16   1.6969999902048256e+16 
  52.8   1.4122598804533482e-02   3.3810750000000000e+06   6.8173456998400000e+11   2.7214508000000000e+07   1.0692846080000000e+09   8.1199998863147008e+16   1.6969999902048256e+16 
  53.0   2.0474287867546082e-01   1.3500276000000000e+07   6.8165238784000000e+11   1.2354008800000000e+08   9.7295904000000000e+08   8.1199998863147008e+16   1.6969999902048256e+16 
  53.2   9.2592632770538330e-01   3.0810812000000000e+07   6.8135537868800000e+11   2.5643294400000000e+08   8.4006617600000000e+08   8.1199998863147008e+16   1.6969999902048256e+16 
  53.5   2.6374368667602539e+00   5.6221192000000000e+07   6.8076044288000000e+11   3.8965734400000000e+08   7.0684172800000000e+08   8.1199998863147008e+16   1.6969999902048256e+16 
  53.8   5.7065796852111816e+00   9.0123096000000000e+07   6.7985093427200000e+11   5.0484819200000000e+08   5.9165088000000000e+08   8.1199998863147008e+16   1.6969999902048256e+16 
  54.0   1.0352667808532715e+01   1.3241172800000000e+08   6.7866479820800000e+11   5.9782022400000000e+08   4.9867884800000000e+08   8.1199998863147008e+16   1.6969999902048256e+16 
  54.2   1.6611986160278320e+01   1.8231822400000000e+08   6.7728146432000000e+11   6.7061427200000000e+08   4.2588480000000000e+08   8.1199998863147008e+16   1.6969999902048256e+16 
  54.5   2.4342931747436523e+01   2.3850563200000000e+08   6.7581129523200000e+11   7.2695449600000000e+08   3.6954454400000000e+08   8.1199998863147008e+16   1.6969999902048256e+16 
  54.8   3.3257995605468750e+01   2.9903209600000000e+08   6.7438379008000000e+11   7.7113913600000000e+08   3.2535987200000000e+08   8.1199998863147008e+16   1.6969999902048256e+16 
  55.0   4.2986083984375000e+01   3.6189072000000000e+08   6.7313165926400000e+11   8.0552422400000000e+08   2.9097478400000000e+08   8.1199998863147008e+16   1.6969999902048256e+16 
  55.2   5.3126049041748047e+01   4.2503702400000000e+08   6.7217843814400000e+11   8.3237017600000000e+08   2.6412883200000000e+08   8.1199998863147008e+16   1.6969999902048256e+16 
  55.5   6.3290992736816406e+01   4.8660835200000000e+08   6.7162537984000000e+11   8.5338073600000000e+08   2.4311830400000000e+08   8.1199998863147008e+16   1.6969999902048256e+16 
  55.8   7.3141639709472656e+01   5.4504908800000000e+08   6.7154365644800000e+11   8.6984185600000000e+08   2.2665718400000000e+08   8.1199998863147008e+16   1.6969999902048256e+16 
  56.0   8.2405632019042969e+01   5.9917164800000000e+08   6.7197140992000000e+11   8.8272755200000000e+08   2.1377144000000000e+08   8.1199998863147008e+16   1.6969999902048256e+16 
  56.2   9.0885009765625000e+01   6.4816000000000000e+08   6.7291342438400000e+11   8.9277945600000000e+08   2.0371960000000000e+08   8.1199998863147008e+16   1.6969999902048256e+16 
  56.5   9.8455032348632812e+01   6.9156633600000000e+08   6.7434748313600000e+11   9.0056883200000000e+08   1.9593020800000000e+08   8.1199998863147008e+16   1.6969999902048256e+16 
  56.8   1.0505690002441406e+02   7.2924800000000000e+08   6.7622902169600000e+11   9.0654304000000000e+08   1.8995598400000000e+08   8.1199998863147008e+16   1.6969999902048256e+16 
  57.0   1.1068740844726562e+02   7.6132697600000000e+08   6.7849931980800000e+11   9.1105491200000000e+08   1.8544408000000000e+08   8.1199998863147008e+16   1.6969999902048256e+16 
  57.2   1.1538821411132812e+02   7.8813056000000000e+08   6.8109310361600000e+11   9.1438848000000000e+08   1.8211044800000000e+08   8.1199998863147008e+16   1.6969999902048256e+16 
  57.5   1.1923306274414062e+02   8.1013011200000000e+08   6.8394332979200000e+11   9.1677600000000000e+08   1.7972289600000000e+08   8.1199998863147008e+16   1.6969999902048256e+16 
  57.8   1.2231813812255859e+02   8.2789491200000000e+08   6.8698596966400000e+11   9.1840889600000000e+08   1.7809001600000000e+08   8.1199998863147008e+16   1.6969999902048256e+16 
  58.0   1.2475122070312500e+02   8.4204275200000000e+08   6.9016387584000000e+11   9.1944684800000000e+08   1.7705204800000000e+08   8.1199998863147008e+16   1.6969999902048256e+16 
  58.2   1.2664512634277344e+02   8.5320857600000000e+08   6.9342855168000000e+11   9.2002432000000000e+08   1.7647451200000000e+08   8.1199998863147008e+16   1.6969999902048256e+16 
  58.5   1.2810960388183594e+02   8.6200236800000000e+08   6.9674028236800000e+11   9.2025529600000000e+08   1.7624352000000000e+08   8.1199998863147008e+16   1.6969999902048256e+16 
  58.8   1.2924879455566406e+02   8.6899168000000000e+08   7.0006806937600000e+11   9.2023475200000000e+08   1.7626401600000000e+08   8.1199998863147008e+16   1.6969999902048256e+16 
  59.0   1.3015431213378906e+02   8.7469126400000000e+08   7.0339035136000000e+11   9.2004198400000000e+08   1.7645683200000000e+08   8.1199998863147008e+16   1.6969999902048256e+16 
  59.2   1.3090495300292969e+02   8.7952755200000000e+08   7.0669205504000000e+11   9.1974099200000000e+08   1.7675780800000000e+08   8.1199998863147008e+16   1.6969999902048256e+16 
  59.5   1.3156359863281250e+02   8.8385139200000000e+08   7.0996400537600000e+11   9.1938099200000000e+08   1.7711784000000000e+08   8.1199998863147008e+16   1.6969999902048256e+16 
  59.8   1.3217646789550781e+02   8.8791289600000000e+08   7.1320141824000000e+11   9.1899750400000000e+08   1.7750128000000000e+08   8.1199998863147008e+16   1.6969999902048256e+16 
  60.0   1.3277204895019531e+02   8.9187168000000000e+08   7.1640278630400000e+11   9.1861196800000000e+08   1.7788683200000000e+08   8.1199998863147008e+16   1.6969999902048256e+16 
  60.2   1.3335914611816406e+02   8.9577619200000000e+08   7.1956797849600000e+11   9.1823155200000000e+08   1.7826728000000000e+08   8.1199998863147008e+16   1.6969999902048256e+16 
  60.5   1.3392892456054688e+02   8.9957651200000000e+08   7.2269692928000000e+11   9.1785011200000000e+08   1.7864875200000000e+08   8.1199998863147008e+16   1.6969999902048256e+16 
  60.8   1.3445059204101562e+02   9.0310617600000000e+08   7.2578845900800000e+11   9.1744716800000000e+08   1.7905166400000000e+08   8.1199998863147008e+16   1.6969999902048256e+16 
  61.0   1.3487461853027344e+02   9.0608518400000000e+08   7.2883876659200000e+11   9.1698841600000000e+08   1.7951036800000000e+08   8.1199998863147008e+16   1.6969999902048256e+16 
  61.2   1.3512844848632812e+02   9.0811526400000000e+08   7.3183966003200000e+11   9.1642534400000000e+08   1.8007347200000000e+08   8.1199998863147008e+16   1.6969999902048256e+16 
  61.5   1.3512049865722656e+02   9.0868729600000000e+08   7.3477855641600000e+11   9.1569612800000000e+08   1.8080268800000000e+08   8.1199998863147008e+16   1.6969999902048256e+16 
  61.8   1.3473751831054688e+02   9.0716620800000000e+08   7.3763527065600000e+11   9.1472307200000000e+08   1.8177571200000000e+08   8.1199998863147008e+16   1.6969999902048256e+16 
  62.0   1.3384931945800781e+02   9.0282713600000000e+08   7.4038365388800000e+11   9.1341337600000000e+08   1.8308544000000000e+08   8.1199998863147008e+16   1.6969999902048256e+16 
  62.2   1.3231065368652344e+02   8.9484672000000000e+08   7.4298929971200000e+11   9.1165580800000000e+08   1.8484304000000000e+08   8.1199998863147008e+16   1.6969999902048256e+16 
  62.5   1.2996977233886719e+02   8.8235712000000000e+08   7.4541046169600000e+11   9.0932044800000000e+08   1.8717848000000000e+08   8.1199998863147008e+16   1.6969999902048256e+16 
  62.8   1.2667439270019531e+02   8.6447283200000000e+08   7.4759916748800000e+11   9.0625152000000000e+08   1.9024744000000000e+08   8.1199998863147008e+16   1.6969999902048256e+16 
  63.0   1.2228555297851562e+02   8.4035667200000000e+08   7.4950272614400000e+11   9.0226451200000000e+08   1.9423448000000000e+08   8.1199998863147008e+16   1.6969999902048256e+16 
  63.2   1.1669265747070312e+02   8.0929984000000000e+08   7.5106693939200000e+11   8.9713760000000000e+08   1.9936142400000000e+08   8.1199998863147008e+16   1.6969999902048256e+16 
  63.5   1.0982824707031250e+02   7.7078854400000000e+08   7.5223996825600000e+11   8.9059776000000000e+08   2.0590129600000000e+08   8.1199998863147008e+16   1.6969999902048256e+16 
  63.8   1.0168915557861328e+02   7.2462822400000000e+08   7.5297849344000000e+11   8.8230931200000000e+08   2.1418969600000000e+08   8.1199998863147008e+16   1.6969999902048256e+16 
  64.0   9.2351646423339844e+01   6.7100979200000000e+08   7.5325354803200000e+11   8.7185024000000000e+08   2.2464876800000000e+08   8.1199998863147008e+16   1.6969999902048256e+16 
  64.2   8.1984123229980469e+01   6.1058777600000000e+08   7.5305648128000000e+11   8.5868390400000000e+08   2.3781510400000000e+08   8.1199998863147008e+16   1.6969999902048256e+16 
  64.5   7.0854461669921875e+01   5.4453740800000000e+08   7.5240446361600000e+11   8.4212243200000000e+08   2.5437651200000000e+08   8.1199998863147008e+16   1.6969999902048256e+16 
  64.8   5.9322654724121094e+01   4.7452320000000000e+08   7.5134356684800000e+11   8.2127347200000000e+08   2.7522553600000000e+08   8.1199998863147008e+16   1.6969999902048256e+16 
  65.0   4.7823574066162109e+01   4.0264531200000000e+08   7.4994869862400000e+11   7.9497881600000000e+08   3.0152019200000000e+08   8.1199998863147008e+16   1.6969999902048256e+16 
  65.2   3.6834350585937500e+01   3.3130771200000000e+08   7.4832012902400000e+11   7.6173542400000000e+08   3.3476352000000000e+08   8.1199998863147008e+16   1.6969999902048256e+16 
  65.5   2.6828290939331055e+01   2.6301916800000000e+08   7.4657477427200000e+11   7.1961964800000000e+08   3.7687926400000000e+08   8.1199998863147008e+16   1.6969999902048256e+16 
  65.8   1.8219011306762695e+01   2.0015737600000000e+08   7.4483453132800000e+11   6.6624140800000000e+08   4.3025750400000000e+08   8.1199998863147008e+16   1.6969999902048256e+16 
  66.0   1.1303782463073730e+01   1.4472548800000000e+08   7.4321277747200000e+11   5.9882464000000000e+08   4.9767424000000000e+08   8.1199998863147008e+16   1.6969999902048256e+16 
  66.2   6.2124857902526855e+00   9.8131216000000000e+07   7.4180211507200000e+11   5.1461164800000000e+08   5.8188723200000000e+08   8.1199998863147008e+16   1.6969999902048256e+16 
  66.5   2.8759706020355225e+00   6.1044336000000000e+07   7.4066480332800000e+11   4.1200038400000000e+08   6.8449843200000000e+08   8.1199998863147008e+16   1.6969999902048256e+16 
  66.8   1.0121681690216064e+00   3.3461684000000000e+07   7.3982961254400000e+11   2.9390275200000000e+08   8.0259603200000000e+08   8.1199998863147008e+16   1.6969999902048256e+16 
  67.0   2.1207018196582794e-01   1.4494734000000000e+07   7.3929274163200000e+11   1.6959673600000000e+08   9.2690208000000000e+08   8.1199998863147008e+16   1.6969999902048256e+16 
  67.2   1.1433303356170654e-02   3.4850520000000000e+06   7.3901965312000000e+11   6.1491772000000000e+07   1.0350071040000000e+09   8.1199998863147008e+16   1.6969999902048256e+16 
  67.5   6.5095728828991339e-14   4.6919975280761719e+00   7.3893956812800000e+11   5.0553720000000000e+06   1.0914432000000000e+09   8.1199998863147008e+16   1.6969999902048256e+16 
  67.8   1.1176514407080106e-36  -1.0042946292296295e-12   7.3893478400000000e+11   8.4767156250000000e+04   1.0964138240000000e+09   8.1199998863147008e+16   1.6969999902048256e+16 
  68.0   1.1176514407080106e-36  -6.9013181001333619e-21   7.3893478400000000e+11   1.3920964355468750e+03   1.0964970240000000e+09   8.1199998863147008e+16   1.6969999902048256e+16 
  68.2   1.1176514407080106e-36  -1.7133439915664499e-29   7.3893478400000000e+11   2.2693416595458984e+01   1.0964984320000000e+09   8.1199998863147008e+16   1.6969999902048256e+16 
  68.5   1.1176514407080106e-36  -1.0265093756126288e-31   7.3893478400000000e+11   2.8168860077857971e-01   1.0964984320000000e+09   8.1199998863147008e+16   1.6969999902048256e+16 
  68.8   1.1176514407080106e-36  -9.1457968514809372e-32   7.3893478400000000e+11  -1.0944318026304245e-02   1.0964984320000000e+09   8.1199998863147008e+16   1.6969999902048256e+16 
  69.0   1.1176514407080106e-36  -8.6249323658957045e-32   7.3893478400000000e+11   8.4721785970032215e-04   1.0964984320000000e+09   8.1199998863147008e+16   1.6969999902048256e+16 
  69.2   1.1176514407080106e-36  -8.1341364380573306e-32   7.3893478400000000e+11  -6.5584637923166156e-05   1.0964984320000000e+09   8.1199998863147008e+16   1.6969999902048256e+16 
  69.5   1.1176514407080106e-36  -7.6711550575481136e-32   7.3893478400000000e+11   5.0770140660461038e-06   1.0964984320000000e+09   8.1199998863147008e+16   1.6969999902048256e+16 
  69.8   1.1176514407080106e-36  -7.2345952635623292e-32   7.3893478400000000e+11  -3.9301937704294687e-07   1.0964984320000000e+09   8.1199998863147008e+16   1.6969999902048256e+16 
  70.0   1.1176514407080106e-36  -6.8228431023562983e-32   7.3893478400000000e+11   3.0424260444306128e-08   1.0964984320000000e+09   8.1199998863147008e+16   1.6969999902048256e+16 
  70.2   1.1176514407080106e-36  -6.4345050253771212e-32   7.3893478400000000e+11  -2.3551969263735373e-09   1.0964984320000000e+09   8.1199998863147008e+16   1.6969999902048256e+16 
  70.5   1.1176514407080106e-36  -6.0679676666282942e-32   7.3893478400000000e+11   1.8231960385861612e-10   1.0964984320000000e+09   8.1199998863147008e+16   1.6969999902048256e+16 
  70.8   1.1176514407080106e-36  -5.7224787097252911e-32   7.3893478400000000e+11  -1.4113675506077783e-11   1.0964984320000000e+09   8.1199998863147008e+16   1.6969999902048256e+16 
  71.0   1.1176514407080106e-36  -5.3965346973934101e-32   7.3893478400000000e+11   1.0925639733205816e-12   1.0964984320000000e+09   8.1199998863147008e+16   1.6969999902048256e+16 
  71.2   1.1176514407080106e-36  -5.0893839009953005e-32   7.3893478400000000e+11  -8.4576985172335473e-14   1.0964984320000000e+09   8.1199998863147008e+16   1.6969999902048256e+16 
  71.5   1.1176514407080106e-36  -4.7996342413460009e-32   7.3893478400000000e+11   6.5472360334922070e-15   1.0964984320000000e+09   8.1199998863147008e+16   1.6969999902048256e+16 
  71.8   1.1176514407080106e-36  -4.5264226117184201e-32   7.3893478400000000e+11  -5.0683275190145129e-16   1.0964984320000000e+09   8.1199998863147008e+16   1.6969999902048256e+16 
  72.0   1.1176514407080106e-36  -4.2689972834752072e-32   7.3893478400000000e+11   3.9234804344835607e-17   1.0964984320000000e+09   8.1199998863147008e+16   1.6969999902048256e+16 
  72.2   1.1176514407080106e-36  -4.0258547993416605e-32   7.3893478400000000e+11  -3.0372351557273066e-18   1.0964984320000000e+09   8.1199998863147008e+16   1.6969999902048256e+16 
  72.5   1.1176514407080106e-36  -3.7963542210229941e-32   7.3893478400000000e+11   2.3511771391449602e-19   1.0964984320000000e+09   8.1199998863147008e+16   1.6969999902048256e+16 
  72.8   1.1176514407080106e-36  -3.5802739678340781e-32   7.3893478400000000e+11  -1.8200881533007616e-20   1.0964984320000000e+09   8.1199998863147008e+16   1.6969999902048256e+16 
  73.0   1.1176514407080106e-36  -3.3763324570589285e-32   7.3893478400000000e+11   1.4089600018163001e-21   1.0964984320000000e+09   8.1199998863147008e+16   1.6969999902048256e+16 
  73.2   1.1176514407080106e-36  -3.1843078141388274e-32   7.3893478400000000e+11  -1.0907010494461723e-22   1.0964984320000000e+09   8.1199998863147008e+16   1.6969999902048256e+16 
  73.5   1.1176514407080106e-36  -3.0029181624842034e-32   7.3893478400000000e+11   8.4433044863253247e-24   1.0964984320000000e+09   8.1199998863147008e+16   1.6969999902048256e+16 
  73.8   1.1176514407080106e-36  -2.8320527117524912e-32   7.3893478400000000e+11  -6.5361030859041672e-25   1.0964984320000000e+09   8.1199998863147008e+16   1.6969999902048256e+16 
  74.0   1.1176514407080106e-36  -2.6709600271799279e-32   7.3893478400000000e+11   5.0597119378519799e-26   1.0964984320000000e+09   8.1199998863147008e+16   1.6969999902048256e+16 
  74.2   1.1176514407080106e-36  -2.5188880862555748e-32   7.3893478400000000e+11  -3.9168792836969848e-27   1.0964984320000000e+09   8.1199998863147008e+16   1.6969999902048256e+16 
  74.5   1.1176514407080106e-36  -2.3751962445582338e-32   7.3893478400000000e+11   3.0314281769400921e-28   1.0964984320000000e+09   8.1199998863147008e+16   1.6969999902048256e+16 
  74.8   1.1176514407080106e-36  -2.2397735648085460e-32   7.3893478400000000e+11  -2.3532011136681899e-29   1.0964984320000000e+09   8.1199998863147008e+16   1.6969999902048256e+16 
  75.0   1.1176514407080106e-36  -2.1125089627903588e-32   7.3893478400000000e+11   1.7612162905262866e-30   1.0964984320000000e+09   8.1199998863147008e+16   1.6969999902048256e+16 
  75.2   1.1176514407080106e-36  -1.9921207088508942e-32   7.3893478400000000e+11  -1.9422608523043397e-31   1.0964984320000000e+09   8.1199998863147008e+16   1.6969999902048256e+16 
  75.5   1.1176514407080106e-36  -1.8784981595843811e-32   7.3893478400000000e+11  -3.9553956679533726e-32   1.0964984320000000e+09   8.1199998863147008e+16   1.6969999902048256e+16 
  75.8   1.1176514407080106e-36  -1.7716411680540258e-32   7.3893478400000000e+11  -4.8229381229774651e-32   1.0964984320000000e+09   8.1199998863147008e+16   1.6969999902048256e+16 
  76.0   1.1176514407080106e-36  -1.6707980056224772e-32   7.3893478400000000e+11  -4.4626302965408208e-32   1.0964984320000000e+09   8.1199998863147008e+16   1.6969999902048256e+16 
  76.2   1.1176514407080106e-36  -1.5759688192265293e-32   7.3893478400000000e+11  -4.1973682413342634e-32   1.0964984320000000e+09   8.1199998863147008e+16   1.6969999902048256e+16 
  76.5   1.1176514407080106e-36  -1.4864015863552436e-32   7.3893478400000000e+11  -3.9613950972463818e-32   1.0964984320000000e+09   8.1199998863147008e+16   1.6969999902048256e+16 
  76.8   1.5321212820708752e-02   3.6417557500000000e+06   7.3892954112000000e+11   2.6446494000000000e+07   1.0700523520000000e+09   8.1199998863147008e+16   1.6969999902048256e+16 
  77.0   2.1289274096488953e-01   1.4460841000000000e+07   7.3882697728000000e+11   1.1847454400000000e+08   9.7802425600000000e+08   8.1199998863147008e+16   1.6969999902048256e+16 
  77.2   9.9539351463317871e-01   3.3253086000000000e+07   7.3848219238400000e+11   2.4604550400000000e+08   8.5045318400000000e+08   8.1199998863147008e+16   1.6969999902048256e+16 
  77.5   2.8497316837310791e+00   6.0795000000000000e+07   7.3780435353600000e+11   3.7574131200000000e+08   7.2075737600000000e+08   8.1199998863147008e+16   1.6969999902048256e+16 
  77.8   6.1785421371459961e+00   9.7547312000000000e+07   7.3676986777600000e+11   4.8946985600000000e+08   6.0702880000000000e+08   8.1199998863147008e+16   1.6969999902048256e+16 
  78.0   1.1216438293457031e+01   1.4336854400000000e+08   7.3541255168000000e+11   5.8243929600000000e+08   5.1405945600000000e+08   8.1199998863147008e+16   1.6969999902048256e+16 
  78.2   1.8000408172607422e+01   1.9742052800000000e+08   7.3381019648000000e+11   6.5590483200000000e+08   4.4059398400000000e+08   8.1199998863147008e+16   1.6969999902048256e+16 
  78.5   2.6329090118408203e+01   2.5802659200000000e+08   7.3207408230400000e+11   7.1355148800000000e+08   3.8294739200000000e+08   8.1199998863147008e+16   1.6969999902048256e+16 
  78.8   3.5984619140625000e+01   3.2352249600000000e+08   7.3033495347200000e+11   7.5888492800000000e+08   3.3761392000000000e+08   8.1199998863147008e+16   1.6969999902048256e+16 
  79.0   4.6514175415039062e+01   3.9147683200000000e+08   7.2872899379200000e+11   7.9434086400000000e+08   3.0215804800000000e+08   8.1199998863147008e+16   1.6969999902048256e+16 
  79.2   5.7478046417236328e+01   4.5965129600000000e+08   7.2738353971200000e+11   8.2212012800000000e+08   2.7437875200000000e+08   8.1199998863147008e+16   1.6969999902048256e+16 
  79.5   6.8452880859375000e+01   5.2600691200000000e+08   7.2640403865600000e+11   8.4392448000000000e+08   2.5257440000000000e+08   8.1199998863147008e+16   1.6969999902048256e+16 
  79.8   7.9067535400390625e+01   5.8884460800000000e+08   7.2586618470400000e+11   8.6105312000000000e+08   2.3544576000000000e+08   8.1199998863147008e+16   1.6969999902048256e+16 
  80.0   8.9025421142578125e+01   6.4687116800000000e+08   7.2581218304000000e+11   8.7449561600000000e+08   2.2200326400000000e+08   8.1199998863147008e+16   1.6969999902048256e+16 
  80.2   9.8111862182617188e+01   6.9920902400000000e+08   7.2625147084800000e+11   8.8501145600000000e+08   2.1148750400000000e+08   8.1199998863147008e+16   1.6969999902048256e+16 
  80.5   1.0619284057617188e+02   7.4537958400000000e+08   7.2716550144000000e+11   8.9318758400000000e+08   2.0331137600000000e+08   8.1199998863147008e+16   1.6969999902048256e+16 
  80.8   1.1320747375488281e+02   7.8525017600000000e+08   7.2851390464000000e+11   8.9948435200000000e+08   1.9701459200000000e+08   8.1199998863147008e+16   1.6969999902048256e+16 
  81.0   1.1915628051757812e+02   8.1897721600000000e+08   7.3024189235200000e+11   9.0426694400000000e+08   1.9223200000000000e+08   8.1199998863147008e+16   1.6969999902048256e+16 
  81.2   1.2408737182617188e+02   8.4692947200000000e+08   7.3228615680000000e+11   9.0782841600000000e+08   1.8867059200000000e+08   8.1199998863147008e+16   1.6969999902048256e+16 
  81.5   1.2808506774902344e+02   8.6964652800000000e+08   7.3458247270400000e+11   9.1040915200000000e+08   1.8608988800000000e+08   8.1199998863147008e+16   1.6969999902048256e+16 
  81.8   1.3125657653808594e+02   8.8776147200000000e+08   7.3706962944000000e+11   9.1220710400000000e+08   1.8429190400000000e+08   8.1199998863147008e+16   1.6969999902048256e+16 
  82.0   1.3372155761718750e+02   9.0195916800000000e+08   7.3969172480000000e+11   9.1338816000000000e+08   1.8311084800000000e+08   8.1199998863147008e+16   1.6969999902048256e+16 
  82.2   1.3560375976562500e+02   9.1293772800000000e+08   7.4240183500800000e+11   9.1409190400000000e+08   1.8240708800000000e+08   8.1199998863147008e+16   1.6969999902048256e+16 
  82.5   1.3702444458007812e+02   9.2136620800000000e+08   7.4516168704000000e+11   9.1443513600000000e+08   1.8206387200000000e+08   8.1199998863147008e+16   1.6969999902048256e+16 
  82.8   1.3809565734863281e+02   9.2786464000000000e+08   7.4794106880000000e+11   9.1451724800000000e+08   1.8198179200000000e+08   8.1199998863147008e+16   1.6969999902048256e+16 
  83.0   1.3891786193847656e+02   9.3298598400000000e+08   7.5071881216000000e+11   9.1441977600000000e+08   1.8207923200000000e+08   8.1199998863147008e+16   1.6969999902048256e+16 
  83.2   1.3957557678222656e+02   9.3719635200000000e+08   7.5348036812800000e+11   9.1420902400000000e+08   1.8228996800000000e+08   8.1199998863147008e+16   1.6969999902048256e+16 
  83.5   1.4013682556152344e+02   9.4086822400000000e+08   7.5621675827200000e+11   9.1393600000000000e+08   1.8256297600000000e+08   8.1199998863147008e+16   1.6969999902048256e+16 
  83.8   1.4065072631835938e+02   9.4427110400000000e+08   7.5892346060800000e+11   9.1363724800000000e+08   1.8286168000000000e+08   8.1199998863147008e+16   1.6969999902048256e+16 
  84.0   1.4114801025390625e+02   9.4757747200000000e+08   7.6159896780800000e+11   9.1333510400000000e+08   1.8316384000000000e+08   8.1199998863147008e+16   1.6969999902048256e+16 
