12.000 3.948612e-02 1.000000e+00 1 
12.000 6.085250e-06 1.000000e+00 1 
12.000 6.319927e-05 1.000000e+00 1 
12.000 3.780302e-03 1.000000e+00 1 
12.000 9.395230e-03 1.000000e+00 1 
12.000 4.670271e-02 1.000000e+00 1 
12.000 2.231346e-01 1.000000e+00 1 
12.000 1.244655e-01 1.000000e+00 1 
12.000 2.870689e-02 1.000000e+00 1 
12.000 4.235769e-03 9.999996e-01 1 
12.000 1.336455e-04 9.999977e-01 1 
12.250 1.219439e-03 9.999871e-01 1 
12.500 3.367524e-03 9.998928e-01 1 
12.750 8.070542e-03 9.995755e-01 1 
13.000 1.450410e-02 9.988210e-01 1 
13.250 2.264306e-02 9.973427e-01 1 
13.500 3.314685e-02 9.947829e-01 1 
13.750 4.485806e-02 9.907161e-01 1 
14.000 5.795865e-02 9.846524e-01 1 
14.250 7.300429e-02 9.760457e-01 1 
14.500 8.926359e-02 9.643030e-01 1 
14.750 1.059897e-01 9.487993e-01 1 
15.000 1.222727e-01 9.288973e-01 1 
15.250 1.377157e-01 9.039718e-01 1 
15.500 1.515492e-01 8.734419e-01 1 
15.750 1.626466e-01 8.368082e-01 1 
16.000 1.708160e-01 7.936981e-01 1 
16.250 1.757298e-01 7.439154e-01 1 
16.500 1.805392e-01 6.874956e-01 1 
16.750 1.907283e-01 6.247626e-01 1 
17.000 2.176597e-01 5.563855e-01 1 
17.250 2.755675e-01 4.834287e-01 1 
17.500 3.774627e-01 4.073929e-01 1 
17.750 5.379556e-01 3.302372e-01 1 
18.000 7.811275e-01 2.543785e-01 2 
18.250 1.154163e+00 1.826573e-01 0 
18.250 8.484181e-01 1.869178e-01 2 
18.250 7.039713e-02 1.503669e-01 1 
18.500 1.096696e+00 1.230874e-01 0 
18.500 8.235466e-01 1.258333e-01 2 
18.500 2.198105e-01 9.523587e-02 1 
18.750 1.243932e+00 7.125761e-02 0 
18.750 8.522844e-01 7.365692e-02 2 
18.750 7.153596e-01 5.019278e-02 1 
19.000 1.590253e+00 3.178066e-02 0 
19.000 9.120237e-01 3.367907e-02 2 
19.000 1.194079e+00 2.070199e-02 0 
19.000 8.302701e-01 2.143788e-02 2 
19.000 6.566772e-01 1.369965e-02 1 
19.250 1.727920e+00 7.902805e-03 0 
19.250 8.448993e-01 8.533909e-03 2 
19.250 2.049589e+00 4.735834e-03 0 
19.250 9.963126e-01 5.146700e-03 2 
19.250 1.640152e+00 3.147392e-03 0 
19.250 1.092842e+00 3.320774e-03 0 
19.250 9.098498e-01 3.392604e-03 2 
19.250 9.139944e-01 2.370875e-03 2 
19.250 9.858125e-01 1.583416e-03 2 
19.250 1.114496e+00 9.984985e-04 0 
19.250 8.470650e-01 1.026836e-03 2 
19.250 1.005739e+00 6.481745e-04 0 
19.250 8.062776e-01 6.627182e-04 2 
19.250 1.149421e+00 4.026306e-04 0 
19.250 8.135309e-01 4.164815e-04 2 
19.250 1.438308e+00 2.461456e-04 0 
19.250 9.029307e-01 2.591342e-04 2 
19.250 1.288502e+00 1.567191e-04 0 
19.250 8.841145e-01 1.632731e-04 2 
19.250 1.212137e+00 1.002153e-04 0 
19.250 8.628340e-01 1.038784e-04 2 
19.250 1.183779e+00 6.388304e-05 0 
19.250 8.550857e-01 6.611743e-05 2 
19.250 1.175311e+00 4.043645e-05 0 
19.250 8.474588e-01 4.185172e-05 2 
19.250 1.170074e+00 2.533712e-05 0 
19.250 8.414686e-01 2.623843e-05 2 
19.250 1.176991e+00 1.563830e-05 0 
19.250 8.357289e-01 1.622191e-05 2 
19.250 1.179004e+00 9.470656e-06 0 
19.250 8.287053e-01 9.842059e-06 2 
19.250 1.218606e+00 5.581953e-06 0 
19.250 8.297037e-01 5.829741e-06 2 
19.250 1.229533e+00 3.200858e-06 0 
19.250 8.264406e-01 3.354863e-06 2 
19.250 1.213208e+00 1.763725e-06 0 
19.250 8.159502e-01 1.853746e-06 2 
19.250 1.227105e+00 9.085731e-07 0 
19.250 8.119448e-01 9.622710e-07 2 
19.250 1.211851e+00 4.225982e-07 0 
19.250 8.049207e-01 4.517144e-07 2 
19.250 1.154603e+00 1.618282e-07 0 
19.250 7.928457e-01 1.752942e-07 2 
19.250 1.060830e+00 3.772373e-08 0 
19.250 7.774018e-01 4.224859e-08 2 
19.250 1.581516e-01 2.906209e-09 1 
19.500 9.973833e-02 0.000000e+00 1 
19.500 1.500295e-02 0.000000e+00 1 
19.500 3.193104e-03 0.000000e+00 1 
19.500 2.120715e-02 0.000000e+00 1 
19.500 4.001971e-01 0.000000e+00 1 
19.500 6.157463e-01 0.000000e+00 1 
19.500 6.920211e-01 0.000000e+00 1 
19.500 4.425663e-04 0.000000e+00 1 
19.750 7.169743e-01 0.000000e+00 1 
19.750 7.247357e-01 0.000000e+00 1 
19.750 7.263889e-01 0.000000e+00 1 
19.750 1.286128e-06 0.000000e+00 1 
20.000 7.243789e-01 0.000000e+00 1 
20.000 7.163565e-01 0.000000e+00 1 
20.000 6.720352e-01 0.000000e+00 1 
20.250 6.123543e-01 0.000000e+00 1 
20.250 5.078576e-01 0.000000e+00 1 
20.250 1.980065e-01 0.000000e+00 1 
20.500 1.567539e-01 0.000000e+00 1 
20.500 9.238730e-02 0.000000e+00 1 
20.750 1.313644e-02 0.000000e+00 1 
20.750 2.715545e-04 0.000000e+00 1 
21.000 5.823814e-04 0.000000e+00 1 
21.250 2.019382e-05 0.000000e+00 1 
21.500 7.001293e-07 0.000000e+00 1 
21.750 2.427371e-08 0.000000e+00 1 
22.000 8.415771e-10 0.000000e+00 1 
22.250 2.917791e-11 0.000000e+00 1 
22.500 1.011604e-12 0.000000e+00 1 
22.750 3.507272e-14 0.000000e+00 1 
23.000 1.215979e-15 0.000000e+00 1 
23.250 4.215829e-17 0.000000e+00 1 
23.500 1.461642e-18 0.000000e+00 1 
23.750 5.067531e-20 0.000000e+00 1 
24.000 1.757003e-21 0.000000e+00 1 
24.250 6.483746e-23 0.000000e+00 1 
24.500 0.000000e+00 0.000000e+00 1 
24.750 0.000000e+00 0.000000e+00 1 
25.000 0.000000e+00 0.000000e+00 1 
25.250 0.000000e+00 0.000000e+00 1 
25.500 0.000000e+00 0.000000e+00 1 
25.750 0.000000e+00 0.000000e+00 1 
26.000 0.000000e+00 0.000000e+00 1 
26.250 0.000000e+00 0.000000e+00 1 
26.500 0.000000e+00 0.000000e+00 1 
26.750 0.000000e+00 0.000000e+00 1 
27.000 0.000000e+00 0.000000e+00 1 
27.250 0.000000e+00 0.000000e+00 1 
27.500 0.000000e+00 0.000000e+00 1 
27.750 0.000000e+00 0.000000e+00 1 
28.000 0.000000e+00 0.000000e+00 1 
28.250 0.000000e+00 0.000000e+00 1 
28.500 2.932440e+01 2.051796e-03 0 
28.500 2.909102e+01 1.766963e-04 0 
28.500 2.881728e+01 1.517753e-05 0 
28.500 1.439549e+01 1.519457e-07 0 
28.500 1.203484e-01 1.519626e-09 1 
28.500 1.337266e-01 1.649095e-08 1 
28.500 5.316950e-01 6.124255e-08 1 
28.500 5.506117e-01 1.701330e-07 1 
28.500 5.127712e-01 3.537684e-07 1 
28.500 4.843596e-01 6.354790e-07 1 
28.500 4.714887e-01 1.054220e-06 1 
28.500 4.637699e-01 1.666547e-06 1 
28.500 4.544598e-01 2.551099e-06 1 
28.500 4.576264e-01 3.819777e-06 1 
28.500 4.545156e-01 5.626690e-06 1 
28.500 4.578715e-01 8.181209e-06 1 
28.500 4.536348e-01 1.177180e-05 1 
28.500 4.662867e-01 1.679592e-05 1 
28.500 4.578889e-01 2.377834e-05 1 
28.500 4.595554e-01 3.342736e-05 1 
28.500 4.565672e-01 4.675601e-05 1 
28.500 4.583644e-01 6.513216e-05 1 
28.500 4.644551e-01 9.043258e-05 1 
28.500 4.618778e-01 1.251072e-04 1 
28.500 4.781061e-01 1.724726e-04 1 
28.500 4.357590e-01 2.367530e-04 1 
28.500 5.177224e-01 3.246176e-04 1 
28.500 4.830425e-01 4.432443e-04 1 
28.500 4.752201e-01 5.997399e-04 1 
28.500 4.380266e-01 8.086127e-04 1 
28.500 3.770547e-01 1.091627e-03 1 
28.500 5.365441e-01 1.491413e-03 1 
28.500 4.895248e-01 2.040901e-03 1 
28.500 4.299110e-01 2.758787e-03 1 
28.500 4.353924e-01 3.728695e-03 1 
28.500 5.107430e-01 5.067676e-03 1 
28.500 5.007822e-01 6.865803e-03 1 
28.500 4.355426e-01 9.121479e-03 1 
28.750 1.538903e-01 1.185286e-02 1 
28.750 3.431933e-01 1.609005e-02 1 
28.750 4.613103e-01 2.333588e-02 1 
28.750 4.106332e-01 3.356849e-02 1 
29.000 3.505616e-01 4.647002e-02 1 
29.000 4.704251e-01 6.362413e-02 1 
29.000 3.863833e-02 8.038667e-02 1 
29.250 4.517298e-01 9.866799e-02 1 
29.250 3.171951e-01 1.280787e-01 1 
29.500 4.154839e-01 1.623658e-01 1 
29.500 1.368909e-01 1.974033e-01 1 
29.750 4.371453e-01 2.361973e-01 1 
29.750 4.364713e-02 2.755456e-01 1 
30.000 4.646192e-01 3.158378e-01 1 
30.000 1.667425e-02 3.579420e-01 1 
30.250 4.877323e-01 3.975126e-01 1 
30.500 4.124096e-01 4.738114e-01 1 
30.750 3.293311e-01 5.472564e-01 1 
31.000 2.691528e-01 6.162893e-01 1 
31.250 2.261973e-01 6.797915e-01 1 
31.500 1.960758e-01 7.370460e-01 1 
31.750 1.743215e-01 7.876875e-01 1 
32.000 1.575075e-01 8.316468e-01 1 
32.250 1.428893e-01 8.690935e-01 1 
32.500 1.290457e-01 9.003806e-01 1 
32.750 1.153561e-01 9.259938e-01 1 
33.000 1.016354e-01 9.465058e-01 1 
33.250 8.806416e-02 9.625380e-01 1 
33.500 7.468882e-02 9.747277e-01 1 
33.750 6.172549e-02 9.837027e-01 1 
34.000 4.966440e-02 9.900609e-01 1 
34.250 3.871058e-02 9.943552e-01 1 
34.500 2.874939e-02 9.970831e-01 1 
34.750 2.018744e-02 9.986787e-01 1 
35.000 1.320688e-02 9.995085e-01 1 
35.250 7.480884e-03 9.998683e-01 1 
35.500 3.493886e-03 9.999818e-01 1 
35.750 1.041932e-03 9.999997e-01 1 
36.000 2.393307e-04 9.999999e-01 1 
36.250 9.283171e-04 9.999871e-01 1 
36.500 3.225004e-03 9.998928e-01 1 
36.750 7.504456e-03 9.995755e-01 1 
37.000 1.328174e-02 9.988210e-01 1 
37.250 2.064093e-02 9.973427e-01 1 
37.500 2.975158e-02 9.947829e-01 1 
37.750 4.037806e-02 9.907161e-01 1 
38.000 5.245965e-02 9.846524e-01 1 
38.250 6.568905e-02 9.760457e-01 1 
38.500 7.985577e-02 9.643030e-01 1 
38.750 9.454646e-02 9.487993e-01 1 
39.000 1.091005e-01 9.288973e-01 1 
39.250 1.228802e-01 9.039718e-01 1 
39.500 1.354079e-01 8.734419e-01 1 
39.750 1.459624e-01 8.368082e-01 1 
40.000 1.543372e-01 7.936981e-01 1 
40.250 1.610366e-01 7.439154e-01 1 
40.500 1.687809e-01 6.874956e-01 1 
40.750 1.831775e-01 6.247626e-01 1 
41.000 2.133144e-01 5.563855e-01 1 
41.250 2.697535e-01 4.834287e-01 1 
41.500 3.624783e-01 4.073929e-01 1 
41.750 5.038682e-01 3.302372e-01 1 
42.000 7.150577e-01 2.543785e-01 1 
42.250 1.037334e+00 1.826573e-01 0 
42.250 8.023719e-01 1.859832e-01 2 
42.250 1.520071e-02 1.492345e-01 1 
42.500 1.115397e+00 1.218931e-01 0 
42.500 8.138053e-01 1.248944e-01 2 
42.500 5.035246e-02 9.413979e-02 1 
42.750 1.197165e+00 7.047200e-02 0 
42.750 8.108837e-01 7.282314e-02 2 
42.750 3.578035e-01 4.927540e-02 1 
43.000 1.501747e+00 3.108587e-02 0 
43.000 7.965795e-01 3.299413e-02 2 
43.000 1.201111e+00 1.872704e-02 0 
43.000 7.205225e-01 1.955036e-02 1 
43.000 2.918314e-01 1.246456e-02 1 
43.250 1.884433e+00 7.399802e-03 0 
43.250 6.407899e-01 8.205629e-03 1 
43.250 2.327721e+00 3.885813e-03 0 
43.250 5.918501e-01 4.396630e-03 1 
43.250 2.678241e+00 2.206208e-03 0 
43.250 1.092570e+00 2.494579e-03 0 
43.250 8.239933e-01 2.564068e-03 2 
43.250 1.136614e+00 1.586433e-03 0 
43.250 8.378006e-01 1.637378e-03 2 
43.250 1.350007e+00 9.927857e-04 0 
43.250 8.824888e-01 1.037836e-03 2 
43.250 1.319729e+00 6.393639e-04 0 
43.250 9.191827e-01 6.661047e-04 2 
43.250 1.164393e+00 4.199936e-04 0 
43.250 8.638082e-01 4.332361e-04 2 
43.250 1.129391e+00 2.743035e-04 0 
43.250 8.555204e-01 2.824390e-04 2 
43.250 1.093520e+00 1.775326e-04 0 
43.250 8.319101e-01 1.825295e-04 2 
43.250 1.238905e+00 1.126233e-04 0 
43.250 8.714452e-01 1.169013e-04 2 
43.250 1.193851e+00 7.227721e-05 0 
43.250 8.643396e-01 7.480930e-05 2 
43.250 1.130250e+00 4.622596e-05 0 
43.250 8.384905e-01 4.768142e-05 2 
43.250 1.168820e+00 2.902493e-05 0 
43.250 8.423476e-01 3.004456e-05 2 
43.250 1.182023e+00 1.801118e-05 0 
43.250 8.402084e-01 1.868009e-05 2 
43.250 1.157768e+00 1.100685e-05 0 
43.250 8.259043e-01 1.141465e-05 2 
43.250 1.218379e+00 6.529323e-06 0 
43.250 8.308589e-01 6.814208e-06 2 
43.250 1.222656e+00 3.784315e-06 0 
43.250 8.259754e-01 3.960531e-06 2 
43.250 1.241147e+00 2.113166e-06 0 
43.250 8.228037e-01 2.222451e-06 2 
43.250 1.229313e+00 1.122674e-06 0 
43.250 8.145208e-01 1.185765e-06 2 
43.250 1.220325e+00 5.482243e-07 0 
43.250 8.068041e-01 5.835337e-07 2 
43.250 1.194215e+00 2.309999e-07 0 
43.250 7.984508e-01 2.490002e-07 2 
43.250 1.119234e+00 7.092975e-08 0 
43.250 7.849488e-01 7.817686e-08 2 
43.250 7.024150e-01 8.956691e-09 1 
43.500 1.136645e-01 0.000000e+00 1 
43.500 1.519238e-02 0.000000e+00 1 
43.500 3.137713e-03 0.000000e+00 1 
43.500 2.831886e-02 0.000000e+00 1 
43.500 4.101522e-01 0.000000e+00 1 
43.500 6.195191e-01 0.000000e+00 1 
43.500 6.932568e-01 0.000000e+00 1 
43.500 1.324211e-01 0.000000e+00 1 
43.750 7.171170e-01 0.000000e+00 1 
43.750 7.242125e-01 0.000000e+00 1 
43.750 7.245102e-01 0.000000e+00 1 
43.750 1.252764e-01 0.000000e+00 1 
44.000 7.103903e-01 0.000000e+00 1 
44.000 6.823795e-01 0.000000e+00 1 
44.000 6.089617e-01 0.000000e+00 1 
44.000 4.946792e-02 0.000000e+00 1 
44.250 3.730032e-01 0.000000e+00 1 
44.250 2.414012e-01 0.000000e+00 1 
44.250 3.115868e-02 0.000000e+00 1 
44.500 3.852830e-02 0.000000e+00 1 
44.500 1.893874e-03 0.000000e+00 1 
44.750 1.213734e-03 0.000000e+00 1 
45.000 7.709963e-05 0.000000e+00 1 
45.250 4.896599e-06 0.000000e+00 1 
45.500 3.109786e-07 0.000000e+00 1 
45.750 1.974991e-08 0.000000e+00 1 
46.000 1.254298e-09 0.000000e+00 1 
46.250 7.965908e-11 0.000000e+00 1 
46.500 5.059051e-12 0.000000e+00 1 
46.750 3.212950e-13 0.000000e+00 1 
47.000 2.040506e-14 0.000000e+00 1 
47.250 1.295905e-15 0.000000e+00 1 
47.500 8.230156e-17 0.000000e+00 1 
47.750 5.226876e-18 0.000000e+00 1 
48.000 3.319523e-19 0.000000e+00 1 
48.250 2.108195e-20 0.000000e+00 1 
48.500 1.338753e-21 0.000000e+00 1 
48.750 8.370479e-23 0.000000e+00 1 
49.000 0.000000e+00 0.000000e+00 1 
49.250 0.000000e+00 0.000000e+00 1 
49.500 0.000000e+00 0.000000e+00 1 
49.750 0.000000e+00 0.000000e+00 1 
50.000 0.000000e+00 0.000000e+00 1 
50.250 0.000000e+00 0.000000e+00 1 
50.500 0.000000e+00 0.000000e+00 1 
50.750 0.000000e+00 0.000000e+00 1 
51.000 0.000000e+00 0.000000e+00 1 
51.250 0.000000e+00 0.000000e+00 1 
51.500 0.000000e+00 0.000000e+00 1 
51.750 0.000000e+00 0.000000e+00 1 
52.000 0.000000e+00 0.000000e+00 1 
52.250 0.000000e+00 0.000000e+00 1 
52.500 2.934657e+01 2.051796e-03 0 
52.500 2.911599e+01 1.766075e-04 0 
52.500 2.883854e+01 1.516122e-05 0 
52.500 1.500375e+01 1.517823e-07 0 
52.500 1.371130e-01 1.517993e-09 1 
52.500 1.517475e-01 1.647322e-08 1 
52.500 5.373511e-01 5.978511e-08 1 
52.500 5.470091e-01 1.618927e-07 1 
52.500 5.077129e-01 3.324850e-07 1 
52.500 4.821698e-01 5.938003e-07 1 
52.500 4.677031e-01 9.824110e-07 1 
52.500 4.607008e-01 1.551350e-06 1 
52.500 4.561936e-01 2.375090e-06 1 
52.500 4.551686e-01 3.557355e-06 1 
52.500 4.550860e-01 5.241780e-06 1 
52.500 4.552553e-01 7.625417e-06 1 
52.500 4.524612e-01 1.097911e-05 1 
52.500 4.562335e-01 1.568037e-05 1 
52.500 4.570737e-01 2.224477e-05 1 
52.500 4.592543e-01 3.136520e-05 1 
52.500 4.646154e-01 4.398658e-05 1 
52.500 4.640583e-01 6.135872e-05 1 
52.500 4.585572e-01 8.516267e-05 1 
52.500 4.445458e-01 1.177763e-04 1 
52.500 4.663273e-01 1.627215e-04 1 
52.500 4.646675e-01 2.244830e-04 1 
52.500 4.784951e-01 3.085714e-04 1 
52.500 4.430831e-01 4.223620e-04 1 
52.500 4.670635e-01 5.771810e-04 1 
52.500 4.886751e-01 7.887893e-04 1 
52.500 4.287403e-01 1.072912e-03 1 
52.500 3.973923e-01 1.458704e-03 1 
52.500 4.748517e-01 2.002437e-03 1 
52.500 4.936397e-01 2.759192e-03 1 
52.500 3.989802e-01 3.772366e-03 1 
52.500 4.211496e-01 5.162975e-03 1 
52.500 4.660393e-01 7.130135e-03 1 
52.500 3.285049e-01 9.379722e-03 1 
52.750 3.116966e-02 1.204260e-02 1 
52.750 1.124034e+00 1.914240e-02 0 
52.750 7.781893e-01 1.842118e-02 2 
52.750 3.613583e-01 3.023928e-02 1 
52.750 1.983588e-01 3.902836e-02 1 
53.000 5.900525e-01 4.893065e-02 1 
53.000 4.167047e-01 7.162447e-02 1 
53.250 3.338234e-01 9.880062e-02 1 
53.250 2.179768e-01 1.282674e-01 1 
53.500 4.396031e-01 1.644255e-01 1 
53.500 4.580593e-02 2.002229e-01 1 
53.750 4.785189e-01 2.384539e-01 1 
53.750 2.119445e-02 2.785515e-01 1 
54.000 4.992346e-01 3.176980e-01 1 
54.000 7.330939e-03 3.603669e-01 1 
54.250 4.750423e-01 3.975126e-01 1 
54.500 3.992475e-01 4.738114e-01 1 
54.750 3.227765e-01 5.472564e-01 1 
55.000 2.646143e-01 6.162893e-01 1 
55.250 2.212344e-01 6.797915e-01 1 
55.500 1.895364e-01 7.370460e-01 1 
55.750 1.659821e-01 7.876875e-01 1 
56.000 1.475643e-01 8.316468e-01 1 
56.250 1.320038e-01 8.690935e-01 1 
56.500 1.178259e-01 9.003806e-01 1 
56.750 1.043775e-01 9.259938e-01 1 
57.000 9.133403e-02 9.465058e-01 1 
57.250 7.860699e-02 9.625380e-01 1 
57.500 6.632957e-02 9.747277e-01 1 
57.750 5.466278e-02 9.837027e-01 1 
58.000 4.379348e-02 9.900609e-01 1 
58.250 3.389218e-02 9.943552e-01 1 
58.500 2.521176e-02 9.970831e-01 1 
58.750 1.765059e-02 9.986787e-01 1 
59.000 1.139501e-02 9.995085e-01 1 
59.250 6.454251e-03 9.998683e-01 1 
59.500 2.926235e-03 9.999818e-01 1 
59.750 7.696873e-04 9.999997e-01 1 
60.000 1.424451e-04 9.999999e-01 1 
60.250 8.615607e-04 9.999871e-01 1 
60.500 3.025857e-03 9.998928e-01 1 
60.750 6.644489e-03 9.995755e-01 1 
61.000 1.182512e-02 9.988210e-01 1 
61.250 1.835820e-02 9.973427e-01 1 
61.500 2.633618e-02 9.947829e-01 1 
61.750 3.555639e-02 9.907161e-01 1 
62.000 4.609659e-02 9.846524e-01 1 
62.250 5.767101e-02 9.760457e-01 1 
62.500 7.000241e-02 9.643030e-01 1 
62.750 8.285837e-02 9.487993e-01 1 
63.000 9.557918e-02 9.288973e-01 1 
63.250 1.079362e-01 9.039718e-01 1 
63.500 1.193771e-01 8.734419e-01 1 
63.750 1.294526e-01 8.368082e-01 1 
64.000 1.384867e-01 7.936981e-01 1 
64.250 1.472631e-01 7.439154e-01 1 
64.500 1.584547e-01 6.874956e-01 1 
64.750 1.770017e-01 6.247626e-01 1 
65.000 2.097259e-01 5.563855e-01 1 
65.250 2.640805e-01 4.834287e-01 1 
65.500 3.477226e-01 4.073929e-01 1 
65.750 4.706611e-01 3.302372e-01 1 
66.000 6.508135e-01 2.543785e-01 1 
66.250 9.227931e-01 1.826573e-01 2 
66.500 1.364942e+00 1.182653e-01 0 
66.500 8.203559e-01 1.232020e-01 2 
66.500 1.382956e-01 9.216913e-02 1 
66.750 1.250905e+00 6.920751e-02 0 
66.750 7.897456e-01 7.194218e-02 2 
66.750 3.561013e-02 4.830947e-02 1 
67.000 1.410007e+00 3.041621e-02 0 
67.000 6.955138e-01 3.229196e-02 1 
67.000 9.762223e-01 1.702948e-02 2 
67.250 2.583875e+00 6.453874e-03 0 
67.250 1.926869e-01 7.759576e-03 1 
67.250 4.627337e+00 2.916724e-03 0 
67.250 1.739640e-01 3.705911e-03 1 
67.250 3.293456e+00 1.791552e-03 0 
67.250 1.456002e+00 2.073014e-03 0 
67.250 1.070567e+00 2.165942e-03 0 
67.250 2.864239e-01 2.503938e-03 1 
67.250 2.759839e-02 2.415493e-03 1 
67.250 8.879192e-02 2.254952e-03 1 
67.250 2.880286e-01 1.905087e-03 1 
67.250 6.600205e-01 1.400389e-03 1 
67.250 1.170149e+00 8.982017e-04 0 
67.250 8.553622e-01 9.274131e-04 2 
67.250 1.207969e+00 5.809095e-04 0 
67.250 8.787984e-01 6.011600e-04 2 
67.250 1.112581e+00 3.779004e-04 0 
67.250 8.407734e-01 3.889055e-04 2 
67.250 1.224002e+00 2.416057e-04 0 
67.250 8.708534e-01 2.504293e-04 2 
67.250 1.219755e+00 1.559108e-04 0 
67.250 8.781251e-01 1.615016e-04 2 
67.250 1.134897e+00 1.011760e-04 0 
67.250 8.494354e-01 1.042767e-04 2 
67.250 1.112675e+00 6.482206e-05 0 
67.250 8.345308e-01 6.677345e-05 2 
67.250 1.174834e+00 4.074038e-05 0 
67.250 8.432896e-01 4.217980e-05 2 
67.250 1.195494e+00 2.537766e-05 0 
67.250 8.451717e-01 2.633271e-05 2 
67.250 1.190889e+00 1.563795e-05 0 
67.250 8.377320e-01 1.623910e-05 2 
67.250 1.204814e+00 9.467465e-06 0 
67.250 8.348659e-01 9.855238e-06 2 
67.250 1.210527e+00 5.613603e-06 0 
67.250 8.293584e-01 5.857280e-06 2 
67.250 1.220255e+00 3.232671e-06 0 
67.250 8.241152e-01 3.384580e-06 2 
67.250 1.230736e+00 1.788089e-06 0 
67.250 8.189375e-01 1.880943e-06 2 
67.250 1.236606e+00 9.330157e-07 0 
67.250 8.133696e-01 9.877480e-07 2 
67.250 1.225417e+00 4.440731e-07 0 
67.250 8.059011e-01 4.741869e-07 2 
67.250 1.186220e+00 1.786759e-07 0 
67.250 7.957243e-01 1.933685e-07 2 
67.250 1.106831e+00 4.869920e-08 0 
67.250 7.820836e-01 5.423412e-08 2 
67.250 3.876940e-01 5.143145e-09 1 
67.500 1.144255e-01 0.000000e+00 1 
67.500 2.034017e-02 0.000000e+00 1 
67.500 3.754980e-03 0.000000e+00 1 
67.500 2.111489e-02 0.000000e+00 1 
67.500 3.999684e-01 0.000000e+00 1 
67.500 6.156548e-01 0.000000e+00 1 
67.500 6.919564e-01 0.000000e+00 1 
67.500 4.572563e-01 0.000000e+00 1 
67.750 7.163618e-01 0.000000e+00 1 
67.750 7.232717e-01 0.000000e+00 1 
67.750 7.221165e-01 0.000000e+00 1 
67.750 3.859933e-01 0.000000e+00 1 
68.000 6.852208e-01 0.000000e+00 1 
68.000 6.294373e-01 0.000000e+00 1 
68.000 5.058237e-01 0.000000e+00 1 
68.000 8.576015e-02 0.000000e+00 1 
68.250 1.982698e-01 0.000000e+00 1 
68.250 1.264954e-01 0.000000e+00 1 
68.250 1.634510e-03 0.000000e+00 1 
68.500 1.441284e-02 0.000000e+00 1 
68.500 1.279631e-05 0.000000e+00 1 
68.750 6.334054e-04 0.000000e+00 1 
69.000 4.903787e-05 0.000000e+00 1 
69.250 3.796141e-06 0.000000e+00 1 
69.500 2.938659e-07 0.000000e+00 1 
69.750 2.274860e-08 0.000000e+00 1 
70.000 1.761004e-09 0.000000e+00 1 
70.250 1.363226e-10 0.000000e+00 1 
70.500 1.055294e-11 0.000000e+00 1 
70.750 8.169217e-13 0.000000e+00 1 
71.000 6.323940e-14 0.000000e+00 1 
71.250 4.895453e-15 0.000000e+00 1 
71.500 3.789644e-16 0.000000e+00 1 
71.750 2.933628e-17 0.000000e+00 1 
72.000 2.270971e-18 0.000000e+00 1 
72.250 1.757999e-19 0.000000e+00 1 
72.500 1.360897e-20 0.000000e+00 1 
72.750 1.053484e-21 0.000000e+00 1 
73.000 8.370479e-23 0.000000e+00 1 
73.250 0.000000e+00 0.000000e+00 1 
73.500 0.000000e+00 0.000000e+00 1 
73.750 0.000000e+00 0.000000e+00 1 
74.000 0.000000e+00 0.000000e+00 1 
74.250 0.000000e+00 0.000000e+00 1 
74.500 0.000000e+00 0.000000e+00 1 
74.750 0.000000e+00 0.000000e+00 1 
75.000 0.000000e+00 0.000000e+00 1 
75.250 0.000000e+00 0.000000e+00 1 
75.500 0.000000e+00 0.000000e+00 1 
75.750 0.000000e+00 0.000000e+00 1 
76.000 0.000000e+00 0.000000e+00 1 
76.250 0.000000e+00 0.000000e+00 1 
76.500 2.935862e+01 2.051796e-03 0 
76.500 2.913040e+01 1.765593e-04 0 
76.500 2.885054e+01 1.515207e-05 0 
76.500 1.533894e+01 1.516907e-07 0 
76.500 1.474709e-01 1.517076e-09 1 
76.500 1.628226e-01 1.646327e-08 1 
76.500 5.405462e-01 5.900576e-08 1 
76.500 5.447547e-01 1.575376e-07 1 
76.500 5.052680e-01 3.213108e-07 1 
76.500 4.799505e-01 5.719633e-07 1 
76.500 4.663593e-01 9.448912e-07 1 
76.500 4.592284e-01 1.491306e-06 1 
76.500 4.562473e-01 2.283142e-06 1 
76.500 4.552542e-01 3.420294e-06 1 
76.500 4.542753e-01 5.040495e-06 1 
76.500 4.516076e-01 7.334016e-06 1 
76.500 4.562160e-01 1.056680e-05 1 
76.500 4.582369e-01 1.510047e-05 1 
76.500 4.567367e-01 2.141787e-05 1 
76.500 4.542323e-01 3.018820e-05 1 
76.500 4.646172e-01 4.234777e-05 1 
76.500 4.590059e-01 5.912143e-05 1 
76.500 4.608313e-01 8.215716e-05 1 
76.500 4.676590e-01 1.137749e-04 1 
76.500 4.599872e-01 1.569588e-04 1 
76.500 4.718044e-01 2.158321e-04 1 
76.500 4.556230e-01 2.958716e-04 1 
76.500 4.631091e-01 4.046398e-04 1 
76.500 4.784155e-01 5.528296e-04 1 
76.500 4.642107e-01 7.528670e-04 1 
76.500 4.471854e-01 1.022146e-03 1 
76.500 4.922883e-01 1.388416e-03 1 
76.500 5.291958e-01 1.881968e-03 1 
76.500 4.737682e-01 2.526386e-03 1 
76.500 4.735572e-01 3.367645e-03 1 
76.500 4.721037e-01 4.485140e-03 1 
76.500 4.630553e-01 5.968917e-03 1 
76.500 3.938073e-01 7.944374e-03 1 
76.500 5.252163e-02 9.835604e-03 1 
76.750 2.458115e-01 1.201745e-02 1 
76.750 3.143332e-01 1.642820e-02 1 
76.750 1.189949e-01 2.354669e-02 1 
76.750 7.083865e-02 3.367559e-02 1 
77.000 4.642030e-01 4.998156e-02 1 
77.000 1.359910e-01 7.322106e-02 1 
77.250 4.173144e-01 1.014882e-01 1 
77.250 7.889937e-02 1.320923e-01 1 
77.500 5.025876e-01 1.668676e-01 1 
77.500 8.363131e-02 2.035656e-01 1 
77.750 5.212466e-01 2.403811e-01 1 
77.750 5.901441e-02 2.811178e-01 1 
78.000 5.285764e-01 3.190861e-01 1 
78.000 2.615320e-02 3.621759e-01 1 
78.250 4.728745e-01 3.975126e-01 1 
78.500 3.908781e-01 4.738114e-01 1 
78.750 3.187292e-01 5.472564e-01 1 
79.000 2.607886e-01 6.162893e-01 1 
79.250 2.158195e-01 6.797915e-01 1 
79.500 1.816273e-01 7.370460e-01 1 
79.750 1.556336e-01 7.876875e-01 1 
80.000 1.353528e-01 8.316468e-01 1 
80.250 1.187717e-01 8.690935e-01 1 
80.500 1.044164e-01 9.003806e-01 1 
80.750 9.127682e-02 9.259938e-01 1 
81.000 7.909699e-02 9.465058e-01 1 
81.250 6.760219e-02 9.625380e-01 1 
81.500 5.669526e-02 9.747277e-01 1 
81.750 4.650885e-02 9.837027e-01 1 
82.000 3.708694e-02 9.900609e-01 1 
82.250 2.858861e-02 9.943552e-01 1 
82.500 2.113754e-02 9.970831e-01 1 
82.750 1.473426e-02 9.986787e-01 1 
83.000 9.421500e-03 9.995085e-01 1 
83.250 5.269260e-03 9.998683e-01 1 
83.500 2.399978e-03 9.999818e-01 1 
83.750 6.837068e-04 9.999997e-01 1 
84.000 1.546978e-04 9.999999e-01 1 
