12.000 1.439011e-01 1.000000e+00 1 
12.000 1.259222e-02 1.000000e+00 1 
12.000 7.867259e-03 1.000000e+00 1 
12.000 1.792520e-02 1.000000e+00 1 
12.000 3.651873e-02 1.000000e+00 1 
12.000 1.868960e-02 1.000000e+00 1 
12.000 5.389642e-03 1.000000e+00 1 
12.000 4.480227e-02 1.000000e+00 1 
12.000 3.940513e-02 1.000000e+00 1 
12.000 2.313798e-02 1.000000e+00 1 
12.000 3.080366e-02 1.000000e+00 1 
12.000 1.108679e-02 1.000000e+00 1 
12.000 1.317266e-02 9.999998e-01 1 
12.000 2.531153e-03 9.999921e-01 1 
12.000 4.750792e-02 9.992204e-01 1 
13.000 7.933793e-02 9.921661e-01 1 
13.000 5.390302e-03 9.875747e-01 1 
14.000 4.036288e-01 9.381533e-01 1 
15.000 6.617850e-01 8.133019e-01 2 
16.000 1.929106e+01 5.868241e-01 0 
16.000 3.460711e+00 7.286744e-01 0 
16.000 1.644490e+00 7.596757e-01 0 
16.000 1.190693e-01 8.083256e-01 1 
16.000 1.432499e-02 8.032639e-01 1 
16.000 1.326525e-02 7.896943e-01 1 
16.000 1.496995e-01 7.508869e-01 1 
16.000 1.445617e-01 6.875473e-01 1 
16.000 1.228295e-02 5.868241e-01 1 
17.000 4.503436e-03 4.672374e-01 1 
17.000 8.573151e-03 2.871104e-01 1 
18.000 9.157565e-02 4.043233e-02 1 
19.000 5.551392e-01 0.000000e+00 1 
20.000 9.842510e+00 0.000000e+00 0 
20.000 9.842504e+00 0.000000e+00 0 
20.000 9.682630e+00 0.000000e+00 0 
20.000 3.967064e-01 0.000000e+00 1 
20.000 1.326421e-01 0.000000e+00 1 
20.000 1.632495e-01 0.000000e+00 1 
20.000 2.015351e-01 0.000000e+00 1 
20.000 1.213408e-01 0.000000e+00 1 
20.000 1.458247e-02 0.000000e+00 1 
20.000 9.737975e-04 0.000000e+00 1 
20.000 3.723360e-04 0.000000e+00 1 
21.000 2.379696e-02 0.000000e+00 1 
22.000 8.144122e-02 0.000000e+00 1 
23.000 3.773279e-01 0.000000e+00 1 
24.000 3.904344e+00 0.000000e+00 0 
24.000 3.841222e+00 0.000000e+00 0 
24.000 4.381240e-01 0.000000e+00 1 
24.000 2.048331e-01 0.000000e+00 1 
24.000 8.184466e-03 0.000000e+00 1 
25.000 2.616186e-03 0.000000e+00 1 
25.000 2.947245e-04 0.000000e+00 1 
26.000 3.036506e-04 0.000000e+00 1 
27.000 2.996086e-04 0.000000e+00 1 
28.000 4.447209e+00 4.043233e-02 0 
28.000 1.162670e-01 2.474285e-03 1 
28.000 2.975369e+00 4.043233e-02 0 
28.000 3.993914e-01 2.391568e-02 1 
28.000 2.053837e-02 4.043233e-02 1 
29.000 3.879393e-01 8.871025e-02 1 
29.000 1.092907e+00 1.602170e-01 0 
29.000 6.667656e-01 1.509101e-01 2 
29.000 6.163794e-01 2.225911e-01 1 
29.000 2.204210e-01 2.871104e-01 1 
30.000 1.100650e-01 3.683731e-01 1 
30.000 1.204543e-01 4.944695e-01 1 
30.000 1.773078e-02 5.868241e-01 1 
31.000 3.919535e-02 7.419131e-01 1 
31.000 8.009462e-03 8.133019e-01 1 
32.000 8.852427e-02 9.381533e-01 1 
33.000 3.057331e-02 9.875747e-01 1 
34.000 2.609340e-02 9.992204e-01 1 
35.000 2.286881e-02 1.000000e+00 1 
36.000 2.149298e-02 9.992204e-01 1 
37.000 2.176515e-02 9.875747e-01 1 
38.000 2.257811e-02 9.381533e-01 1 
39.000 2.098593e-02 8.133019e-01 1 
40.000 1.833198e-02 5.868241e-01 1 
41.000 5.002717e-02 2.871104e-01 1 
42.000 1.918173e-01 4.043233e-02 1 
43.000 3.666639e+00 0.000000e+00 0 
43.000 3.641646e+00 0.000000e+00 0 
43.000 4.984031e-01 1.009864e-03 1 
43.000 2.565719e+00 0.000000e+00 0 
43.000 1.223452e+00 0.000000e+00 0 
43.000 8.644153e-01 0.000000e+00 2 
43.000 1.016852e-01 0.000000e+00 1 
43.000 7.698654e-02 0.000000e+00 1 
44.000 1.007567e-02 0.000000e+00 1 
44.000 3.047390e-03 0.000000e+00 1 
45.000 1.526827e-02 0.000000e+00 1 
46.000 2.936254e-03 0.000000e+00 1 
47.000 5.437942e-04 0.000000e+00 1 
48.000 1.184004e-04 0.000000e+00 1 
49.000 2.720301e-05 0.000000e+00 1 
50.000 6.197480e-06 0.000000e+00 1 
51.000 1.847983e-06 0.000000e+00 1 
52.000 5.922208e+00 4.043233e-02 0 
52.000 6.183196e-02 1.027380e-03 1 
52.000 6.225263e+00 4.043233e-02 0 
52.000 2.796605e-01 1.690105e-02 1 
52.000 2.439699e-02 4.043233e-02 1 
53.000 1.766844e-01 8.457259e-02 1 
53.000 4.727164e-01 1.649813e-01 1 
53.000 4.878026e-01 2.686718e-01 1 
53.000 1.722365e-02 2.871104e-01 1 
54.000 5.134184e-02 4.074263e-01 1 
54.000 5.253376e-02 5.868241e-01 1 
55.000 2.626480e-02 7.643303e-01 1 
55.000 7.224951e-04 8.133019e-01 1 
56.000 3.480778e-02 9.381533e-01 1 
57.000 1.702289e-02 9.875747e-01 1 
58.000 5.996961e-03 9.992204e-01 1 
59.000 2.315171e-03 1.000000e+00 1 
60.000 1.491247e-03 9.992204e-01 1 
61.000 3.212354e-03 9.875747e-01 1 
62.000 5.096136e-03 9.381533e-01 1 
63.000 5.745894e-03 8.133019e-01 1 
64.000 9.163787e-03 5.868241e-01 1 
65.000 4.570043e-02 2.871104e-01 1 
66.000 1.791833e-01 4.043233e-02 1 
67.000 3.849733e+00 0.000000e+00 0 
67.000 3.379116e+00 0.000000e+00 0 
67.000 4.197368e-01 9.381286e-04 1 
67.000 1.289338e+00 0.000000e+00 0 
67.000 9.866314e-01 0.000000e+00 2 
67.000 1.191781e-01 0.000000e+00 1 
68.000 6.548810e-02 0.000000e+00 1 
68.000 1.522435e-02 0.000000e+00 1 
68.000 3.934594e-03 0.000000e+00 1 
69.000 1.441203e-02 0.000000e+00 1 
70.000 1.075346e-02 0.000000e+00 1 
71.000 2.493933e-03 0.000000e+00 1 
72.000 5.116068e-04 0.000000e+00 1 
73.000 1.204752e-04 0.000000e+00 1 
74.000 2.994190e-05 0.000000e+00 1 
75.000 7.378776e-06 0.000000e+00 1 
76.000 9.338371e+00 4.043233e-02 0 
76.000 2.393552e-02 3.857886e-05 1 
76.000 8.053369e+00 4.043233e-02 0 
76.000 2.915763e-01 1.264594e-02 1 
76.000 7.284520e-02 4.043233e-02 1 
77.000 2.778646e-01 8.841721e-02 1 
77.000 5.049437e-01 1.662661e-01 1 
77.000 4.332146e-01 2.640730e-01 1 
77.000 1.788125e-02 2.871104e-01 1 
78.000 4.349172e-02 4.041651e-01 1 
78.000 5.766075e-02 5.868241e-01 1 
79.000 3.656288e-02 7.664356e-01 1 
79.000 9.151891e-04 8.133019e-01 1 
80.000 2.877473e-02 9.381533e-01 1 
81.000 1.281251e-02 9.875747e-01 1 
82.000 6.449206e-03 9.992204e-01 1 
83.000 3.076875e-03 1.000000e+00 1 
84.000 1.940644e-03 9.992204e-01 1 
85.000 2.767943e-03 9.875747e-01 1 
86.000 3.727243e-03 9.381533e-01 1 
87.000 4.414032e-03 8.133019e-01 1 
88.000 8.409358e-03 5.868241e-01 1 
89.000 3.913303e-02 2.871104e-01 1 
90.000 1.669121e-01 4.043233e-02 1 
91.000 3.300988e+00 0.000000e+00 0 
91.000 2.830228e+00 0.000000e+00 0 
91.000 5.067974e-01 2.350646e-04 1 
91.000 1.217763e+00 0.000000e+00 0 
91.000 9.706796e-01 0.000000e+00 2 
91.000 1.418454e-01 0.000000e+00 1 
92.000 6.608088e-02 0.000000e+00 1 
92.000 1.548714e-02 0.000000e+00 1 
92.000 1.311031e-05 0.000000e+00 1 
93.000 1.166260e-02 0.000000e+00 1 
94.000 1.035381e-02 0.000000e+00 1 
95.000 3.586074e-03 0.000000e+00 1 
96.000 9.196966e-04 0.000000e+00 1 
97.000 2.235148e-04 0.000000e+00 1 
98.000 5.740214e-05 0.000000e+00 1 
99.000 1.517499e-05 0.000000e+00 1 
100.000 5.288969e+00 4.043233e-02 0 
100.000 6.389262e-02 1.513162e-03 1 
100.000 5.609790e+00 4.043233e-02 0 
100.000 3.647939e-01 1.829447e-02 1 
100.000 2.742737e-02 4.043233e-02 1 
101.000 1.688622e-01 8.387659e-02 1 
101.000 4.279744e-01 1.638723e-01 1 
101.000 4.854747e-01 2.698812e-01 1 
101.000 1.816843e-02 2.871104e-01 1 
102.000 5.262961e-02 4.102901e-01 1 
102.000 6.007484e-02 5.868241e-01 1 
103.000 4.149974e-02 7.669308e-01 1 
103.000 1.015032e-03 8.133019e-01 1 
104.000 2.557956e-02 9.381533e-01 1 
105.000 7.517429e-03 9.875747e-01 1 
106.000 3.487284e-03 9.992204e-01 1 
107.000 1.826371e-03 1.000000e+00 1 
108.000 1.147249e-03 9.992204e-01 1 
109.000 1.329390e-03 9.875747e-01 1 
110.000 1.862961e-03 9.381533e-01 1 
111.000 2.526068e-03 8.133019e-01 1 
112.000 5.978496e-03 5.868241e-01 1 
113.000 3.369396e-02 2.871104e-01 1 
114.000 1.577436e-01 4.043233e-02 1 
115.000 1.818259e+00 0.000000e+00 0 
115.000 4.602534e-01 0.000000e+00 1 
115.000 9.354134e+00 0.000000e+00 0 
115.000 9.354143e+00 0.000000e+00 0 
115.000 3.843821e+00 0.000000e+00 0 
115.000 6.804755e-03 0.000000e+00 1 
115.000 3.695682e-03 0.000000e+00 1 
115.000 7.982893e-02 0.000000e+00 1 
115.000 8.614650e+00 0.000000e+00 0 
115.000 6.220778e-01 0.000000e+00 1 
115.000 5.980069e+00 0.000000e+00 0 
115.000 9.185585e+00 0.000000e+00 0 
115.000 9.185587e+00 0.000000e+00 0 
115.000 7.005345e-04 0.000000e+00 1 
115.000 5.191987e-04 0.000000e+00 1 
115.000 9.177071e+00 0.000000e+00 0 
115.000 5.058835e-01 0.000000e+00 1 
115.000 6.294470e+00 0.000000e+00 0 
115.000 9.185587e+00 0.000000e+00 0 
115.000 7.111715e+00 0.000000e+00 0 
115.000 6.952746e-05 0.000000e+00 1 
115.000 1.261324e-04 0.000000e+00 1 
115.000 5.562129e+00 0.000000e+00 0 
115.000 9.952185e-02 0.000000e+00 1 
115.000 9.185587e+00 0.000000e+00 0 
115.000 2.511238e+00 0.000000e+00 0 
115.000 8.330476e-02 0.000000e+00 1 
115.000 9.185587e+00 0.000000e+00 0 
115.000 3.068056e+00 0.000000e+00 0 
115.000 6.917891e-02 0.000000e+00 1 
115.000 9.185581e+00 0.000000e+00 0 
115.000 7.737331e-01 0.000000e+00 2 
115.000 5.515682e+00 0.000000e+00 0 
115.000 8.614573e+00 0.000000e+00 0 
115.000 9.842510e+00 0.000000e+00 0 
115.000 6.715918e-04 0.000000e+00 1 
115.000 2.035241e-03 0.000000e+00 1 
115.000 9.181157e+00 0.000000e+00 0 
115.000 7.642746e-01 0.000000e+00 2 
115.000 5.323077e+00 0.000000e+00 0 
115.000 9.180066e+00 0.000000e+00 0 
115.000 9.185587e+00 0.000000e+00 0 
115.000 2.634419e-04 0.000000e+00 1 
115.000 5.928536e-04 0.000000e+00 1 
115.000 6.755320e+00 0.000000e+00 0 
115.000 8.279296e-01 0.000000e+00 2 
115.000 5.601626e+00 0.000000e+00 0 
115.000 8.734398e+00 0.000000e+00 0 
115.000 9.459144e+00 0.000000e+00 0 
115.000 5.323657e-04 0.000000e+00 1 
115.000 1.401200e-03 0.000000e+00 1 
115.000 6.667324e+00 0.000000e+00 0 
115.000 9.419251e-01 0.000000e+00 2 
115.000 7.484795e+00 0.000000e+00 0 
115.000 5.982966e+00 0.000000e+00 0 
115.000 9.519649e+00 0.000000e+00 0 
115.000 1.038370e-03 0.000000e+00 1 
115.000 3.295182e-03 0.000000e+00 1 
115.000 6.649127e+00 0.000000e+00 0 
115.000 1.156595e+00 0.000000e+00 0 
115.000 1.605712e-01 0.000000e+00 1 
115.000 9.183964e+00 0.000000e+00 0 
115.000 7.779515e+00 0.000000e+00 0 
115.000 1.082735e+00 0.000000e+00 0 
115.000 1.126386e-05 0.000000e+00 1 
115.000 1.600773e-05 0.000000e+00 1 
115.000 7.837676e-02 0.000000e+00 1 
115.000 9.354121e+00 0.000000e+00 0 
115.000 5.910006e+00 0.000000e+00 0 
115.000 3.090572e-02 0.000000e+00 1 
115.000 9.327231e+00 0.000000e+00 0 
115.000 5.684760e+00 0.000000e+00 0 
115.000 8.026021e-02 0.000000e+00 1 
115.000 9.185587e+00 0.000000e+00 0 
115.000 5.379444e+00 0.000000e+00 0 
115.000 7.193636e-01 0.000000e+00 2 
115.000 5.166924e+00 0.000000e+00 0 
115.000 5.868243e+00 0.000000e+00 0 
115.000 9.519973e+00 0.000000e+00 0 
115.000 6.592754e-04 0.000000e+00 1 
116.000 1.076759e+01 0.000000e+00 0 
116.000 5.866649e+00 0.000000e+00 0 
116.000 9.842510e+00 0.000000e+00 0 
116.000 7.679457e-04 0.000000e+00 1 
117.000 3.069023e+00 0.000000e+00 0 
117.000 5.284670e+00 0.000000e+00 0 
117.000 5.873363e+00 0.000000e+00 0 
117.000 1.173036e-02 0.000000e+00 1 
117.000 7.585152e-02 0.000000e+00 1 
117.000 9.519716e+00 0.000000e+00 0 
117.000 5.127486e+00 0.000000e+00 0 
117.000 1.405623e-02 0.000000e+00 1 
118.000 1.446678e+01 0.000000e+00 0 
118.000 5.868151e+00 0.000000e+00 0 
118.000 9.354129e+00 0.000000e+00 0 
118.000 5.256254e-04 0.000000e+00 1 
119.000 2.842264e+00 0.000000e+00 0 
119.000 5.275884e+00 0.000000e+00 0 
119.000 5.997132e+00 0.000000e+00 0 
119.000 1.133374e-02 0.000000e+00 1 
120.000 4.621073e+00 0.000000e+00 0 
120.000 2.437712e+00 0.000000e+00 0 
120.000 5.232998e+00 0.000000e+00 0 
120.000 7.847920e-02 0.000000e+00 1 
121.000 5.375924e+00 0.000000e+00 0 
121.000 5.009654e+00 0.000000e+00 0 
121.000 4.139265e+00 0.000000e+00 0 
121.000 5.365391e+00 0.000000e+00 0 
121.000 6.361963e-05 0.000000e+00 1 
122.000 5.116253e+00 0.000000e+00 0 
122.000 4.932015e+00 0.000000e+00 0 
122.000 4.713039e+00 0.000000e+00 0 
122.000 5.574955e+00 0.000000e+00 0 
122.000 1.188144e-04 0.000000e+00 1 
123.000 4.992990e+00 0.000000e+00 0 
123.000 4.920289e+00 0.000000e+00 0 
123.000 5.110006e+00 0.000000e+00 0 
123.000 8.470971e+00 0.000000e+00 0 
123.000 2.346135e-04 0.000000e+00 1 
124.000 6.078243e+00 0.000000e+00 0 
124.000 4.889868e+00 0.000000e+00 0 
124.000 5.077701e+00 0.000000e+00 0 
124.000 9.185587e+00 0.000000e+00 0 
124.000 4.094890e-04 0.000000e+00 1 
125.000 5.481441e+00 4.043233e-02 0 
125.000 5.162098e+00 4.043233e-02 0 
125.000 4.949268e+00 4.043233e-02 0 
125.000 9.682458e+00 4.043233e-02 0 
125.000 1.069252e-03 4.043233e-02 1 
126.000 5.213323e+00 2.871104e-01 0 
126.000 5.411706e+00 2.871104e-01 0 
126.000 4.920189e+00 2.871104e-01 0 
126.000 9.119219e+00 2.871104e-01 0 
126.000 3.435741e-03 2.871104e-01 1 
127.000 5.309243e+00 5.868241e-01 0 
127.000 5.438316e+00 5.868241e-01 0 
127.000 5.342265e+00 5.868241e-01 0 
127.000 5.815897e+00 5.868241e-01 0 
127.000 1.611578e-02 5.868241e-01 1 
128.000 4.439604e+00 8.133019e-01 0 
128.000 5.250779e+00 8.133019e-01 0 
128.000 5.441565e+00 8.133019e-01 0 
128.000 5.782752e+00 8.133019e-01 0 
128.000 1.973281e-02 8.133019e-01 1 
129.000 3.497644e+00 9.381533e-01 0 
129.000 3.529196e+00 9.381533e-01 0 
129.000 3.606784e+00 9.381533e-01 0 
129.000 4.939328e+00 9.381533e-01 0 
129.000 9.519716e+00 9.381533e-01 0 
129.000 1.584709e-03 9.381533e-01 1 
130.000 3.992581e+00 9.875747e-01 0 
130.000 3.427117e+00 9.875747e-01 0 
130.000 3.651674e+00 9.875747e-01 0 
130.000 4.873803e+00 9.875747e-01 0 
130.000 6.384862e+00 9.875747e-01 0 
130.000 5.080420e-03 9.875747e-01 1 
131.000 3.927005e+00 9.992204e-01 0 
131.000 3.698945e+00 9.992204e-01 0 
131.000 3.413327e+00 9.992204e-01 0 
131.000 4.990404e+00 9.992204e-01 0 
131.000 5.737745e+00 9.992204e-01 0 
131.000 2.652871e-02 9.992204e-01 1 
132.000 3.514321e+00 1.000000e+00 0 
132.000 5.100980e+00 1.000000e+00 0 
132.000 3.842422e+00 1.000000e+00 0 
132.000 5.370229e+00 1.000000e+00 0 
132.000 7.217613e+00 1.000000e+00 0 
132.000 1.460093e-01 1.000000e+00 1 
